0.9399122307292123 0.09416297487222747 0.12281742678489616 
0.8334136464811349 0.22439875545210852 0.1655975149562089 
0.8339767592361979 0.22593168468999358 0.1517233962935859 
0.874175819041937 0.17246208444466005 0.09942063911346033 
0.940305962581807 0.09502137999781923 0.12081619976974212 
0.8334136464811349 0.22439875545210852 0.1655975149562089 
0.8404342091336645 0.20415289045654395 0.16296275667934046 
0.9367328490827787 0.0951173503625895 0.11636273424602495 
0.9362739771278639 0.09549242988299733 0.11719441744743053 
0.834985144703349 0.21601147630753048 0.158203939563215 
0.8353640504061522 0.21859442164759268 0.155184768593284 
0.85786545854564 0.19185670263386734 0.11276096215234832 
0.8357168293816386 0.21436988971106652 0.1543037030618275 
0.8353114547445427 0.22119067728330166 0.1530336308229835 
0.9171624999425092 0.10903573331192162 0.12434323337776754 
0.934554597818009 0.09575561139918709 0.11624795992909098 
0.9185676033060532 0.10825416355112982 0.12675707606865472 
0.846841632863075 0.19296238841897895 0.16267569708729157 
0.9209817644580642 0.10689726438444247 0.12348392024425303 
0.8412686895910324 0.2027802734547831 0.15387972064924815 
0.8557743586464113 0.1806633079587895 0.14106691600987054 
0.8402693808342523 0.2051889929424633 0.1549322730062236 
0.8645346545422741 0.1838809545105109 0.11168019307792709 
0.8826886099796305 0.1553178305996905 0.11210112062093514 
0.8427464825504243 0.200621844909054 0.16101991791217285 
0.8660032931408578 0.16676165654588393 0.13806029566104727 
0.9349101077063117 0.0956574173935566 0.12125980296054939 
0.8652327434794145 0.17733275612005706 0.11007292558225157 
0.8439517468426128 0.19833190504858345 0.15366516107392814 
0.9285299107298653 0.10218030967096847 0.11226696967169603 
0.8820203984753254 0.15703645048846016 0.11063331893052653 
0.8842562816526656 0.15001783321938222 0.12267303675411523 
0.9321976645950375 0.0987328320687999 0.11500043512698233 
0.8921549988430161 0.14933602796425738 0.10162785916001504 
0.9262568940961364 0.1033661514346117 0.11574806899070078 
0.8723084649339709 0.16348179744429003 0.11668791069953088 
0.8941450084404874 0.13776518797719495 0.12357947581157147 
0.8958639999454957 0.14325551080489318 0.10234398375490616 
0.8424513734502188 0.2004998282349575 0.16133447016152347 
0.8394826781982755 0.20637161928799996 0.14951373136405255 
0.9254873374228952 0.1040701896725339 0.11765453215462474 
0.9249638025976482 0.1049744337302232 0.11320285972074473 
0.8416897443060705 0.20217794731680938 0.15909973739934657 
0.9004053878559489 0.13012268559695483 0.12247307279427833 
0.9327318564415419 0.09629567843015396 0.12114544652035608 
0.8379285955732252 0.2089106556749475 0.15857980535650518 
0.9047870836277665 0.1229535612556859 0.12743800681269157 
0.8739417935815966 0.17279148699714397 0.10590827744307285 
0.87532903947373 0.1535588550900956 0.1449218168861368 
0.8652944402336753 0.16731707729430167 0.1492387694717392 
0.8814788410648398 0.14732467207950017 0.14555728724986783 
0.883890434640623 0.15831473915081407 0.10095603257145369 
0.9153014112141407 0.11161370908358359 0.1264999047341807 
0.9242222585300139 0.10410870485984813 0.11950703001456409 
0.9178396160779912 0.10995095111606845 0.12230897651813688 
0.9098033927259022 0.12455473990648724 0.11096391138260897 
0.9194438692843767 0.11021365205182887 0.11557148985051735 
0.8432302172797251 0.19909915613719575 0.15920338170957016 
0.9275652618143259 0.10277282949420241 0.11474310553133493 
0.8899963187974868 0.1371546790729088 0.1311128839161536 
0.8361878779927184 0.21355146312440487 0.1572285848764552 
0.8573728455245406 0.17753109288273128 0.1509321861009607 
0.9100401871989242 0.11552876434404336 0.13280858343675028 
0.8828431249475827 0.15963140656763364 0.10134737186338327 
0.8496834667678874 0.18874622744028302 0.14199870364036282 
0.9326565365499523 0.09835775254839207 0.11416875192557685 
0.861361522700006 0.17147492805263587 0.14477623548739194 
0.9035334765602874 0.12348046529712742 0.12308093283904165 
0.8348645867512117 0.21944988314735348 0.16043757287111504 
0.8342916838125353 0.22075637595018094 0.1606870778315368 
0.8585622017535484 0.18765820373985942 0.11823281249455864 
0.929309364007972 0.09919409487804798 0.1259546540334613 
0.9306024555064601 0.09758581258243626 0.12615148572446078 
0.9017005084447824 0.1331000130437242 0.10979919208418731 
0.8499326990756737 0.19096443256104811 0.13973508479353536 
0.8367059357837212 0.21161904102357065 0.15988935248328773 
0.8946125593240154 0.13597707694230943 0.11838061453755977 
0.8347086743998047 0.22388179704618927 0.1515556583263259 
0.8443572781771238 0.19696139740812846 0.15808018664985157 
0.8548176441874884 0.1802593265701119 0.1564872975802467 
0.9269658290484711 0.10353207308610946 0.11308163682599237 
0.9080212224322003 0.11728321498459626 0.12865615717820422 
0.9105390856599197 0.11984219972510524 0.11346476127076432 
0.8339767592361979 0.22506757744044636 0.15577785190043825 
0.876984828323684 0.1685462393849254 0.09999552986758853 
0.8491676853869459 0.18916417574488986 0.16194489597810846 
0.8375777214680755 0.21132264073104412 0.14997799337546358 
0.8832170899633545 0.15643737279554126 0.10765445783602723 
0.8806109187817499 0.1620810941758588 0.10075920088045409 
0.8358471602541125 0.21416912616044315 0.15760144726988412 
0.8353640504061522 0.21859442164759268 0.155184768593284 
0.8392176154717187 0.2081383334215473 0.14537417317247336 
0.8794246624538111 0.1656885268502324 0.10294151993742873 
0.9317582930428244 0.09681030074458263 0.12182234423705574 
0.9216891878400989 0.10969672631139682 0.11141690814408234 
0.8552206959910128 0.18457648432930318 0.12522243832064373 
0.9140069869915097 0.11398730809932589 0.1196474585013555 
0.8554578929284596 0.183602889903264 0.12827034298799822 
0.9027643749605501 0.12225419818930072 0.1319090888813499 
0.8387256052418595 0.2146543940544957 0.1422487147306405 
0.9201877031315304 0.1062536710567411 0.1272070873924962 
0.8975547983925004 0.1283041846019306 0.12982454127205023 
0.8350476661206048 0.21594355236928442 0.15696647544499454 
0.8615867166952595 0.17592863819565685 0.12935141468494615 
0.8623116537768085 0.17003852841396483 0.14589662880206333 
0.9330783279428538 0.10044983039057243 0.1122420191756539 
0.8544790189067132 0.18556684460782424 0.12798554849677213 
0.9230219820412453 0.10383464510565177 0.1214557858322487 
0.8437452931277987 0.19847294104391267 0.16074313408441243 
0.8518269106127613 0.19252381534739826 0.1288550587319396 
0.92131285359015 0.11002598280740372 0.1118552356740602 
0.9265755642801032 0.1025110244210099 0.11610561204542069 
0.8508756028364449 0.18646199939573116 0.15874214405828146 
0.8789534447843199 0.15200513694906892 0.13077154620305942 
0.8440103284282299 0.19814603809213716 0.16230479053689728 
0.9145090547946353 0.11258197550241056 0.11908410256957358 
0.8818599581707429 0.14792398131951157 0.13586693234062674 
0.8888392025031202 0.14425480051762796 0.1277900640215317 
0.8389958639368291 0.2075740553571399 0.15232209175215627 
0.8545326451747145 0.1822249166071268 0.15045462727633896 
0.9069183073684791 0.12246132634424445 0.11918438864310743 
0.9074816263398197 0.11944532743717229 0.12495158829790054 
0.8698251413227224 0.17808673572245182 0.10315527087545728 
0.9045915222200236 0.12022384069164904 0.14145511927696397 
0.8513564337206307 0.1876105031593268 0.13344565773894723 
0.8559370095137624 0.17847092356263639 0.15253418409067854 
0.8455304920321258 0.194935358842232 0.15275091900140936 
0.8665934571970456 0.1719686442762296 0.12168267114291487 
0.8735066557809031 0.1740357471028785 0.10208341149662736 
0.8534002793394484 0.18184693139180796 0.15051635048366407 
0.9072017246485284 0.1188985957504376 0.13141617808611206 
0.9222748559565525 0.1061530893383783 0.11962629632839983 
0.8973294605658073 0.1298375476796837 0.1269414431903022 
0.879732183917636 0.16601302715796562 0.10061056484567832 
0.8511182815630904 0.1868590040506264 0.15545914695123053 
0.9233677012864769 0.10779357423196556 0.11227075627235039 
0.8974176993548842 0.1268919018378285 0.13776538464665122 
0.8762212394005136 0.16922974165188442 0.10191446804761639 
0.876115277362325 0.16472292892682816 0.10867191442440416 
0.9055959669539375 0.12509337476658944 0.11494287880738474 
0.8991172499991581 0.1397211450556346 0.1015130071662459 
0.9130679019439153 0.11296008344710795 0.13327601267665634 
0.8822094012379694 0.16144088707886195 0.10463860029883676 
0.9165144055936981 0.11441369577913241 0.11096507068414219 
0.9220045621171444 0.10758445210132928 0.11834023672717464 
0.8371875699703978 0.21202334482769836 0.14776045630347412 
0.9030152902853328 0.1312743611572541 0.11135352256577702 
0.8348020653339558 0.21951780708559943 0.1616750369893355 
0.8784370095837781 0.159410513564057 0.10947549362884812 
0.8342571809864235 0.22541900567370243 0.1518490574588659 
0.8415280036887316 0.2045713477016684 0.14202417233782283 
0.8896783212773942 0.14062515562942135 0.1315407462510595 
0.8939506199909582 0.1453323666338422 0.10483645316304835 
0.9308337951734852 0.09976192682890639 0.1126634053310327 
0.8681855264654565 0.1665770200733494 0.13705096402839057 
0.8854694940148886 0.15767936617320577 0.10002038896987231 
0.9214515682162614 0.11282095276983983 0.11023276414739569 
0.8916266704957615 0.13397425087840475 0.14136966419544006 
0.9301420041221445 0.09774115195421273 0.12188148615359995 
0.9094980504326617 0.11599824261405978 0.13121598347330787 
0.8849312173616903 0.1510674153361128 0.10911908986243068 
0.9297713407315404 0.09937699769115471 0.11891111946365851 
0.8905856649266333 0.13809814371596407 0.12953870742116969 
0.8429911689041069 0.2020850984191822 0.14171778229242304 
0.8465384173999364 0.1948441445198119 0.14024295644828377 
0.9010041593314335 0.12422352240249679 0.13546079771224717 
0.8714344053858847 0.16063664202475136 0.1270181151908003 
0.9082624950002018 0.12312305679625879 0.11535215875166072 
0.8775057362140736 0.15049654558046566 0.13744061133551966 
0.9033458700939633 0.12529156558060617 0.1256296438089235 
0.8764938015471139 0.1609821303265534 0.11977484973786545 
0.8473866390552529 0.1933523215352021 0.1392048011040401 
0.8539751713079478 0.18313060638560796 0.13613153181165327 
0.9075196128766108 0.126653376776657 0.11035916735794171 
0.8395912567674431 0.20808784154626325 0.14574277105593936 
0.9399122307292123 0.09416297487222747 0.12281742678489616 
0.9059036216167953 0.12502137575111194 0.12068689968819846 
0.8952918849622691 0.12944527639572334 0.13503453933925935 
0.8785160150420079 0.15471392824774455 0.12904682557552438 
0.8747146016083358 0.16251882723234867 0.11453413690519365 
0.8859472277391333 0.14870616898244549 0.11937932217186453 
0.8523479975714829 0.1829901415902 0.1510928383696808 
0.8505553961784722 0.18779895397722013 0.1438111567251632 
0.8381781037164141 0.21068780975223866 0.14326122604490188 
0.8865786198513333 0.15162452231486345 0.10504081122455022 
0.8868219032008997 0.14678107690154496 0.11872545507662124 
0.9061477564587852 0.1183675933368471 0.1323252601218603 
0.9121051322295979 0.11461755125932971 0.12504888806487757 
0.8968261900683255 0.12899111281993592 0.13215697869405552 
0.8465384173999364 0.19398003727026458 0.14429741205513635 
0.8448207041291791 0.19718418081320277 0.15748747491483905 
0.8449599134394894 0.19605969641762788 0.15976767931901026 
0.8351137919414585 0.22456981302431145 0.14760517830795894 
0.8434156458114581 0.19904818225083576 0.15835714552900604 
0.8968991855633905 0.13430519342222325 0.1176582439909527 
0.9158021462931234 0.11097369320679906 0.12162931183952963 
0.8457936723647572 0.19647676338588527 0.14269146226602614 
0.8956398690658154 0.12848734823439867 0.13981985930287677 
0.8387148117439122 0.20915060597362034 0.14354076400981852 
0.8500963586628335 0.18821241562553237 0.14857406200376688 
0.8731168475924815 0.16173645423227523 0.1210377190955948 
0.9124859553128155 0.11359174500898239 0.13135313783429037 
0.8413359819961888 0.20320063323953963 0.15219792579148939 
0.8548725858578408 0.18258705444997658 0.1385422928270994 
0.837526683605735 0.2100941503371866 0.15564183525408692 
0.8639437496929265 0.17053438454336833 0.13045999024887234 
0.885587801255402 0.15299461587294738 0.10378387522603172 
0.8482271918632945 0.19154614962271677 0.14722992868274476 
0.9228783037354036 0.10906493997626132 0.11173833048003956 
0.8441590610958474 0.20026933988581386 0.14010996150020727 
0.8756215492646879 0.1633029944990534 0.11073406141769071 
0.8962222252975642 0.13451258477399475 0.11735950720883859 
0.8461913490970624 0.19545947036459999 0.13861516493612935 
0.8417199701605351 0.20174193665254603 0.14891697429565753 
0.8885787725500158 0.13858913848028998 0.13883465074375612 
0.8777568722300481 0.15330853520223808 0.13473918265243956 
0.8875117569765154 0.1538533471821234 0.10256492897522285 
0.9183731446312325 0.11099131047235622 0.12003755694934659 
0.9014856960440202 0.12599023138980847 0.12833423725397464 
0.8477526698971707 0.19308501743866668 0.14187273629383756 
0.8514979145121938 0.1861596175521385 0.13936813858058372 
0.882317958108258 0.15763379797035149 0.10564889109119102 
0.914892894322202 0.1102693042693309 0.13488511779703716 
0.9118657740162722 0.12151714914477652 0.10926151947133222 
0.8385044137576079 0.2150029034784624 0.14214537291152263 
0.8862243088601786 0.14945913304050118 0.10696754397447317 
0.8365310516455171 0.2129706097681472 0.15611676673520503 
0.8528221774480045 0.18675748434500217 0.13582187721390548 
0.8671122417162846 0.16519927697524817 0.1431999925510865 
0.9160865970176499 0.1132354105313308 0.11694273580565451 
0.9295407036749971 0.10137020912451777 0.11246657364003343 
0.88794951853955 0.15069107941064686 0.10521876577216804 
0.9112339686850474 0.11517994501085338 0.12324238060091941 
0.8357521222416284 0.2231562347655205 0.1484856197555291 
0.8395106402881737 0.20668140246151778 0.14631499139863213 
0.8667458336690678 0.17116588127879495 0.11703237840218739 
0.852281505414887 0.1843345372774181 0.1433043160095001 
0.8641860078773871 0.1679593102961744 0.1367960773882696 
0.8673695232599964 0.1682998291747484 0.11914520330998402 
0.8689357031394784 0.17064543636638463 0.11546334185450224 
0.8605597113913936 0.17350442875472072 0.14830300021384435 
0.8676760731708617 0.1746836513944564 0.11399574760689324 
0.8434336248440144 0.1997819149435781 0.142580759774681 
0.9154633618131327 0.11432026483755531 0.11653192238557375 
0.8460007380037422 0.20023287476587037 0.13888167759655345 
0.8771101469345405 0.16300715600506577 0.11263274873333418 
0.8947338844260795 0.13075399416423505 0.13278363638127066 
0.8763023866656234 0.16908419749809211 0.1001923615585879 
0.8782708126179606 0.166945678432194 0.10102103598562018 
0.8383999809248941 0.20952348203080073 0.14690974926874356 
0.8427119441940515 0.20108298526262192 0.16062606894058162 
0.8380116772367697 0.209127027593497 0.15602458020457188 
0.8506869674451285 0.1870686978582281 0.14728217427767354 
0.9040574664590383 0.12064591589368912 0.13210592057234916 
0.9062663829281827 0.12774233924224065 0.11135352256577702 
0.9174508658980263 0.11216101908383558 0.11653192238557375 
0.8599422725565761 0.17879542793885195 0.13157968875375192 
0.8890482427525122 0.14342803917398406 0.11794243292730122 
0.9271311127432023 0.10069646316419267 0.12176496038003637 
0.9008504342300424 0.13101404696329222 0.12014309586731875 
0.897921909463437 0.14296243518647023 0.1032883000129251 
0.8364119011851908 0.21334145749647837 0.15653939322065602 
0.8998178782603977 0.13542369395219145 0.11044498209250819 
0.8565246673512026 0.17769471016399807 0.1478565912590184 
0.9294565369835642 0.10005917941162457 0.11860324630787 
0.8431020154908264 0.19962949096531146 0.149684666120795 
0.8383107492234907 0.20860151625380208 0.15502659721393264 
0.8984133107302634 0.1322396079673085 0.11881289750223767 
0.8438459900240857 0.19870354495595222 0.14392560081031547 
0.839544874656324 0.20577013645522313 0.1516525421990258 
0.8411215545862905 0.20358698911965556 0.14363709183819207 
0.9198960448261632 0.11053902432119023 0.11351909726385767 
0.8711655906312716 0.17217734772661908 0.10818500085046434 
0.8928330185524633 0.14654840149742154 0.10415643683970666 
0.9025767280586738 0.1321440500635661 0.1112355397736805 
0.8887290186227127 0.1399312110110026 0.1351913835062062 
0.904854664960297 0.12083998288200604 0.12807397282400867 
0.8360203992810257 0.21510438395234077 0.14787867907629026 
0.8751657486188792 0.15433607252119164 0.1364605848946383 
0.8339081127990826 0.22239124280504796 0.15794401373858558 
0.8901704602770323 0.15149205194642845 0.10038114181732538 
0.8696866637830976 0.17868180582051985 0.1044022160089928 
0.8870185837440802 0.14420793756325678 0.13014736672583982 
0.8918300110743546 0.14372387947822063 0.11101136377634524 
0.8858849009301069 0.15156208469974908 0.10537432216136022 
0.8861195373908201 0.14233619694927846 0.14834223374672162 
0.8352070219118288 0.21571125583564 0.15779800718020454 
0.8947504471448638 0.1338567100426391 0.1289292836670921 
0.9278423580791612 0.09957628690490206 0.12596467688229884 
0.8417583891847584 0.20169532013877 0.16159478700356344 
0.854711849919876 0.18086951115806904 0.14811598548661975 
0.9065902026984108 0.12104714396661864 0.12216327160897111 
0.9087430274015645 0.11895426290881872 0.11742312606101923 
0.8690482569741393 0.16528424083498672 0.1258765790086187 
0.9224695030595188 0.10299811444448814 0.13043768740218975 
0.8799397797274673 0.15478072077902616 0.12116861844327464 
0.8820828983525022 0.15266695982906509 0.11727137622276307 
0.8809549914993697 0.15191398083991425 0.12032545748709922 
0.9195498459018164 0.10813650795873064 0.11903165055190312 
0.9103478792909284 0.11634342139092824 0.12854015228735793 
0.8926432116309074 0.14178770758628445 0.1180245312725261 
0.8636712326040609 0.16946766168883942 0.14028329172704856 
0.8846031155926078 0.15430402242638752 0.10688091150491852 
0.8699951632328066 0.17375038646507335 0.10829591377464143 
0.8340855891900961 0.22311911625083536 0.15624912385959167 
0.8874573073208238 0.15141827541547448 0.10484291506869758 
0.883000967388602 0.1628149126831453 0.0997446223708286 
0.8661011262772478 0.16806849148800007 0.13657336430099687 
0.9281549884918281 0.10035592364956891 0.11988514324082966 
0.8704187862887658 0.1591994742354812 0.14250076942270729 
0.8976650587898347 0.13913673497855494 0.1079346862589361 
0.8962821493696742 0.13346064585141137 0.12491087803592382 
0.9336936914571404 0.0957187886470755 0.12166844730277859 
0.8440324714682872 0.1979541160700965 0.1602025389329096 
0.9039385211364781 0.12142865494436828 0.13272442727785727 
0.8607623602290183 0.17555047797226841 0.13362126533307506 
0.9238265843995747 0.10536873225549859 0.12051312280671278 
0.8727274968843729 0.15902835972913976 0.12721494688179957 
0.8595343059504462 0.17529849462645364 0.13423465239017152 
0.8884556397660335 0.15100818862913368 0.10211104287624895 
0.9004476236849305 0.1232325220834336 0.1395484732188127 
0.923833813766726 0.10634763943326175 0.1167660850403951 
0.9197865521818457 0.10684901723952833 0.124679920516794 
0.8404342091336645 0.20415289045654395 0.16296275667934046 
0.931279511708421 0.09748947365808258 0.12680920912192828 
0.8914499992637338 0.13941291611011275 0.11962494055812445 
0.8922070926415699 0.1367756931514832 0.1247972470510258 
0.8888872043735885 0.14754249488934246 0.10757897920513315 
0.8877410691893731 0.13960575525201768 0.1387212949744181 
0.8956283398372697 0.13540881946443994 0.12142721539439727 
0.8423481126702123 0.20111218637952333 0.16174049292745718 
0.8865982135749532 0.14473195407589423 0.1226891544657055 
0.8794598118078478 0.161961558825506 0.10350580886627792 
0.883558217208138 0.14506561553620578 0.13981437986362977 
0.8560867154498069 0.1859836803469418 0.1245480144301403 
0.8734443428462844 0.1556295832153357 0.14456937740231968 
0.8694603760960289 0.16648195478896644 0.12364548724975166 
0.9134829320362741 0.11188454134608017 0.13004001951602784 
0.8812359569320427 0.15061389966831318 0.13406601220187608 
0.8914511504081358 0.1459749008763226 0.11448738929840119 
0.8572306042812611 0.18120200807876952 0.13165954605144192 
0.854248597335084 0.18480025432130798 0.13440800183126833 
0.8810219117786245 0.15875737272495205 0.1057829874421149 
0.92686189699334 0.10110009869563319 0.12374276715668242 
0.8493608779430333 0.1893480629751817 0.14669396127068202 
0.8964809883801091 0.1275419172205755 0.13913248171629056 
0.8589955989257785 0.18122201811243277 0.12736821414931787 
0.8923988680726698 0.13620215808350944 0.1342254013488412 
0.9091863016956332 0.12113973027039215 0.11585999156465221 
0.8519456098814249 0.18844661173291277 0.12283134911660254 
0.898047905318396 0.1336709656881041 0.12287103043247338 
0.8849268801280692 0.14400805979610087 0.1505364218550046 
0.8952315423420004 0.134889464670218 0.12395051866281248 
0.8778240569475426 0.15271348020799747 0.13354626578539974 
0.8930145499714222 0.13283991723915345 0.1338305554320497 
0.863149156820678 0.17646390337653872 0.12548194483196318 
0.8500104421159402 0.1878783752071843 0.14899428519578006 
0.9317210634964102 0.09710577897660455 0.1208314454824555 
0.905169857550005 0.12399911132040375 0.12070993518918516 
0.881775747862657 0.14842032081611112 0.12661720995830217 
0.8358891581372179 0.22302050198743284 0.14812723366397007 
0.8398735903305417 0.2055472151584561 0.15562609593230525 
0.8909167379650408 0.14134885008365994 0.1208414423322497 
0.8804260698703236 0.15864803642165015 0.10892287816117974 
0.8593907898329145 0.1863902798942395 0.11612042753020513 
0.8482102383347006 0.19830465137443265 0.12626421940914978 
0.8356367337106188 0.22192485428143627 0.1528771994497562 
0.8531258323916627 0.1863088950462195 0.13049333905399962 
0.8648629500862701 0.1733259024782846 0.12206871548726905 
0.902694065830207 0.12192253213694815 0.1352351150742268 
0.8619574715474636 0.17931334565118162 0.12707805419605456 
0.8719755934189446 0.16766183807663093 0.11113276898074775 
0.8883994231792289 0.15032574207768534 0.10438708257076235 
0.8956835205114859 0.14512911437998333 0.10773929825180073 
0.841818455204147 0.20739863759082733 0.13320038141179713 
0.878809979436422 0.15603548114597576 0.11836697135509866 
0.8507994511526232 0.1901074648399933 0.13122438892019883 
0.8499658477126018 0.1883542041215881 0.14857633758319688 
0.9108849666462873 0.11585571281119778 0.12574901374246028 
0.9022107666966783 0.12571992414588762 0.12345483091863219 
0.8846967779457978 0.15627206264701232 0.10267483227761764 
0.8996443405861492 0.13698642200733124 0.10793410594560715 
0.9245458520537974 0.10522504586025716 0.1169793071895121 
0.861074961639486 0.17678548099251046 0.13356153977849416 
0.929309364007972 0.09878604423242832 0.12845002802577765 
0.881646880927921 0.1578967224438994 0.10745938461549509 
0.8355209941618617 0.22266864960106258 0.14994959968951516 
0.8633464893256118 0.1709500637782978 0.13840911825799385 
0.9157126887500555 0.11053081381004914 0.12453957393461457 
0.87630895624676 0.16576315764615968 0.10604250632924517 
0.8431352240612324 0.1995608612671269 0.15823148436372614 
0.9138962918965046 0.1150364811332778 0.1210012893557425 
0.8938492117699882 0.1324797941252156 0.13824071195116772 
0.8346197947067077 0.22090517546697142 0.1578073261242764 
0.8682712904510959 0.16482230600708236 0.13298405048138773 
0.8602017560666859 0.17510143520318844 0.1345333891722854 
0.8893089489076202 0.1411664836083264 0.12967117273395146 
0.9106268536449682 0.11708224697240477 0.12572438641264816 
0.9251442126286554 0.10285505275805007 0.12176496038003637 
0.8491163027021422 0.19161170393525717 0.1406297466607791 
0.8678687148578639 0.1767529319207517 0.10849015827232822 
0.8992309217293356 0.1354876612146334 0.11318837308022844 
0.894072260558865 0.1316908091130572 0.13325545044399012 
0.8671241122049452 0.1648579049150105 0.14161099464767934 
0.8423964638931866 0.20137899614833377 0.15800176638295604 
0.8367932551665168 0.21214526350632035 0.15956192813469916 
0.8343282359131203 0.22098669887156952 0.16015801324346057 
0.8625255498516453 0.1793511199736243 0.11590939144343348 
0.8799911637712668 0.15978237924493777 0.10861645221443872 
0.9126533305769537 0.11765971991108815 0.11856423764886848 
0.9002861956299133 0.13507232878379594 0.11390619389655887 
0.8716243857044262 0.15886753207830184 0.1372850788216401 
0.836817144930049 0.21201371476659647 0.15195044503226207 
0.8452791608130643 0.1960223221571934 0.15027551980430232 
0.8441442103965278 0.19754712131741514 0.14840268282754077 
0.8409144929527976 0.20441636738600366 0.15505146912350298 
0.883000967388602 0.1628149126831453 0.0997446223708286 
0.8900870330603798 0.1495724056320994 0.1063442155449631 
0.840946387724597 0.20545582430353082 0.14471603844472947 
0.9181675370529789 0.10767181645238344 0.1307269102064298 
0.8687014927605241 0.1610651603424582 0.14421176212850506 
0.9235656794603695 0.10304337007259712 0.1238458474211317 
0.8929056903709983 0.14646945005436318 0.1029134443726255 
0.889622900518913 0.1356041218945867 0.1436745878721548 
0.8487930728036562 0.19411189006321405 0.13270343199633694 
0.8470217734567076 0.1920927449992217 0.14707202033381106 
0.8563981181121817 0.17856711252580992 0.133650605022951 
0.8571225561134609 0.19038980327868327 0.11694745444487509 
0.9083886027543103 0.12201048656351243 0.11466278436291533 
0.8707903046832722 0.17473531464618342 0.1067408469042842 
0.8353280878708305 0.21543087335299327 0.15709213661027455 
0.859479545235662 0.17977719526941527 0.124236591251909 
0.8367932551665168 0.21214526350632035 0.15956192813469916 
0.866968851311297 0.16224041075100493 0.14436653378730813 
0.8402067934714412 0.20525698852466778 0.1549322730062236 
0.8561656773563289 0.18097877215436498 0.13873912451809867 
0.8339901788002669 0.2218923638837197 0.1616939746062861 
0.9184934606833575 0.10932140678468716 0.12042863321894226 
0.8895477914376273 0.14225997224080422 0.1293948757080925 
0.8589383774525051 0.1781185344333247 0.14612523673198963 
0.8715873820241731 0.17426942556879976 0.10625826810054129 
0.9241383251869708 0.10163214367392737 0.1299959413229581 
0.8881628605822746 0.14169783309419814 0.13679456222449493 
0.860367852020937 0.17973085773773412 0.12952919032081323 
0.8440215631019669 0.19796541945732904 0.16210147167533873 
0.8457936723647572 0.19561265613633794 0.1467459178728785 
0.8668423226516297 0.16777360979405131 0.13034428610700233 
0.9052987323017844 0.12217319728276788 0.12413649659939596 
0.8931231025728428 0.14211559718260902 0.11120819546734428 
0.9080738641405307 0.12052792556703695 0.12008589844418605 
0.8485440818806868 0.1905915837206018 0.15065766678690096 
0.8396826115749174 0.2126859680341623 0.1428643486606369 
0.863263186077573 0.17209656303917564 0.12536359086303372 
0.9002193854985696 0.12595363208249233 0.13094655707861536 
0.8795301833185818 0.16188510646151333 0.10267483227761764 
0.8701186744591833 0.16191685442741477 0.13081605225656523 
0.9084898850683292 0.1179627738379514 0.12641253629390947 
0.8649248346481815 0.16985678932596948 0.13158184843767473 
0.8451390815225738 0.1970952626603406 0.14412243250131473 
0.8692599497915219 0.16017555270745576 0.14399448664819137 
0.9133935318371843 0.11379383007634214 0.12280543561585389 
0.8446799615712284 0.1974359721986605 0.15558662263584977 
0.9137705043550343 0.11677503541276057 0.10885396646939893 
0.8740953499111593 0.1558230053758164 0.13629779037610057 
0.8509034765773378 0.1877436047125315 0.1466557180736504 
0.8936976468252642 0.13268443914906924 0.13762718645131722 
0.9089330313446324 0.12713138748484398 0.10965673339770243 
0.910733172188341 0.11629843244475757 0.12545802595279643 
0.9336936914571404 0.0957187886470755 0.12166844730277859 
0.8620533978271236 0.1725583460739093 0.13821228656699447 
0.8823278276149699 0.14813577231204778 0.13441148673816694 
0.8837620433302017 0.14626238811724168 0.12661720995830217 
0.8474549267445342 0.19327813305718444 0.1392048227667778 
0.891047060284498 0.13514903500271735 0.1345924639571875 
0.9053641821702264 0.12118252873164592 0.12513986714783143 
0.837526683605735 0.21095825758673392 0.15158737964723445 
0.8388963867294987 0.20691286804947118 0.1605017535065364 
0.8396826115749174 0.2126859680341623 0.1428643486606369 
0.8382468847291094 0.2097489780728259 0.14731522099229633 
0.907522587257529 0.11816495938018556 0.1309734452797685 
0.8745751774166003 0.1686137934386558 0.10399080153684392 
0.9011583624843051 0.13412479735923455 0.113648681044338 
0.9126589124073823 0.11213733694985373 0.13566426666648101 
0.8744760276747913 0.16963772468995897 0.10724083936017204 
0.9163139257678261 0.11036911303885877 0.12426530126813073 
0.8533993985884762 0.18271199549865735 0.14646220292313528 
0.8762494302791757 0.15418671346453683 0.13260854362883723 
0.8933123748919413 0.14021404492806633 0.11536175888935885 
0.8812328318373044 0.15859309210476047 0.10972299675535968 
0.8863877481130508 0.14821015218879863 0.1242839985754034 
0.9033112781773373 0.12964297119712354 0.1181432608150027 
0.8419519113356064 0.20297702609426294 0.1443545563787516 
0.8709194279444531 0.1641237545051194 0.12046282834146671 
0.8758396065565596 0.16496433031994573 0.10659164871669413 
0.8856391680036887 0.15107119643664457 0.10757897920513315 
0.8997124184452832 0.13485184469573597 0.11436279579604647 
0.8745171413040608 0.15791508321799697 0.13437105762617751 
0.8624407199771024 0.1814055979944682 0.11221078265300566 
0.8965529360099596 0.13186658472013602 0.12399462945463147 
0.90427601631346 0.12169206887314854 0.1309734452797685 
