7 1 0 2 0 7 1 2 1 0 1420 1801 2861 3242 3 1 3 0 2 11 3 0 1 1 507 2130 3324 428 
0 0 3 0 0 15 4 0 0 1 979 4630 4416 449 7 0 0 2 0 0 0 4 1 0 1403 4945 52 4142 
0 1 3 0 1 15 4 0 0 1 979 4630 3997 449 7 0 0 2 0 0 0 4 1 1 507 4980 52 4290 
2 1 0 2 1 9 1 0 0 0 1492 4751 1120 79 5 0 0 0 0 11 4 0 1 1 514 3358 3415 4146 
6 1 0 2 0 7 1 2 1 0 1492 1801 2247 3242 2 1 3 0 2 11 3 0 1 1 507 1298 3324 428 
0 0 3 0 0 15 4 0 0 1 979 4630 4416 449 7 0 0 2 0 0 0 4 1 0 1403 4945 52 4142 
0 0 2 0 0 14 0 0 0 0 591 4116 4894 1078 4 0 0 2 0 15 0 3 1 0 507 4898 52 4479 
1 1 0 2 0 7 1 2 1 0 1492 1801 2247 3242 2 1 3 0 2 11 3 0 1 1 507 1298 3324 428 
1 1 0 2 0 7 1 2 1 0 1492 1801 2247 3242 2 1 3 0 1 11 3 0 1 1 507 1298 3324 428 
0 0 3 0 0 15 4 0 0 0 979 4630 4416 690 7 0 0 2 0 0 0 4 1 0 664 4945 52 4290 
2 0 2 0 0 15 0 0 0 1 979 4630 3997 449 7 0 0 2 0 0 0 4 1 1 507 4611 200 4451 
1 1 0 2 1 9 1 0 0 0 1492 4751 1120 79 5 0 0 0 2 0 5 4 1 1 507 4980 52 4290 
2 0 3 0 0 15 4 0 0 0 979 4630 4416 690 7 0 0 2 0 0 0 4 1 0 500 4945 52 4142 
0 1 3 0 0 15 4 0 0 1 979 4630 3997 449 4 0 0 2 0 0 0 4 1 1 507 4927 2669 4420 
2 1 0 2 0 7 1 0 1 0 1420 1801 1107 3218 5 0 3 0 1 11 0 1 1 1 507 3366 1302 1164 
1 1 0 2 0 7 1 0 1 0 1492 1801 2861 3242 2 1 3 0 2 11 3 0 1 1 507 2130 3324 428 
2 0 0 0 0 7 1 0 1 0 1492 1801 2744 3242 3 0 0 0 2 11 1 0 1 1 507 2130 3324 428 
0 0 3 0 0 15 0 0 0 0 873 4098 4894 3193 4 0 0 0 1 15 0 3 1 0 664 4945 52 4290 
2 0 0 2 0 7 1 0 1 0 1446 1801 1743 3193 5 0 3 0 2 11 3 1 1 1 507 4370 928 864 
2 0 3 0 0 11 4 0 0 0 863 4098 4894 1078 4 0 0 0 0 15 0 3 1 0 507 4898 52 4142 
2 1 0 0 0 15 0 0 0 0 591 4098 4894 3193 4 0 0 0 2 8 0 3 1 1 507 3358 3415 4928 
2 0 1 0 0 10 0 0 0 0 591 4098 4894 449 7 0 0 2 0 0 0 3 1 0 507 4898 52 4142 
1 1 0 2 2 9 1 0 0 0 971 4751 1120 79 5 0 0 0 2 12 4 4 1 1 507 4755 827 4146 
1 1 0 2 1 7 1 0 0 0 1492 4751 2861 3133 3 1 0 0 2 11 0 4 1 1 507 4980 52 4290 
0 0 2 0 0 15 0 0 0 0 591 4098 4894 1078 4 0 0 0 1 15 0 3 1 0 507 4945 4244 4290 
2 1 0 0 0 7 4 0 0 0 910 3070 349 3188 4 0 0 0 1 7 0 3 1 0 507 4877 2949 4146 
1 0 0 2 0 7 1 2 1 0 1420 1801 2861 3242 3 1 3 0 2 11 3 0 1 1 507 2130 3324 428 
1 1 0 2 0 9 1 3 0 0 1492 4751 642 477 4 0 0 0 1 8 4 2 1 1 507 4980 52 4290 
2 0 1 0 0 10 0 0 0 0 591 4098 4894 449 7 0 0 2 0 8 0 3 1 0 664 4945 52 4290 
2 1 0 2 0 7 1 0 0 0 1492 1801 2861 3242 5 1 3 0 2 11 3 0 1 1 507 2130 3324 428 
1 0 0 2 0 7 1 0 0 0 1492 4751 1120 79 5 0 0 0 2 15 4 0 1 1 507 2130 3324 428 
1 0 0 0 0 7 1 0 0 0 591 4837 349 2642 4 0 0 0 2 11 4 0 1 1 514 3358 4787 428 
1 1 0 2 0 7 1 0 0 0 1492 1801 2247 3242 2 1 3 0 1 11 3 0 1 1 507 2130 3324 428 
1 1 0 2 1 7 1 0 0 0 1492 4751 1331 79 5 0 0 0 2 11 4 0 1 1 507 1799 1302 381 
1 1 0 2 0 7 1 0 0 0 1420 1801 2861 3242 5 0 3 0 2 11 3 0 1 1 507 1747 1254 1966 
2 1 0 0 0 7 1 0 0 0 1492 4751 1331 79 4 0 0 0 1 8 0 0 1 1 507 3366 749 4142 
1 0 0 0 0 7 1 0 1 0 1420 2276 3975 3242 4 0 0 0 2 11 3 0 1 1 507 3426 3324 4586 
1 1 0 2 1 7 1 0 0 0 1492 4751 2861 3242 3 1 0 0 2 11 4 0 1 1 540 4755 827 3876 
3 0 2 0 0 15 0 0 0 0 591 4098 4894 1078 4 0 0 0 1 15 0 3 1 0 507 4898 52 4142 
2 0 2 0 0 11 4 0 0 0 952 3238 1128 449 7 0 0 2 0 15 0 3 1 0 507 4898 52 4142 
1 1 0 0 0 7 1 0 1 0 1492 1801 2861 3242 3 1 3 0 2 11 3 0 1 1 507 3366 861 1102 
2 1 0 2 0 7 1 0 0 0 1492 1801 2861 3242 5 0 3 0 2 11 3 0 1 1 507 1747 1254 1966 
0 0 2 0 0 15 0 0 0 0 591 4098 4894 1078 4 0 0 0 1 15 0 3 1 1 507 4898 52 4479 
2 1 0 0 0 7 1 0 0 0 1492 1801 2861 3218 5 0 0 0 2 12 3 3 1 0 507 4611 52 4142 
1 0 0 2 0 7 1 0 1 0 1420 1801 2861 3242 3 1 3 0 2 11 3 0 1 1 507 2130 3009 241 
0 0 3 0 0 15 0 0 0 0 873 3238 1128 449 7 0 0 2 0 15 0 3 1 0 507 4898 52 4142 
2 1 0 2 0 7 1 0 0 0 1404 1413 1331 3197 6 0 3 0 2 11 0 3 1 0 507 4898 52 4479 
2 0 0 2 1 9 4 0 0 0 1492 4751 1331 79 3 1 0 0 2 9 4 0 1 1 514 3358 3415 4146 
2 0 0 0 0 7 0 0 1 0 910 2678 1581 3193 4 0 1 0 1 8 0 3 1 0 518 4945 4027 288 
2 0 0 0 0 7 0 0 1 0 910 2678 1581 3193 4 0 1 0 1 0 0 3 1 0 664 4945 52 4872 
2 0 0 0 0 7 1 0 1 0 838 2276 3799 3242 4 1 3 0 1 8 0 3 1 0 500 4755 2949 4635 
1 1 0 2 1 7 1 0 0 0 1492 4751 2861 79 5 0 0 0 2 11 4 0 1 1 507 3358 52 4290 
1 0 0 2 0 7 1 0 0 0 1492 1801 2247 3242 3 1 3 0 2 11 0 1 1 0 507 4611 200 4420 
2 1 0 2 0 7 1 0 0 0 1420 1801 2861 3242 5 1 3 0 2 11 0 0 1 1 507 2130 3324 428 
1 1 0 2 0 7 1 2 1 0 1492 1277 2861 3242 5 0 3 0 2 11 0 1 1 1 507 4980 4770 4290 
1 1 0 2 1 7 1 0 0 0 1492 1801 2861 3218 5 0 0 0 2 12 3 0 1 1 507 4980 200 4418 
1 1 0 2 0 7 1 0 0 0 1482 1465 1409 3193 4 0 0 0 1 11 3 0 1 1 507 2130 3009 428 
2 0 2 0 0 15 0 0 0 0 873 4098 4894 415 4 0 0 2 1 8 0 3 1 0 664 4945 52 4418 
1 1 0 2 0 7 1 0 1 0 1492 1801 2861 3242 3 1 3 0 2 11 3 0 1 1 507 1014 749 4142 
2 1 0 2 0 7 0 0 0 0 1492 1801 4367 3193 4 0 0 0 1 8 0 3 1 0 664 4945 52 4142 
0 0 3 0 0 15 0 0 0 0 591 4630 3997 449 5 0 0 2 0 0 0 4 1 1 664 4980 52 4290 
2 0 0 0 0 15 0 0 0 0 591 4098 4603 3193 4 0 0 0 1 8 0 3 1 0 664 1262 2323 4142 
2 1 0 0 0 7 1 0 1 0 1420 1801 2861 3242 5 0 3 0 2 11 0 1 1 0 664 4945 52 4290 
2 1 0 2 0 9 1 0 0 0 1492 4751 1331 79 5 0 0 0 2 11 4 0 1 1 514 3358 3324 428 
2 0 0 0 0 10 0 0 0 0 952 3238 1128 1081 7 0 0 0 1 8 0 3 1 0 500 4755 2949 4146 
1 1 0 2 0 7 1 0 0 0 1492 1801 2247 3242 2 1 3 0 2 11 3 0 1 1 507 2130 3324 428 
2 0 0 0 0 10 0 0 0 0 910 2269 349 3188 4 0 1 0 2 8 0 1 1 0 664 4980 52 4290 
1 1 0 2 0 7 1 0 0 0 1492 1801 2247 3242 3 0 0 0 1 8 0 3 1 1 507 2053 1302 4418 
0 0 3 0 0 15 4 0 0 1 979 4630 3997 449 4 0 0 2 0 0 0 3 1 0 507 4945 52 4142 
0 0 3 0 0 15 4 0 0 1 979 4630 3997 449 6 0 0 2 0 0 0 3 1 0 507 4945 52 4146 
2 1 0 2 1 7 1 0 0 0 1492 4751 290 79 7 0 0 2 0 0 0 4 1 1 507 4980 52 4290 
2 0 0 2 0 7 1 2 1 0 1420 1801 2861 3242 3 1 3 0 2 11 0 0 1 1 507 2130 3324 428 
1 0 0 2 0 7 1 2 1 0 1420 1801 2861 3242 3 1 3 0 2 11 0 0 1 1 507 2130 3324 428 
1 1 0 2 0 7 1 0 0 0 1482 1465 290 79 5 0 0 0 2 11 4 0 1 1 507 3358 52 4290 
1 1 0 0 0 15 0 0 0 0 1362 4098 4894 1078 4 0 0 0 1 15 0 3 1 0 507 4898 52 4142 
0 0 2 0 0 15 0 0 0 0 591 4630 3997 449 7 0 0 2 0 0 0 3 1 0 507 4898 52 4142 
1 1 0 2 0 7 1 0 0 0 1492 4751 1331 3218 5 0 3 0 2 9 0 1 1 0 507 3358 1302 2655 
2 1 3 0 1 15 4 0 0 1 979 4630 3997 449 7 0 0 2 0 0 0 4 1 0 500 4945 52 4142 
2 0 3 0 0 15 0 0 0 0 591 3682 4894 1078 4 0 0 0 1 8 0 3 1 0 507 4611 52 4290 
2 0 2 0 0 10 0 0 1 0 591 4265 4894 3193 4 0 0 0 2 8 0 3 1 0 507 4945 52 4142 
1 1 0 2 0 7 1 0 1 0 1492 1801 2861 3242 3 1 0 0 2 11 3 0 1 1 507 2130 3009 428 
2 1 0 2 0 7 1 0 1 0 1372 1801 2247 3242 4 0 3 0 2 7 0 3 1 1 515 3745 52 4142 
1 1 0 1 0 7 0 0 0 0 1492 1122 1357 3242 5 0 0 0 2 11 4 0 1 1 507 3358 1302 3501 
0 0 3 0 1 15 4 0 0 1 979 4630 3997 449 7 0 0 2 0 0 0 4 1 1 507 4980 52 4290 
2 1 0 2 1 9 1 0 0 0 1492 4751 1331 79 5 0 0 0 2 11 4 0 1 1 507 3358 52 4290 
0 0 3 0 0 15 0 0 0 0 873 4098 4894 3193 4 0 0 0 1 8 0 3 1 0 664 4945 52 4142 
0 0 0 0 0 15 4 0 0 0 979 4630 4416 690 7 0 0 2 0 0 0 4 1 0 664 4611 200 4142 
1 1 0 2 0 7 1 0 0 0 1492 4751 1115 79 5 0 0 0 1 11 3 0 1 0 507 3366 52 4366 
2 1 0 2 1 7 1 0 0 0 1492 4751 290 79 5 0 0 0 2 11 4 0 1 1 507 3358 52 4290 
2 0 3 0 0 15 4 0 0 0 873 3238 642 477 6 0 0 2 0 0 0 4 1 0 500 4945 52 4146 
2 0 2 0 0 15 0 0 0 1 979 4630 3997 449 7 0 0 2 0 0 0 4 1 1 507 4611 200 4451 
2 1 0 0 0 15 0 0 0 0 591 3238 642 477 6 0 0 2 0 0 0 4 1 0 500 4945 52 4146 
1 1 0 2 1 9 1 0 0 0 1492 3137 1331 79 5 0 0 0 2 11 4 0 1 1 540 4755 827 3876 
1 1 0 2 0 7 1 0 1 0 1420 1801 1743 3242 3 1 3 0 2 11 3 1 1 0 507 2130 3324 428 
1 1 0 2 0 7 1 0 0 0 1492 1801 824 3242 3 1 3 0 2 11 3 0 1 1 514 3358 3415 4146 
2 0 0 2 0 11 4 0 0 0 1492 4751 61 132 4 0 0 0 2 8 0 3 1 0 500 4945 52 4142 
2 1 0 2 0 7 1 0 1 0 1446 1801 2861 3242 3 0 3 0 2 8 4 1 1 1 507 3358 3167 4418 
2 0 0 0 0 11 4 0 0 0 1492 4751 1331 79 5 0 0 0 1 7 0 3 1 0 507 4877 2949 4146 
2 0 0 0 0 7 1 0 1 0 1420 1801 1743 3242 4 0 0 0 1 8 0 0 1 1 507 3366 749 4142 
2 1 0 1 0 11 4 0 0 1 952 3238 1128 1523 7 0 0 2 0 0 0 4 1 0 507 4898 52 4142 
2 1 0 2 0 7 1 0 1 0 1420 1801 2861 3242 5 1 3 0 1 8 0 0 1 0 507 1270 1110 428 
2 0 0 2 0 7 1 0 1 0 1492 1405 1357 3193 4 0 1 0 1 7 0 3 1 1 507 4945 52 4142 
0 0 3 0 0 15 4 0 0 0 979 4630 4416 690 7 0 0 2 0 0 0 4 1 0 500 4945 52 4142 
1 1 0 1 0 11 4 0 1 0 1407 4605 4894 3193 7 0 0 0 1 7 0 4 1 1 540 4898 2223 4744 
1 0 0 0 0 13 0 0 0 0 910 2269 349 3188 4 0 1 0 2 8 0 1 1 0 664 4980 52 4290 
1 1 0 2 1 7 1 0 0 0 1492 1801 2247 3242 2 1 3 0 2 11 3 0 1 1 507 2130 3324 428 
3 1 0 0 0 11 4 0 0 0 1492 4751 61 132 4 0 0 0 1 8 0 3 1 0 540 4755 827 3876 
1 1 0 2 0 7 1 0 1 0 1492 1801 2861 3242 3 1 3 0 1 11 0 1 1 1 507 3366 1302 1164 
0 0 3 0 0 15 0 0 0 0 591 3682 4894 1078 4 0 0 0 1 8 0 3 1 0 507 4898 52 4142 
0 1 0 2 0 11 4 0 0 0 1492 3238 1128 449 7 0 0 2 0 7 0 3 1 0 664 4945 52 4142 
2 1 0 2 0 7 1 0 0 0 1492 1122 1357 3242 5 1 3 0 2 11 3 0 1 1 540 4755 827 3876 
1 0 0 2 0 7 1 0 1 0 1492 1801 2861 3242 3 1 3 0 2 11 4 0 1 1 507 3366 1262 1102 
2 0 3 0 0 15 0 0 0 0 591 4098 4894 3193 4 0 0 0 1 8 0 3 1 0 664 4980 2323 4142 
1 1 0 1 0 7 1 0 0 0 910 2269 349 3188 4 0 1 0 2 8 0 1 1 1 542 3366 1302 1164 
0 0 3 0 0 15 0 0 0 0 591 4098 4894 3193 4 0 0 2 0 15 0 3 1 0 507 4898 52 4142 
2 1 0 2 0 7 1 0 0 0 1492 1801 2861 3242 5 0 3 0 2 11 0 1 1 1 507 3358 3415 4146 
2 0 0 0 0 11 5 0 0 0 1492 1801 2861 3242 4 0 0 0 1 8 0 3 1 0 507 4898 52 4142 
1 0 0 2 0 7 0 0 1 0 910 2269 349 3188 2 0 0 0 2 8 4 0 1 1 514 3358 3324 428 
2 0 0 0 0 15 0 0 0 0 591 4098 4894 415 7 0 0 2 0 0 0 4 1 0 664 4945 52 4290 
2 0 0 0 0 15 0 0 0 0 591 4098 4894 3193 4 1 1 0 1 8 0 3 1 0 664 4945 52 4290 
2 0 0 2 0 7 1 0 1 0 1492 1390 2247 3242 3 0 1 0 2 8 4 0 1 1 507 4611 200 4142 
1 0 0 0 0 7 1 0 1 0 1420 1801 2861 3242 4 0 0 0 1 9 4 0 1 1 514 3358 3415 4146 
2 1 0 2 1 9 1 0 0 0 1492 4751 1331 79 5 1 0 0 2 12 4 4 1 1 507 4755 827 4146 
1 0 0 0 0 7 1 0 1 0 1420 1801 2861 3242 4 0 0 0 1 7 0 3 1 0 829 826 2669 3501 
2 0 0 0 0 15 0 0 0 0 1492 4751 61 132 4 0 0 0 2 8 0 3 1 0 500 4945 52 4142 
1 0 0 0 0 15 0 0 1 0 636 4098 4894 3193 4 0 0 0 2 8 0 3 1 0 664 4945 52 4290 
2 0 0 0 0 15 0 0 0 0 591 4098 4894 1078 4 0 0 2 1 8 0 3 1 0 664 4945 52 4142 
1 1 0 2 0 7 1 0 0 0 1492 4751 61 132 4 0 0 0 1 0 0 3 1 0 540 4755 827 3876 
0 1 0 2 1 9 1 0 0 0 1492 4751 1120 79 5 0 0 0 0 11 4 0 1 1 514 3358 3415 4146 
2 0 0 0 0 15 0 0 0 0 591 4098 4603 3193 4 0 0 0 1 8 0 3 1 0 664 4980 2323 4142 
1 0 0 2 0 7 1 0 1 0 1420 1801 2861 3242 5 1 3 0 2 8 0 3 1 1 507 4980 200 4418 
1 1 0 2 0 7 1 0 1 0 1446 1801 1743 3193 5 0 3 0 2 11 3 1 1 1 507 4370 928 864 
2 1 0 2 0 7 1 0 1 0 1446 1801 2247 3193 4 0 0 0 1 7 0 4 1 1 540 4898 2223 4744 
1 1 0 2 1 9 1 0 0 0 1492 4751 1331 79 5 0 0 0 2 12 4 0 1 1 507 3366 1302 1565 
1 1 3 0 0 15 0 0 0 0 591 4098 4894 3193 4 0 0 0 1 8 0 3 1 0 664 4980 200 4142 
2 1 0 2 0 7 1 0 0 0 1492 1122 1357 3242 5 1 3 0 2 11 3 0 1 1 507 2130 3324 4142 
1 0 0 0 0 7 1 0 1 0 1420 1801 2861 3242 5 0 0 0 1 7 0 3 1 0 518 4945 52 4290 
2 1 0 2 1 9 1 0 0 0 1492 2355 1120 79 5 0 0 0 0 11 4 0 1 1 514 3358 3415 4146 
3 1 0 0 0 7 1 0 0 0 1492 4751 1120 79 5 0 0 0 0 11 4 0 1 1 514 3358 3415 4146 
2 1 0 2 0 7 1 0 0 0 1476 1801 931 3242 5 1 1 0 2 8 4 1 1 1 507 3358 3167 4418 
1 1 0 2 1 7 1 0 0 0 1492 4751 2861 3242 3 1 0 0 2 11 4 0 1 1 507 3366 749 957 
1 0 0 2 0 7 1 1 1 0 1420 1801 2861 3242 3 0 3 0 2 11 0 3 1 0 507 4898 52 4479 
2 1 0 2 0 9 1 0 0 0 1492 4751 1331 79 5 0 0 0 2 11 3 0 0 1 507 2130 3324 4142 
1 1 0 2 0 7 1 0 1 0 1492 1801 2861 3242 3 1 0 0 2 11 4 0 1 1 507 3358 52 4290 
2 1 0 0 0 7 1 0 1 0 1446 1801 2247 3242 3 1 3 0 2 11 4 0 1 1 507 3366 1262 3280 
2 0 3 0 0 11 4 0 0 0 979 4630 3997 449 7 0 0 2 0 0 0 4 1 1 507 4980 52 4142 
1 1 0 2 1 8 1 0 0 0 1492 1122 642 3197 3 0 1 0 2 8 4 0 1 1 507 3849 3494 3876 
0 0 3 0 0 15 4 0 0 1 979 4630 3997 449 4 0 0 2 0 0 0 3 1 0 664 4945 52 4290 
1 1 0 2 0 7 1 0 0 0 1492 4751 1115 79 5 0 0 0 2 11 0 0 1 1 540 4755 827 4290 
0 1 2 0 1 15 4 0 0 1 979 4630 3997 449 7 0 0 2 0 0 0 4 1 1 507 4980 52 4290 
2 0 0 0 0 11 4 0 0 0 790 4630 4416 690 7 0 0 2 2 0 0 4 1 1 507 4980 52 4290 
2 0 0 2 0 7 1 0 1 0 1492 1405 1357 3193 7 0 0 2 0 15 0 3 1 1 532 4980 52 4290 
1 1 0 2 1 7 1 0 0 0 1492 3432 2861 3242 3 1 0 0 2 11 4 0 1 1 507 4755 2949 4146 
1 1 0 2 0 7 1 0 0 0 1492 1801 2861 3242 3 1 3 0 2 11 3 0 1 1 507 2130 3324 428 
1 1 0 2 0 6 0 0 0 0 910 3070 349 3188 4 0 0 0 1 7 0 3 1 0 507 4877 2949 4146 
1 1 0 2 1 7 1 0 0 0 1492 4751 1331 79 5 1 0 0 2 11 4 0 1 1 507 3358 52 4290 
1 1 0 2 1 7 1 0 0 0 1492 1122 3164 4730 5 0 3 0 2 11 3 0 1 1 507 3358 1302 4418 
2 0 0 0 0 7 1 0 0 0 575 1053 1581 3193 4 0 0 0 1 8 0 3 1 1 507 4900 52 428 
1 0 0 2 0 7 1 0 1 0 1420 1801 2861 3242 5 0 3 0 2 11 3 0 1 1 507 2130 3324 428 
1 0 0 0 0 7 1 0 0 0 1453 1824 2862 3218 5 0 3 0 2 11 0 1 1 1 507 4898 52 4142 
2 1 0 2 0 7 1 0 0 0 1420 4751 1331 3197 3 0 1 0 2 8 4 0 1 1 507 3358 2802 4142 
1 1 0 2 0 7 1 0 1 0 1420 1801 1743 3242 3 1 3 0 2 11 3 1 1 1 507 4189 3324 428 
1 1 0 2 0 2 1 0 1 0 1492 1801 4894 3193 4 0 0 0 2 8 0 3 1 1 507 3358 3415 4928 
2 0 0 0 1 11 0 0 0 0 873 3238 1128 449 7 0 0 2 0 15 0 3 1 0 507 4898 52 4142 
2 1 0 0 0 14 0 0 0 0 591 4417 4894 1777 4 0 0 0 0 8 0 4 1 1 507 4900 52 4146 
2 0 0 2 0 7 1 0 1 0 1446 1801 1743 3193 5 0 3 0 1 8 0 3 1 0 507 4945 52 4146 
2 1 0 2 0 7 1 0 0 0 1492 4098 4894 3193 4 0 0 0 1 8 0 3 1 0 664 4945 52 4290 
2 1 0 1 0 7 1 0 0 0 1476 1801 931 3242 5 1 1 0 2 11 4 1 1 1 507 3358 3167 4418 
2 0 0 0 0 7 1 0 1 0 1420 2276 3975 3242 4 0 0 0 1 7 0 3 1 0 507 4755 2949 4142 
1 1 0 2 0 7 1 0 0 0 1420 1801 2861 3242 7 0 1 0 1 11 0 3 1 1 664 4945 52 4142 
2 1 0 2 0 7 1 0 0 0 1315 4837 349 2642 4 0 1 0 1 8 4 0 1 0 962 4945 52 4290 
2 0 0 0 0 10 1 0 0 0 979 4630 4416 690 7 0 0 2 0 8 0 3 1 0 507 4898 52 4479 
2 1 0 0 0 10 1 0 0 0 979 4605 4894 3193 7 0 0 0 1 14 0 3 1 1 664 4945 52 4142 
1 1 0 2 0 7 1 0 0 0 1420 1801 2247 79 5 0 0 0 1 11 4 0 1 1 507 3358 1302 2655 
2 0 0 0 0 15 4 0 0 0 979 4630 4416 690 5 0 0 2 0 0 0 4 1 0 664 4945 4845 4290 
7 1 0 2 0 7 1 2 1 0 1420 1801 2861 3242 3 1 3 0 2 11 3 0 1 1 507 2130 3324 428 
1 1 0 2 0 7 1 0 0 0 1492 1801 2861 1710 5 0 3 0 1 11 0 1 1 1 507 3366 52 4290 
2 0 0 0 0 7 1 0 1 0 1420 1801 1743 3193 4 0 0 0 1 8 0 3 1 1 507 3358 1302 4418 
1 0 0 2 0 7 0 0 1 0 910 2269 349 3188 4 0 0 0 2 8 4 0 0 1 507 4611 200 4142 
1 1 0 2 0 7 1 0 1 0 1492 4751 1331 79 5 0 0 0 2 7 4 3 1 0 664 4945 52 4290 
2 1 0 2 0 7 1 0 0 0 1404 4751 1331 3197 3 0 3 0 2 9 3 3 1 0 664 4945 52 4290 
2 0 0 0 0 15 0 0 0 0 549 4098 4894 3193 4 0 0 0 1 8 0 3 1 0 664 4945 52 4142 
2 0 0 0 0 10 0 0 0 0 952 3238 1128 1081 7 0 0 0 1 8 0 3 1 0 664 4945 52 3911 
2 1 0 0 0 15 4 0 0 0 979 4630 4416 690 7 0 0 2 0 0 0 4 1 0 664 4945 52 4290 
1 1 0 2 1 7 1 0 0 0 1492 4751 1331 3197 3 0 1 0 2 8 4 0 1 1 507 3358 2802 4418 
2 0 0 0 0 7 1 0 0 0 1492 4751 642 3197 3 0 1 0 2 8 4 0 1 0 507 1570 1302 381 
1 0 0 2 0 7 1 0 0 0 1420 1801 2861 3242 4 0 0 0 1 7 0 3 1 0 515 826 2669 3501 
2 0 0 2 0 7 0 0 0 0 1492 1801 642 3197 3 0 3 0 2 11 0 1 1 1 507 3366 1302 1164 
1 1 0 2 0 7 1 0 1 0 1420 1801 1743 3193 4 0 0 0 1 8 0 3 1 0 664 4945 52 4290 
2 0 0 0 0 14 0 0 0 0 591 4417 4894 1777 4 0 0 0 0 8 0 4 1 1 507 4900 52 4146 
1 0 2 0 0 14 0 0 0 0 873 4098 4894 415 4 0 0 0 1 15 0 4 1 0 532 4980 52 4142 
2 0 2 0 0 15 0 0 0 0 591 4098 4894 3193 4 0 0 2 0 15 0 3 1 0 507 4898 52 4142 
2 1 3 1 1 15 4 0 0 1 979 4630 3997 449 7 0 0 2 0 0 0 4 1 1 507 4980 52 4290 
2 0 2 0 0 15 0 0 0 0 591 4098 4894 1078 4 0 0 0 1 15 0 3 1 0 507 4945 4244 4290 
1 1 0 1 0 7 0 0 0 0 1492 1801 642 3197 3 0 1 0 2 8 4 0 1 1 507 4611 200 4142 
1 1 0 2 0 7 1 0 0 0 1420 1801 2861 3242 5 0 3 0 2 11 0 1 1 1 507 3358 3415 4146 
2 1 0 0 0 10 1 0 0 0 591 4116 4894 1078 4 0 0 2 0 15 0 3 1 0 507 4898 52 4479 
2 0 0 0 0 7 1 0 1 0 1420 1610 3975 3242 4 0 0 0 1 7 0 3 1 0 507 4755 2949 4142 
2 1 0 0 0 15 4 0 0 0 979 4630 4416 690 7 0 0 2 0 0 0 3 1 0 664 4945 52 4290 
2 0 0 0 0 14 0 0 1 0 591 4417 3940 1777 4 0 0 0 0 8 0 3 1 0 507 4945 4302 4418 
2 1 0 0 0 7 1 0 0 0 1492 4751 1331 79 5 0 0 0 1 8 0 1 1 0 507 3368 52 1262 
2 1 0 1 0 7 1 0 1 0 1420 1801 2861 3242 5 0 3 0 2 11 0 1 1 0 664 4945 52 3911 
2 0 0 0 0 14 0 0 0 0 591 4417 4894 1777 4 0 0 2 0 0 0 4 1 0 664 4980 52 4290 
2 0 0 0 0 15 0 0 0 0 1407 4605 4894 3193 7 0 0 0 1 14 0 3 1 1 507 4755 2949 4146 
2 0 2 0 0 15 0 0 0 0 979 4630 3997 449 4 0 0 2 0 0 0 4 1 0 664 4945 52 4290 
2 0 0 0 0 11 2 0 0 0 1492 4751 1331 2642 4 0 0 0 1 8 0 3 1 0 507 3366 3324 957 
1 1 0 2 0 7 1 0 0 0 1492 4751 1331 79 5 0 0 0 2 9 4 0 1 1 514 3358 3324 428 
1 1 0 0 0 15 0 0 0 0 591 4098 4894 1078 4 0 0 0 1 8 0 3 1 0 664 4945 52 4142 
1 1 0 2 0 7 1 0 0 0 1492 1801 2861 3218 5 0 0 1 2 11 3 0 1 1 507 2130 3324 428 
1 1 0 1 0 11 4 0 0 0 902 4098 4894 415 4 0 0 2 0 15 0 3 1 0 507 4611 200 4142 
1 1 0 2 0 7 1 0 0 0 1492 4751 1331 79 3 0 1 0 2 9 4 3 1 0 507 4898 4843 4146 
1 1 0 1 0 7 0 0 0 0 1492 1801 642 3197 3 0 0 0 2 8 4 0 1 1 507 4611 200 4146 
1 1 0 0 0 10 0 0 0 0 952 3238 1128 1081 7 0 0 0 0 15 0 3 1 0 507 4898 52 4142 
2 0 0 0 0 15 0 0 0 0 591 4116 4894 1078 4 0 0 2 0 15 0 3 1 1 507 4898 52 4479 
2 0 0 0 0 7 1 0 1 0 1420 1801 1743 3193 4 0 0 0 0 15 0 3 1 0 507 4898 52 4142 
1 1 0 2 0 7 1 0 1 0 910 2269 349 3188 4 0 1 0 1 9 0 2 1 0 507 4019 52 4142 
1 1 0 2 0 7 1 0 0 0 1492 4751 1331 79 3 1 0 0 2 12 4 0 1 1 507 3366 1302 2655 
2 1 0 2 0 7 1 0 0 0 1492 1801 2186 3242 3 1 3 0 2 11 0 0 0 0 540 4755 827 3876 
0 0 0 2 0 7 1 0 0 0 1420 1801 230 3242 4 0 0 0 1 8 0 0 1 1 507 3366 749 4142 
2 0 0 0 0 10 1 0 0 0 979 4630 4894 1602 4 0 0 0 2 0 0 3 1 0 507 4945 52 4146 
2 0 0 0 0 10 1 0 0 0 979 4630 4894 1602 4 0 0 0 2 8 0 3 1 0 507 4945 52 4146 
2 1 0 2 0 7 1 0 0 0 1492 4751 1644 79 5 1 0 0 1 11 4 1 1 1 507 4611 200 4110 
1 0 0 0 0 7 1 0 1 0 1420 1801 2861 3242 5 1 3 0 2 11 0 1 1 0 501 3996 200 4451 
1 1 0 2 0 7 1 0 1 0 1492 1335 1331 79 5 0 0 0 2 11 4 0 1 1 507 3366 749 428 
2 1 0 0 0 15 4 0 0 1 979 4630 3997 449 4 0 0 2 0 0 0 4 1 1 507 4927 2669 4420 
1 1 0 2 0 7 1 0 0 0 1492 4751 1331 3197 3 0 1 0 2 8 4 0 1 1 507 3358 2802 4142 
0 0 2 0 0 15 0 0 0 0 591 4630 3997 449 5 0 0 2 0 0 0 4 1 1 507 4945 52 4142 
2 1 0 0 0 15 0 0 0 0 1492 3616 4549 79 4 0 0 0 1 8 0 3 1 0 664 4945 52 3911 
2 0 0 2 0 7 1 0 1 0 873 4098 4894 3193 4 0 0 0 1 15 0 3 1 0 664 4945 52 4290 
2 1 0 2 0 7 1 0 0 0 1492 1801 2247 3242 3 1 3 0 2 11 0 0 1 1 507 4755 2949 4146 
2 1 0 2 0 7 1 0 0 0 1492 1801 2861 3242 3 1 3 0 2 11 3 0 1 1 507 2130 3324 428 
1 1 0 2 0 7 1 0 1 0 1492 4751 1331 79 5 0 0 0 1 11 4 0 1 1 507 3358 1206 3368 
2 1 0 0 0 7 1 0 0 0 1492 1801 2861 3218 5 0 3 0 2 11 0 1 1 1 507 3358 3415 4146 
2 1 3 0 1 15 4 0 0 1 979 4630 3997 449 7 0 0 2 0 0 0 4 1 1 507 4755 2949 4146 
2 0 0 0 0 15 4 0 0 0 979 4630 3997 449 4 0 0 2 0 0 0 3 1 0 507 4945 52 4142 
1 1 0 2 0 7 1 0 0 0 1492 4751 1821 79 5 0 0 0 1 15 0 3 1 1 507 4898 52 4142 
2 1 0 0 0 15 0 0 0 0 591 4098 4894 3193 4 0 0 0 1 8 0 3 1 1 507 4980 200 4418 
2 1 0 0 0 7 1 0 0 0 591 4098 4894 3193 4 0 0 0 1 8 0 3 1 1 507 4980 200 4418 
2 1 0 2 0 7 1 0 0 0 1492 4751 642 477 4 0 0 0 1 7 0 3 1 0 507 4945 52 4142 
1 1 0 2 1 7 1 0 0 0 1492 4751 1331 79 5 0 0 0 0 8 0 3 1 0 507 4945 4302 4418 
2 0 0 0 0 10 0 0 1 0 591 4098 4894 3193 4 0 0 0 1 15 0 3 1 0 507 3366 1302 1164 
1 1 0 2 1 9 1 3 0 0 1492 4751 1331 79 5 0 0 0 2 8 0 3 1 0 507 3358 827 4493 
2 1 0 0 0 10 0 0 0 0 591 4098 4894 449 7 0 0 2 0 15 0 3 1 0 507 4898 52 4142 
2 1 0 0 0 7 1 0 0 0 1492 1801 2861 3218 5 0 0 0 1 11 3 0 1 1 507 1570 1302 2655 
3 1 0 1 0 11 5 0 1 0 952 3238 1128 449 7 0 0 2 0 15 1 3 1 0 507 4898 52 4142 
1 1 0 2 0 7 1 0 0 0 995 4751 1821 79 5 0 0 0 1 11 4 0 1 1 664 4945 52 4290 
1 0 0 0 0 7 1 0 0 0 1492 1122 349 3188 4 0 1 0 1 9 0 3 1 0 507 3358 827 4142 
1 1 0 2 1 9 1 0 0 0 1492 4751 1120 79 5 0 0 0 2 11 4 0 1 1 507 3358 52 4290 
1 1 0 2 1 9 1 0 0 0 1492 4751 1331 79 5 0 0 0 2 11 4 0 1 1 514 3881 200 4451 
2 0 0 0 0 15 4 0 0 0 979 3238 642 477 6 0 0 2 0 0 0 4 1 0 500 4945 52 4146 
0 0 2 0 0 15 0 0 0 0 591 4098 4894 1078 7 0 0 0 1 8 0 4 1 0 507 4980 52 4290 
2 0 2 0 0 15 4 0 0 0 873 3333 1128 690 7 0 0 2 0 15 0 3 1 0 507 4898 52 4142 
2 0 2 0 0 11 4 0 0 0 952 3238 1128 3193 4 0 0 0 1 8 0 3 1 1 507 4980 200 4418 
1 0 0 0 0 7 1 0 1 0 1420 1801 1743 3242 4 0 0 0 1 8 0 0 1 1 507 3366 749 4142 
1 1 0 2 1 8 1 0 0 0 1492 1122 642 3197 3 0 1 0 2 8 4 0 1 1 507 3849 3494 241 
2 1 0 0 0 7 1 0 0 0 1492 1801 2861 3218 5 0 0 0 1 11 3 0 1 1 507 1570 1302 381 
2 0 0 0 0 11 4 0 0 0 1492 4751 1331 79 5 0 3 0 1 8 0 3 1 0 664 4980 1393 4142 
1 1 0 2 0 7 1 0 0 0 1492 4751 1331 3218 5 0 3 0 2 11 0 3 1 1 664 4945 52 4142 
2 1 0 2 0 7 1 0 1 0 1446 1801 2861 3242 3 1 3 0 2 11 0 0 1 1 507 2130 3324 428 
1 1 0 2 0 9 1 0 1 0 1420 1801 2861 3242 5 0 0 0 2 8 4 0 1 0 664 4945 52 4290 
1 1 0 2 1 7 1 0 0 0 1492 4751 1331 674 5 0 3 0 2 11 4 0 1 1 507 2130 3324 428 
0 0 3 0 0 15 4 0 0 0 979 4630 3997 449 7 0 0 0 0 0 0 4 1 0 664 4945 52 4290 
1 1 0 2 0 8 1 0 1 0 1492 1465 290 79 5 0 0 0 2 11 4 0 1 1 507 3358 52 4290 
2 0 0 0 0 10 0 0 1 0 591 4265 4894 3193 4 0 0 0 2 8 0 4 1 0 507 4898 52 4142 
2 0 0 2 0 7 1 0 1 0 1492 1390 2247 3242 3 1 3 0 2 11 3 0 1 1 507 2130 749 957 
1 0 0 0 0 15 0 0 0 0 902 4098 4894 415 4 0 0 2 0 15 0 3 1 0 507 4611 200 4142 
2 0 2 0 0 15 4 0 0 0 873 3333 1128 690 5 0 0 2 0 15 0 3 1 0 507 4980 52 4290 
2 0 0 2 0 7 0 0 0 0 1492 1801 642 3197 3 0 1 0 2 8 4 0 1 1 507 4611 200 4142 
2 0 0 0 0 11 4 0 0 0 952 3238 1128 1078 4 0 0 0 1 0 0 3 1 0 507 4611 416 4142 
2 0 2 0 0 15 0 0 0 0 979 4630 3997 449 4 0 0 2 0 15 0 3 1 1 664 4980 52 4290 
2 1 0 0 0 15 0 0 0 0 873 3238 1128 449 7 0 0 2 0 15 0 3 1 0 507 4898 52 4142 
1 1 0 2 0 7 1 0 0 0 1492 1801 1387 3242 5 1 0 0 2 9 3 0 1 1 712 2130 3324 428 
1 1 0 2 0 9 1 3 0 0 1492 4751 642 477 4 0 0 0 2 11 4 2 1 1 664 4945 52 4290 
1 1 0 2 1 7 1 0 0 0 1492 4751 2861 3242 3 1 0 0 2 11 4 0 1 1 664 4945 52 4290 
1 1 0 0 0 7 1 0 0 0 1492 1597 1513 79 5 1 0 0 1 11 4 0 1 1 514 3358 3415 4458 
1 1 0 2 0 7 3 0 0 0 575 1053 1581 3193 4 0 0 0 1 8 0 3 1 1 507 4900 52 4146 
2 1 0 2 0 7 1 0 0 0 1420 1801 2861 3242 4 0 0 0 1 7 0 3 1 0 515 826 2669 3501 
2 1 2 0 0 15 4 0 0 0 979 4630 3997 449 7 0 0 2 0 0 0 4 1 1 507 4945 52 4142 
1 0 0 2 0 7 1 0 0 0 910 2269 349 3188 4 0 0 0 1 7 0 3 1 0 540 4755 827 3876 
0 0 3 0 0 15 4 0 0 1 979 4630 3997 449 5 0 0 2 0 0 0 4 1 1 664 4945 52 4872 
1 1 0 2 1 7 1 0 0 0 1492 4751 1331 79 5 0 0 0 2 11 4 0 1 1 507 3366 749 428 
1 1 0 2 1 9 1 2 0 0 1492 4751 1120 79 5 0 0 0 2 12 4 4 1 1 507 4980 1287 4290 
1 0 0 2 0 7 1 2 0 0 1343 2243 2121 3193 3 0 3 0 2 8 0 3 1 0 507 4611 1422 4146 
2 1 0 0 0 7 1 0 0 0 1492 4751 2339 3197 3 0 0 0 2 11 3 0 1 1 507 3274 1254 1661 
1 1 0 2 1 7 1 0 0 0 1492 4751 1331 3371 5 0 0 0 2 8 4 0 1 1 540 4755 827 4142 
2 0 0 0 0 15 0 0 1 0 1420 1801 1743 3193 4 0 3 0 1 8 0 3 1 0 664 4945 52 4290 
0 0 3 0 0 15 4 0 0 0 979 3238 642 477 6 0 0 2 0 0 0 4 1 0 500 4945 52 4146 
1 1 0 2 0 7 1 0 0 0 1482 1465 1409 3193 4 0 0 0 1 8 0 3 1 1 801 4945 52 4290 
1 0 0 2 0 7 1 3 1 0 1420 1801 2861 3242 5 1 3 0 2 11 0 0 1 1 507 2130 3324 428 
0 0 2 0 0 15 0 0 0 0 591 4098 4894 1078 4 0 0 0 1 15 0 3 1 0 507 4898 52 4142 
2 1 0 0 0 15 0 0 1 0 591 4098 4894 3193 4 0 0 0 2 8 0 3 1 0 547 4611 200 4142 
2 1 0 2 0 7 1 0 0 0 1492 1801 2861 3242 5 1 3 0 1 8 0 3 1 1 507 3358 1302 4418 
2 1 0 2 0 7 1 0 0 0 1492 1801 2861 3242 5 0 0 0 2 11 0 1 1 1 507 3358 3415 4146 
1 1 0 2 0 7 1 0 0 0 1492 4098 4894 3193 4 0 0 0 0 15 0 3 1 0 507 4898 52 4142 
1 0 0 2 0 7 1 0 1 0 1473 1801 2861 3242 5 1 3 0 2 11 0 1 1 0 507 3274 1254 1661 
1 1 0 2 0 7 1 0 0 0 1492 4751 1331 4943 3 1 0 0 1 8 0 3 1 0 664 4980 200 4142 
1 1 0 2 1 7 1 0 0 0 1492 4751 1331 3193 3 0 3 0 2 8 0 3 1 1 507 4945 52 4142 
2 1 0 2 0 7 1 0 0 0 1476 4575 1504 3197 5 1 0 0 1 8 0 3 1 0 507 3366 3324 957 
2 1 0 2 0 7 1 0 1 0 1372 1801 2247 3242 4 0 3 0 2 8 4 0 1 1 507 3849 3494 241 
1 1 0 0 0 7 1 0 1 0 1372 1801 2247 3242 4 0 3 0 2 7 3 3 1 1 515 158 52 4142 
0 1 0 2 0 7 1 0 0 0 1404 4751 1331 3197 3 0 3 0 2 11 0 0 1 1 540 4755 827 3876 
2 1 0 0 0 7 4 0 0 0 910 3070 349 3188 4 0 0 0 1 8 0 3 1 0 664 4980 200 4142 
1 1 0 2 0 7 1 0 1 0 1492 2355 1120 79 5 0 0 0 0 11 4 0 1 1 514 3358 2335 4146 
1 0 0 2 0 11 5 0 0 0 1492 4751 290 79 5 0 0 0 2 11 4 0 1 1 507 3358 52 4290 
0 0 3 1 0 15 4 0 0 1 979 4630 3997 449 7 0 0 2 0 0 0 4 1 1 507 4945 52 4142 
1 1 0 2 0 7 1 0 0 0 1492 4751 1331 79 5 0 1 0 2 11 4 1 1 1 507 3366 1302 1164 
1 1 0 2 1 9 1 3 0 0 1492 4751 465 79 5 0 0 0 2 11 4 0 1 1 514 3358 3324 428 
2 0 0 0 0 7 1 0 0 0 680 4751 1331 3197 3 0 0 0 1 15 0 4 1 1 507 3299 52 4146 
1 1 0 2 0 7 1 0 1 0 1446 1801 2247 3242 5 0 3 0 2 11 3 0 1 0 507 4248 3302 157 
2 0 0 0 0 7 1 0 1 0 910 3070 349 3188 4 0 0 0 1 7 0 3 1 0 538 4945 4302 4418 
2 1 0 2 0 7 1 0 0 0 1476 4575 2183 3197 5 1 0 0 2 11 3 0 1 1 507 555 3009 428 
2 0 0 2 0 7 0 0 0 0 1492 1801 4367 3197 3 0 1 0 2 9 4 3 1 0 507 4898 4843 4146 
1 0 0 2 0 7 1 1 1 0 1420 1801 2861 3242 3 1 3 0 2 11 3 0 1 1 507 2130 3324 428 
0 0 2 0 0 15 0 0 0 0 873 4098 4894 415 4 0 0 0 1 8 0 3 1 0 664 4980 200 4142 
1 1 0 2 0 7 1 0 1 0 590 1551 1743 3193 4 0 0 0 1 7 0 1 1 1 507 3366 2814 1164 
1 0 0 2 0 11 4 0 0 0 1407 4605 4894 3193 7 0 0 0 1 8 0 3 1 0 664 4980 200 4142 
1 0 0 2 0 7 1 0 1 0 1492 1801 1387 3242 5 1 2 0 2 9 3 0 1 1 712 2130 3324 428 
1 1 0 2 0 7 1 0 0 0 1492 4098 4894 3193 4 0 0 0 1 8 0 3 1 0 664 4945 52 4290 
2 1 0 0 0 7 1 0 0 0 591 4837 349 2642 4 0 0 0 0 15 0 3 1 0 507 4755 2949 4142 
2 1 0 2 0 7 1 0 0 0 1492 4751 1331 79 5 0 0 0 2 11 4 0 1 1 514 3358 3324 428 
1 0 0 0 0 7 1 0 1 0 1420 1801 2861 3242 4 0 0 0 1 8 0 3 1 0 507 1440 52 4290 
2 1 0 2 0 7 1 0 0 0 1404 1413 1331 3197 6 0 3 0 2 11 3 0 1 1 507 2130 3324 428 
1 0 0 2 0 7 1 0 0 0 1492 1801 2247 3242 3 1 0 0 2 11 0 1 1 0 507 2130 3324 428 
0 0 2 0 0 14 0 0 0 0 591 4116 4894 1078 4 0 0 2 0 15 0 3 1 0 507 4898 52 4479 
1 0 0 0 0 7 1 0 1 0 1420 1801 2861 3242 2 1 3 0 2 11 3 0 1 1 507 2130 3324 428 
1 1 0 2 0 7 1 0 0 0 1492 4751 1331 3218 5 0 3 0 2 9 0 1 1 0 507 2954 749 4142 
1 1 0 2 0 7 1 0 0 0 1492 1801 4894 3193 7 0 0 0 2 8 0 4 1 1 507 4900 52 4146 
2 1 0 2 0 7 1 0 0 0 1315 4837 349 2642 4 0 1 0 2 11 4 0 1 1 507 3358 1302 2143 
2 1 0 2 0 7 1 0 0 0 873 1527 4210 3188 4 0 0 0 1 8 0 3 1 0 664 4980 52 4142 
1 1 0 2 0 7 1 0 0 0 1492 1801 4894 3193 7 0 0 0 2 8 5 3 1 1 507 3358 3415 4928 
0 0 3 0 0 15 0 0 0 0 873 4098 4894 415 4 0 0 2 1 8 0 3 1 0 664 4945 52 4142 
1 1 0 1 0 7 1 0 0 0 1492 4751 1331 3218 3 0 3 0 2 9 0 1 1 0 507 4945 52 4142 
1 1 0 2 1 7 1 0 0 0 1492 4751 1331 79 5 0 0 0 2 8 4 0 1 1 540 4755 827 3876 
2 0 0 0 0 7 1 0 1 0 1420 2276 3975 3242 4 1 3 0 1 8 0 3 1 0 664 4980 1393 4142 
0 1 0 2 0 11 4 0 0 0 1492 3238 1128 449 4 0 1 0 1 7 0 3 1 1 507 4945 52 4142 
2 0 0 1 0 7 0 0 1 0 910 2269 349 3188 4 0 0 0 1 7 0 3 1 0 664 4945 52 428 
2 1 0 2 0 7 4 0 0 0 1404 4751 1331 3193 7 0 0 0 1 14 0 3 1 1 507 4911 2949 4146 
2 0 0 2 0 7 1 0 1 0 1446 1801 1743 3193 5 0 3 0 2 11 0 1 1 0 507 3358 3415 4146 
1 1 0 2 0 7 1 0 1 0 910 2269 349 4995 4 0 1 0 1 9 0 1 1 0 507 4898 52 4142 
1 1 0 2 0 7 1 0 0 0 910 4751 1331 4943 3 0 0 0 1 11 4 0 1 1 507 3358 1206 3368 
1 1 0 1 0 11 4 0 0 0 1407 4605 4894 3193 7 0 0 0 1 14 0 3 1 0 507 4898 2605 4142 
2 0 1 0 0 9 0 0 0 0 1492 4751 61 132 4 0 0 0 2 8 0 3 1 0 500 4945 52 4142 
1 1 0 2 0 7 1 0 0 0 1492 4751 1821 79 5 0 0 0 1 11 4 0 1 1 664 4945 52 4290 
2 0 0 2 0 7 1 0 1 0 1446 1801 2247 3242 5 0 3 0 2 11 3 0 1 0 507 4248 3302 157 
1 0 0 0 0 14 0 0 0 0 591 4417 4894 1777 4 0 0 0 0 8 0 3 1 0 507 4945 4302 4418 
1 0 0 0 0 7 1 0 1 0 1420 1801 2861 3242 4 0 0 0 1 8 0 3 1 0 507 4611 52 4290 
2 0 0 0 0 11 4 0 0 0 1492 4751 1331 79 5 0 0 0 2 11 0 3 1 0 664 4945 52 4290 
2 1 0 2 0 7 0 0 1 0 1420 1801 1743 3193 4 0 0 2 2 8 0 4 1 0 699 4755 52 4142 
2 1 0 0 0 7 1 0 0 0 1492 1801 2861 3218 5 0 0 0 1 11 3 0 1 1 507 3358 52 4290 
2 1 0 0 0 11 4 0 0 0 1492 4751 61 132 4 0 0 0 2 8 0 3 1 1 500 4945 52 4142 
1 1 0 2 1 7 5 0 0 0 1492 1801 2247 3242 5 1 0 0 1 7 0 3 1 0 518 4945 52 4290 
0 0 0 0 0 7 1 0 1 0 575 1053 1581 3193 4 0 0 0 1 0 0 3 1 0 507 4945 4302 4418 
1 1 0 1 0 9 0 0 0 0 1492 1122 1357 3242 4 0 0 0 1 8 0 0 1 1 540 4755 827 3876 
1 1 0 2 0 7 1 0 1 0 910 2269 349 3188 4 0 1 0 1 9 0 3 1 0 507 3358 827 4142 
1 0 0 2 0 7 1 0 0 0 1482 875 349 3188 4 0 0 0 1 8 0 3 1 0 664 4945 52 4142 
1 0 0 2 0 7 1 0 0 0 1492 4419 1120 79 5 0 0 0 2 0 0 4 1 0 664 4945 52 4290 
2 0 0 0 0 15 4 0 0 0 591 4265 4894 3193 4 0 0 0 0 8 0 3 1 0 507 4945 52 4142 
1 0 0 2 0 7 1 0 1 0 1473 1801 2861 3242 5 1 3 0 2 11 3 0 1 1 507 2130 3324 428 
2 1 0 2 0 7 1 0 1 0 1420 1801 2861 3242 5 0 0 0 2 8 4 0 1 0 664 4945 52 4290 
1 1 0 2 0 7 1 0 1 0 1420 2269 349 3188 4 0 1 0 1 9 0 3 1 0 507 3358 827 4142 
2 1 3 0 0 15 4 0 0 1 979 4630 3997 449 4 0 0 2 0 0 5 4 1 1 507 4927 2669 4420 
2 0 3 0 0 12 0 0 0 0 687 3238 1128 2479 7 0 0 2 0 15 0 3 1 0 507 4611 200 4142 
2 1 0 2 0 8 1 0 0 0 1492 1801 4894 3193 5 0 0 0 2 8 5 3 1 1 507 3358 3415 4928 
2 1 0 0 0 7 1 0 0 0 1492 4751 1331 79 5 0 0 0 1 11 4 0 1 1 507 1508 52 4290 
2 1 0 1 0 11 4 0 0 0 1407 4605 642 477 5 1 0 0 2 12 4 3 1 0 518 4945 980 4290 
0 1 0 2 0 11 4 0 0 0 1492 3238 1128 449 7 0 0 2 0 15 0 3 1 1 532 4980 52 4290 
2 1 2 0 1 15 4 0 0 1 979 4630 3997 449 4 0 0 2 0 0 0 4 1 0 664 4945 52 4290 
2 0 0 0 0 11 4 0 0 0 1492 4751 1331 79 5 0 0 0 1 8 0 3 1 0 664 4980 200 4142 
2 1 0 0 1 7 1 0 0 0 1492 4751 1331 79 5 0 0 0 1 8 0 3 1 0 664 4980 200 4142 
2 0 0 0 0 7 1 0 1 0 1420 1801 1743 3242 4 0 0 0 1 8 0 0 1 0 540 4755 827 3876 
1 1 0 2 0 7 1 0 1 0 1492 4751 3997 449 7 0 0 2 0 0 0 3 1 0 507 4898 52 4142 
2 1 0 0 0 7 1 0 0 0 1492 4751 642 477 4 0 0 0 2 12 4 2 1 1 507 3358 969 4418 
1 1 0 2 0 7 1 0 1 0 1492 4751 1331 79 5 0 0 0 2 11 4 0 1 1 507 3358 1302 3501 
1 1 0 2 1 7 1 0 0 0 1492 4751 2861 3242 3 1 0 0 2 11 4 0 1 1 1340 4755 827 3876 
2 0 0 0 0 11 4 0 0 0 952 4630 3997 449 7 0 0 2 0 0 4 4 1 1 507 4980 52 4142 
1 1 0 2 0 7 1 0 0 0 1279 4837 1590 2642 4 0 1 0 2 11 0 4 1 1 507 4945 52 4142 
2 0 0 0 0 11 4 0 0 0 1492 4751 1331 79 5 0 0 0 1 15 0 3 1 0 664 4945 52 4290 
2 0 0 0 0 14 0 0 1 0 591 4417 4894 1777 4 0 0 0 0 8 0 3 1 0 507 4945 4302 4418 
2 1 0 2 0 7 1 0 1 0 1420 1801 1107 3218 5 0 3 0 1 11 0 1 1 1 507 4626 52 4290 
2 1 0 2 0 7 1 0 0 0 1492 1122 1357 3242 5 0 0 0 2 11 0 3 1 0 664 4945 52 4142 
1 1 0 2 1 7 1 0 0 0 1492 4751 1331 79 5 0 0 0 2 8 4 0 1 1 507 3358 3494 241 
2 1 0 2 0 7 1 0 0 0 1476 4575 2183 3197 5 1 0 0 2 11 3 0 1 1 507 2130 3324 428 
1 1 0 2 0 7 0 0 0 0 1492 1801 4185 3242 5 0 3 0 2 11 3 0 1 1 507 2130 1554 428 
1 1 0 2 0 7 1 0 0 0 591 4098 4894 1078 4 0 0 0 1 15 0 3 1 1 507 4898 52 4479 
2 0 0 2 0 7 1 2 1 0 1420 1801 2861 3242 3 1 3 0 2 11 0 0 1 0 507 1570 1302 381 
1 1 0 0 0 7 1 0 0 0 1492 4751 1331 79 5 0 0 0 2 12 4 0 1 1 507 3358 1302 2655 
0 1 3 0 1 15 4 0 0 1 979 4630 3997 449 7 0 0 2 0 15 0 4 1 1 507 4980 52 4142 
1 1 0 2 0 10 1 0 1 0 591 4265 4894 3193 4 0 0 0 2 8 0 3 1 0 507 4945 52 4142 
1 1 0 2 0 7 1 0 1 0 1420 1801 2861 3242 5 0 3 0 2 11 0 1 1 1 507 4900 4112 4146 
1 1 0 2 0 7 1 0 0 0 1492 4751 1331 79 5 1 0 0 2 12 4 4 1 1 507 4755 827 4146 
2 0 3 0 0 15 0 0 0 0 591 4098 4894 1078 4 0 0 0 1 15 0 3 1 0 507 4945 4244 4290 
1 1 0 2 0 7 1 0 0 0 1492 1801 2861 3218 5 0 3 1 2 11 0 3 1 1 507 4900 4460 2655 
2 0 0 0 0 7 1 0 0 0 561 1801 1743 3242 4 0 0 0 1 8 0 0 1 1 507 4900 52 4146 
0 0 3 0 0 15 3 0 0 1 979 4630 3997 449 4 0 0 2 0 0 0 4 1 1 507 4611 52 4142 
2 1 0 0 0 7 1 1 0 0 1453 3238 1128 3193 4 0 0 2 2 8 0 3 1 0 664 4945 52 4142 
2 1 0 0 0 7 1 0 0 0 591 4837 349 2642 4 0 1 0 0 15 0 3 1 0 507 4755 2949 4142 
2 0 0 0 0 11 5 0 0 0 1492 1801 2861 3242 4 0 0 0 1 8 0 0 1 1 540 4755 827 3876 
1 1 0 2 0 7 1 0 1 0 1420 1801 2861 3242 5 0 3 0 2 11 0 4 1 1 507 4945 52 4142 
2 1 0 2 0 7 1 0 1 0 1446 1801 2861 3242 3 1 3 0 2 11 0 0 1 1 507 2130 3324 1829 
1 1 0 1 0 11 5 0 0 0 591 3682 4894 1078 4 0 0 0 1 8 0 3 1 0 664 4945 52 4142 
1 1 0 2 1 9 1 3 0 0 1492 4751 1331 79 5 0 0 0 2 8 4 3 1 0 507 4898 4843 4146 
1 1 0 2 0 7 1 0 0 0 1482 3810 1409 3193 4 0 0 0 1 11 3 0 1 1 507 2130 3009 428 
1 0 0 2 0 7 1 0 0 0 1482 875 349 3188 4 0 0 0 1 8 0 3 1 0 664 4589 4223 4142 
1 1 0 1 0 7 0 0 1 0 591 4098 4894 3193 4 0 0 0 1 8 0 2 1 0 507 4611 52 4290 
1 0 2 0 0 14 0 0 0 0 591 4116 4894 1078 4 0 0 2 0 15 0 3 1 1 507 4898 52 4479 
0 0 2 0 0 15 0 0 0 0 591 4098 4894 415 4 0 0 2 0 0 0 4 1 1 507 4980 52 4290 
0 0 3 0 0 15 4 0 0 1 979 4630 3997 449 4 0 0 2 0 0 0 4 1 0 507 4898 52 4142 
2 1 0 2 1 9 1 0 0 0 1492 4751 1331 79 5 0 0 0 1 8 0 3 1 0 507 4898 52 4142 
2 0 0 2 0 7 0 0 0 0 1492 4751 1331 79 3 1 0 0 2 9 4 0 1 1 514 3358 3415 4146 
2 0 0 2 0 7 1 0 0 0 1265 1801 2861 3242 4 1 0 0 2 11 4 0 1 1 514 3881 200 4451 
1 1 0 2 0 7 1 0 1 0 1492 1801 2861 1710 4 0 0 0 0 12 4 0 1 1 507 4898 4704 4142 
1 0 0 2 0 7 1 0 0 0 910 2269 349 3188 6 0 0 0 1 7 0 3 1 0 500 4945 52 4146 
2 0 2 0 0 15 0 0 0 0 979 4630 3997 449 7 0 0 2 0 0 0 4 1 1 507 4611 200 4451 
2 0 0 0 0 15 0 0 0 0 549 4098 4894 1711 4 0 0 2 0 7 0 3 1 0 507 4755 200 4451 
2 0 0 0 0 15 0 0 0 0 873 4098 4894 415 4 0 0 0 1 15 0 4 1 0 532 4980 52 4142 
2 0 3 0 0 12 0 0 0 0 687 3238 1128 2479 7 0 0 2 0 15 0 3 1 0 507 4611 1422 4146 
1 1 0 2 1 9 1 3 0 0 1492 4751 465 79 5 0 0 0 2 11 4 0 1 1 514 3358 3324 428 
1 1 0 2 1 7 1 0 0 0 1492 4751 2861 4359 3 1 1 0 2 8 4 1 1 1 507 3358 3167 4418 
1 0 0 0 0 11 4 0 0 0 790 4630 4416 690 7 0 0 2 0 0 0 4 1 0 500 4945 52 4142 
1 0 0 2 0 7 1 0 1 0 1420 1801 2861 3242 5 1 3 0 2 11 0 1 1 0 501 3996 90 4451 
2 0 0 0 0 7 0 0 1 0 910 3070 349 3188 4 0 0 0 1 7 0 3 1 0 538 4945 4302 4418 
1 0 0 2 0 7 1 0 0 0 1492 1801 2247 3242 3 1 3 0 2 11 0 1 1 1 507 2130 3324 1829 
1 1 0 2 1 7 1 0 0 0 1492 4751 2861 3242 3 1 0 0 2 11 4 0 1 1 507 4900 609 4146 
2 0 0 0 0 7 0 0 1 0 910 1801 1743 3193 4 0 0 0 1 8 0 3 1 1 507 3358 1302 4418 
2 1 0 1 0 13 4 0 0 0 1407 4605 642 477 4 0 0 2 1 15 0 3 1 0 664 4945 52 4290 
2 0 0 0 0 14 0 0 0 0 591 4417 4894 1777 4 0 0 0 0 8 0 3 1 0 507 4945 52 4290 
2 1 0 0 0 10 1 0 0 0 979 4605 4894 3193 4 0 0 0 1 8 0 3 1 1 507 4980 52 4290 
1 1 0 2 1 9 1 0 0 0 1492 4751 1331 79 5 0 0 2 0 0 0 3 1 1 507 4898 52 4479 
1 1 0 2 0 7 0 0 0 0 1492 1122 1357 3242 5 0 0 0 2 11 4 0 1 0 507 4898 52 4142 
2 1 0 2 1 9 1 0 0 0 1492 4751 1331 79 5 1 0 0 2 8 3 3 1 1 507 3634 200 4418 
0 0 2 0 0 15 4 0 0 0 979 4630 4416 690 7 0 0 2 0 0 0 4 1 0 500 4945 52 4142 
2 0 0 2 0 11 4 0 0 0 1492 4751 61 132 4 0 0 0 2 7 0 3 1 0 540 4755 827 3876 
0 0 2 0 0 15 0 0 0 0 591 4098 4894 415 4 0 0 2 0 0 0 4 1 1 507 4980 52 4290 
2 0 0 0 0 7 0 0 1 0 910 2269 349 3188 4 0 0 0 2 8 0 3 1 0 507 4945 52 4146 
2 0 1 0 0 10 0 0 0 0 591 4098 4894 449 7 0 0 2 0 0 0 3 1 0 507 4898 52 4291 
1 0 0 0 0 15 0 0 0 0 1407 4605 4894 3193 7 0 0 0 1 14 0 3 1 1 507 4755 2949 4146 
0 0 3 0 0 15 4 0 0 1 979 3466 3997 449 5 0 0 2 0 0 0 4 1 0 507 4945 52 4142 
2 1 0 2 0 7 1 0 0 0 1492 1801 2247 3242 3 1 0 0 2 11 0 1 1 0 507 2130 3324 428 
2 1 0 0 0 7 1 0 0 0 1492 1801 2861 3242 7 0 0 2 0 15 1 3 1 1 507 4898 52 4142 
2 0 0 0 0 15 4 0 0 0 591 4265 4894 3193 4 0 0 0 1 8 0 0 1 0 540 4755 827 3876 
1 1 0 2 1 9 1 3 0 0 1492 4751 642 477 4 0 0 0 2 11 4 2 1 1 664 4945 52 4290 
1 0 0 0 0 7 1 0 1 0 1420 1801 2861 3242 5 1 3 0 2 11 0 0 1 1 507 2130 3324 428 
2 1 0 2 1 7 1 0 0 0 873 1527 4210 3188 4 0 0 0 1 8 0 3 1 0 664 4980 52 4142 
2 1 0 0 0 11 4 0 0 0 708 4265 4894 3193 4 0 0 0 2 8 4 0 0 1 507 4611 200 4142 
0 0 2 0 0 15 0 0 0 0 591 4098 4894 1078 4 0 0 0 1 8 0 3 1 0 664 4945 52 4142 
2 0 0 0 0 10 1 0 0 0 591 4116 4894 1078 4 0 0 2 0 15 0 3 1 0 507 4898 52 4479 
1 0 0 0 0 7 1 0 0 0 1487 4837 349 2642 4 0 1 0 0 15 0 4 1 0 540 4755 827 3876 
2 1 0 2 0 7 1 0 0 0 1492 1801 2861 3242 3 0 0 0 0 7 0 3 1 0 507 2188 827 2714 
1 1 0 0 0 7 1 0 0 0 1492 4751 2339 3197 3 0 0 0 2 11 3 0 1 1 507 3274 1254 1661 
0 1 0 2 0 7 1 0 0 0 1492 1801 2861 3242 5 0 0 0 2 11 0 1 1 1 507 3358 3415 4146 
2 0 0 0 0 15 4 0 0 0 591 4265 4894 3193 4 0 0 2 0 8 0 3 1 0 507 4980 52 4290 
2 1 0 0 0 15 3 0 0 1 979 4630 3997 449 4 0 0 2 2 0 0 4 1 1 507 4611 200 4451 
2 1 0 0 0 7 1 0 0 0 1492 4226 61 132 4 0 0 0 2 8 0 3 1 0 500 4945 52 4142 
1 1 0 2 0 7 1 0 1 0 1420 1551 1743 3193 4 0 0 0 1 8 0 3 0 0 540 4755 827 3876 
1 1 0 2 1 7 1 0 0 0 1492 4751 1331 79 5 0 0 0 2 8 4 0 1 1 507 3358 3765 4142 
1 0 0 0 0 7 1 0 0 0 1487 4837 349 2642 4 0 1 0 0 8 0 1 1 0 664 4980 52 4290 
1 1 0 2 0 7 1 0 1 0 1492 1801 2861 3242 3 0 0 0 0 7 0 3 1 0 507 2188 827 2714 
1 0 0 0 0 7 1 0 0 0 1487 4837 349 2642 4 0 1 0 0 15 0 4 1 0 664 4945 2876 4142 
1 0 0 0 0 11 4 0 0 0 952 3238 1128 1078 4 0 0 0 1 0 0 3 1 0 507 4611 416 4142 
2 0 0 1 0 7 0 0 1 0 910 2269 349 3188 4 0 0 0 1 7 0 3 1 0 664 4945 3104 4487 
2 1 0 2 0 7 1 0 0 0 1453 1824 2862 3218 5 0 3 0 2 11 0 1 1 1 500 4142 52 4827 
2 1 3 0 0 15 0 0 0 0 617 4098 4894 3193 4 0 0 2 0 15 0 3 1 0 507 4898 52 4142 
2 1 0 2 0 7 1 0 0 0 1492 1122 1357 3242 5 0 0 0 2 11 4 0 1 1 507 3358 1302 3501 
1 1 0 2 0 7 1 0 1 0 910 2269 349 3188 4 0 0 0 1 7 0 3 1 0 664 4945 52 4142 
2 0 0 0 0 14 0 0 1 0 591 4417 4894 1777 4 0 0 0 0 8 0 3 1 1 507 4611 200 4110 
2 0 0 2 0 7 1 0 0 0 575 1053 1581 3193 4 0 0 0 1 8 0 3 1 1 507 1001 52 4146 
1 1 0 2 1 7 1 0 0 0 1492 1302 1331 79 5 0 2 0 2 8 4 0 1 1 507 987 3494 241 
2 1 0 2 0 7 1 0 1 0 1420 1801 2861 3242 5 1 3 0 2 9 0 1 1 1 507 4980 52 4290 
1 0 0 2 0 7 1 1 1 0 1420 1801 2861 3242 3 1 3 0 2 11 3 0 1 1 507 2130 3324 428 
2 1 0 2 0 10 1 0 1 0 591 4265 4894 3193 4 0 0 0 2 8 0 3 1 0 507 4945 52 4142 
2 0 0 1 0 11 5 0 0 0 1492 1801 2861 3242 4 0 0 0 1 8 0 3 1 0 507 4898 52 4142 
1 1 0 2 0 7 1 0 1 0 1420 2269 2731 3188 4 0 1 0 1 9 0 3 1 0 507 3358 827 4142 
2 0 0 0 0 10 1 0 0 0 979 4630 4416 690 7 0 0 2 0 8 0 3 1 0 507 4945 52 4142 
2 0 0 2 0 7 0 0 0 0 1492 1801 4367 3193 4 0 0 0 1 8 0 3 1 0 664 4980 2323 4142 
1 1 0 2 0 7 1 0 0 0 1420 1801 2861 3242 4 0 0 0 1 8 0 0 1 0 540 4755 827 3876 
2 1 2 0 0 15 0 0 0 0 979 4630 3997 449 4 0 0 2 0 0 0 4 1 0 664 4945 52 4290 
0 0 2 0 0 15 0 0 0 0 902 4098 4894 415 4 0 0 2 0 15 0 3 1 0 507 4611 200 4142 
2 1 0 0 0 15 3 0 0 1 979 4630 3997 449 4 0 0 2 2 0 0 4 1 1 507 4611 200 4451 
2 0 0 0 0 15 4 0 0 0 979 4630 4416 690 7 0 0 2 0 0 0 4 1 0 664 4611 200 4142 
2 0 0 0 0 7 1 0 1 0 1420 1801 1743 3242 4 1 0 0 1 8 0 0 1 1 507 3358 1302 2655 
2 1 0 2 0 9 1 0 0 0 1492 4751 1331 79 5 0 0 0 2 11 4 0 1 1 664 4945 52 4290 
1 1 0 2 0 7 1 0 1 0 1492 1801 2861 1710 4 0 0 0 0 12 4 0 1 1 507 3358 442 4418 
1 0 0 0 0 7 1 0 1 0 1372 1801 2247 3242 4 0 3 1 2 7 0 3 1 1 514 3358 3324 428 
1 1 0 2 0 11 4 0 0 0 1492 3947 1120 79 5 0 0 0 2 11 4 0 1 1 514 3358 3415 1340 
2 1 0 2 0 7 1 0 1 0 1446 1801 2861 3242 3 0 3 0 2 11 0 1 1 1 507 3358 52 4290 
2 1 0 0 0 15 0 0 0 0 591 4098 4894 3193 4 0 0 0 1 8 0 3 1 0 664 4980 2323 4142 
1 1 0 2 0 7 1 0 1 0 910 2269 4894 3193 4 0 0 0 2 8 0 3 1 1 507 3358 3415 4928 
2 1 0 2 0 7 1 0 0 0 1404 4751 1331 3197 3 0 3 0 2 11 0 0 1 1 540 4755 827 3876 
1 1 0 2 0 7 1 0 0 0 1492 4751 1115 79 5 0 0 0 1 11 3 0 1 0 664 4945 52 4290 
0 0 0 2 0 7 1 0 0 0 1404 4751 1331 3197 3 0 3 0 2 9 3 3 1 0 507 4611 859 4146 
1 1 0 2 0 2 1 1 1 0 1492 1405 1357 3193 4 0 1 0 2 11 4 0 1 1 507 4945 52 4142 
2 1 0 0 0 10 0 0 0 0 591 4098 4894 449 7 0 0 2 0 0 0 3 1 0 507 4898 52 4142 
2 1 0 0 0 7 1 0 0 0 1492 4751 1331 79 5 0 0 0 1 8 0 1 1 0 507 3368 2802 4418 
2 1 0 2 0 7 1 0 0 0 1492 4751 1331 79 5 0 0 0 2 12 4 2 1 1 507 3358 442 4418 
2 1 0 2 0 7 1 0 0 0 1315 4837 349 2642 4 0 1 0 2 11 4 0 1 1 507 3358 1302 4479 
1 1 0 2 0 7 1 0 0 0 1482 1465 290 79 5 0 0 0 2 11 4 0 1 0 664 4980 52 4290 
1 1 0 2 1 7 1 0 1 0 910 2269 349 3188 4 0 0 0 1 7 0 3 1 0 664 4945 52 4142 
3 1 0 2 0 9 1 3 0 0 1492 4751 642 477 4 0 0 0 1 8 4 4 1 1 507 4980 52 4290 
1 1 0 1 0 7 0 0 0 0 1492 1801 2861 3242 4 0 0 0 1 8 4 3 1 0 507 4898 1422 4146 
2 0 0 0 0 7 1 0 1 0 1420 1801 1743 3242 4 1 0 0 1 8 0 0 1 1 507 3358 1302 4418 
