0.8816464962453285 0.16447749615580387 0.1026115908224593 
0.8358031282947902 0.21549141117912096 0.14975412855184878 
0.9417380232320766 0.0935690391570888 0.1284034357473166 
0.8393751896946775 0.2062506120345431 0.16124028043115424 
0.8369236352572521 0.2173678929608277 0.14130037736748857 
0.9412791512771618 0.09226997587151431 0.1291862449126432 
0.9340987769894914 0.09613089392853558 0.11940535343439818 
0.936735900209176 0.09679169617751238 0.1187369007092649 
0.8428025806046224 0.19987349578876745 0.1608368712602688 
0.9385776005809792 0.09553051637405596 0.12919477975762372 
0.9059854751973175 0.12012244668309269 0.13113111576138725 
0.8492815640795487 0.18967872810991482 0.14630308633343947 
0.9387608845017879 0.09461316275554177 0.13245872957989524 
0.8890914340165227 0.14138702126148084 0.13050801882375196 
0.936735900209176 0.09679169617751238 0.1187369007092649 
0.891082078783177 0.14389681207216576 0.11477823509981933 
0.9395511639796966 0.09547195066355496 0.1281952933101067 
0.8996561977975157 0.134597242697998 0.1167303558974857 
0.869866670377989 0.16620888476027829 0.12401114699765636 
0.8639049297971011 0.16732555589288756 0.13954499750964355 
0.9417380232320766 0.0935690391570888 0.1284034357473166 
0.8836227100248512 0.162196205830056 0.1037858471568468 
0.8569267376362748 0.18290510321660391 0.13283777322945822 
0.9179899360968059 0.11143798070118716 0.11595446303666879 
0.838350315392788 0.20883302879207688 0.15896806361856153 
0.9305835680576973 0.10081081861477037 0.11716055765834443 
0.8484612621511016 0.19101350360388936 0.15310311524738573 
0.8827780965073689 0.14886744802648766 0.12338865463160076 
0.8451471780222186 0.19542092218940388 0.150384869851534 
0.8883543516223283 0.15601386415423546 0.10493026623051604 
0.8442720217607974 0.19715519052276975 0.15666189115520635 
0.8964608079394326 0.1297883289304851 0.13500263147692448 
0.9117551101615032 0.11481020542119413 0.128180246367405 
0.8426233822701873 0.20089914058557246 0.15455589977297524 
0.9184449270688317 0.1090585208328686 0.12535357095618238 
0.9316977210137377 0.0971076529339604 0.12111178147637314 
0.8771760133030887 0.16361373002382762 0.10921942271490515 
0.8887946165702586 0.15150135290977174 0.1064814829112567 
0.8436946735253347 0.19811907768005477 0.15207517425155392 
0.8384420047897482 0.21098630412590114 0.15090454319074087 
0.9389779888553655 0.09534162578496141 0.1291937262555748 
0.9193665646525703 0.10801044066574816 0.12165539344907206 
0.9238713954326822 0.10160310432156316 0.13192167205598115 
0.8783868976372868 0.1528313274014904 0.12439685080758389 
0.9071792638079819 0.11870887732264279 0.13065618220654263 
0.8603901376099746 0.17187335934766623 0.1468123314428953 
0.8999973006066618 0.12387974384230405 0.13754627727492885 
0.8859393702432028 0.15947590749945662 0.10341618495507754 
0.9031834319968061 0.13628607022227546 0.10916432518440877 
0.8399376937283866 0.20580413011113163 0.14467446696186315 
0.8400428110677669 0.20514407573712556 0.1596867120529588 
0.921789845476944 0.10701914079405161 0.11891775262137094 
0.839042276557428 0.20756041011391602 0.15530584668943748 
0.8784586997933093 0.16681018351711718 0.105934165212075 
0.8379137703735131 0.21505724627388922 0.14585018194043742 
0.839380691509733 0.20624463480366018 0.16007057699068128 
0.9322007157214347 0.09873303507774045 0.1173258880034127 
0.8906116646244358 0.14338531957245337 0.115800630328048 
0.9213297121065049 0.10724957260662649 0.11795101311822265 
0.8864063432715004 0.14309679385863427 0.14156266114884375 
0.8456861475116063 0.19599411531267308 0.14491288414886416 
0.9294706164980171 0.09830690885022542 0.13457801311905937 
0.9335840855456887 0.09581438011862842 0.1208097165248565 
0.8729750780000954 0.15925421567550813 0.13212857957383684 
0.8396165489287389 0.20661973028326708 0.15737336835742566 
0.9272179470380975 0.09942121051895236 0.12697407885278156 
0.895573607664704 0.13503852171584085 0.12572315755341001 
0.857861554765529 0.17761462156273233 0.1362257834268975 
0.8552931616771623 0.17842383781757643 0.14421582574003 
0.9263618082639787 0.10421237951199147 0.11559913400077526 
0.8391929946123717 0.20768896585942243 0.14696096108423862 
0.8851492418053984 0.1608823795323976 0.10457403724790604 
0.9122972702067058 0.11243773478403019 0.1286389426331097 
0.8452276408559553 0.19583820126273865 0.14887050051089645 
0.8523734433278334 0.18648345405999966 0.1402927023677103 
0.8371561670223056 0.21190039213635292 0.15001745386069387 
0.8387788767681263 0.20825980124570032 0.1557514904032139 
0.8766716293726552 0.16988224488149806 0.10400898330983988 
0.8463165033156378 0.19522284633111742 0.1436994114597252 
0.8423729273509832 0.20105989941828317 0.1526042767160969 
0.8614479480248282 0.17418027955021376 0.13442085448192487 
0.8782254756428797 0.15064802958577017 0.13602106103004208 
0.8410955899647277 0.20314877312805124 0.15948229369635503 
0.8666252822641893 0.17071894831320056 0.12186834237952482 
0.9126444962944723 0.11539352256527913 0.12075492546024069 
0.8415245245761749 0.20194896458644052 0.1579129154488882 
0.9142169796268483 0.1174394212389499 0.11355845981829304 
0.857882694022641 0.17646970532718387 0.15510986167891672 
0.9148821892784138 0.11338252104356583 0.11894024195065434 
0.8430737453058803 0.19896766948628208 0.15636535253545858 
0.9027234651820777 0.12418532309879682 0.13020348993330744 
0.8812988755863859 0.16575451544210718 0.10446603285965583 
0.8450372806112816 0.20032784854466867 0.13817233678178942 
0.843730238618698 0.198527086356583 0.14075837946527103 
0.8978784754144604 0.13556238006712862 0.1219523475236517 
0.8435016262160155 0.20137116191369064 0.1358924988552227 
0.8898367174144656 0.13711907083026875 0.14508728473072718 
0.9275470604588907 0.09988876057729801 0.12097641518465396 
0.8966430071612685 0.1378833783106308 0.11185691861491198 
0.8565836186450453 0.17811418382470723 0.14924326407759636 
0.874216762291321 0.16783652893017875 0.10878932223634352 
0.8511407079786376 0.18632014242045658 0.14962789686899014 
0.8385281708696436 0.20873562464592754 0.15615248732980136 
0.847674847436582 0.19168789339999104 0.1549908273359505 
0.8409025158954787 0.20401185726293525 0.1447536095115306 
0.8932718677748669 0.14059000850371828 0.11438337373378449 
0.8445884958310694 0.19701602725349643 0.1515677302125854 
0.839398778690166 0.20820783885941652 0.1422105226670628 
0.8472320174121212 0.19205060434097898 0.1503517984450713 
0.887862486842457 0.14649551468584376 0.1155546615624512 
0.8628271216314625 0.17378114261026112 0.1266938980168053 
0.8425954701844518 0.20006535732532382 0.15863513083435277 
0.870701907162471 0.16795999748789958 0.11993587416801743 
0.8975477064421366 0.1375797304691475 0.11104135642382396 
0.8959132872329219 0.1306791471419425 0.12790371453812144 
0.9065024188444449 0.12146279042919816 0.12678745154033133 
0.8377672337387592 0.20908625581938034 0.15828453633345907 
0.9105137392158406 0.11485184851781427 0.1364524742692731 
0.891848208860536 0.15325993567686558 0.10446277445755059 
0.9131541199303638 0.11292930631920561 0.1261235480756785 
0.8763988163896125 0.15438856382675314 0.12454654953469069 
0.9050027874230212 0.13093716400286026 0.11154260425368057 
0.8402678814502558 0.20552106256995972 0.15562501053642508 
0.8727343970086097 0.17152821042480293 0.10807874423448305 
0.8903021449346832 0.14511607278045857 0.11662696316334276 
0.859601577580145 0.18024633456195394 0.1297146206105192 
0.9190930280758347 0.10860039618807871 0.12016150511144574 
0.9248465991916514 0.10230406631540123 0.1293802855772388 
0.8806360605403979 0.1656465020359139 0.10522286457293484 
0.8759785821922217 0.15366857922511556 0.13851407803352633 
0.8416384451766317 0.20479852001593202 0.13930893105743014 
0.8427313429938494 0.20155512949069287 0.14347457483468917 
0.8428758919346775 0.19955267830903267 0.15876079199963267 
0.8895299888631698 0.1403707364696083 0.13075127700754874 
0.9111410658168856 0.1169467108189387 0.11973854852129162 
0.8645895665681029 0.1759840608876576 0.1225447683200136 
0.8775857061032779 0.16958508876882405 0.1048188229723328 
0.8499816368079864 0.189517370766785 0.13781989972412834 
0.8915429819548542 0.1469072996765285 0.10779207419962511 
0.8365756730538125 0.21659526572983612 0.14822607917525465 
0.8540000701786741 0.18089622736273525 0.13996453844217827 
0.8498767535169437 0.18867494710287802 0.14112145244039587 
0.8369048580560114 0.21278949335756692 0.14925841959349706 
0.885480498288288 0.15985098701986444 0.10424786815648313 
0.8503128090571146 0.18802204291085134 0.13992819396783474 
0.8515678169319444 0.18527376947292773 0.14135785622152564 
0.8556186607622145 0.18020827258785999 0.14238141124866888 
0.8490518528695694 0.18980654061104008 0.14934881909879927 
0.865086786804663 0.17270242500972766 0.12373826432366652 
0.8445881241257898 0.19701643107809896 0.15273728471456205 
0.928859926138593 0.09846230634756858 0.12594604710994295 
0.8765803512054573 0.1627868400355995 0.11271924408329359 
0.924492829162764 0.10275028211047121 0.12654948398018395 
0.8418989854467089 0.20250060813746928 0.14896033929600805 
0.9040671269337561 0.12130344948362048 0.1377111902912327 
0.8591074143970766 0.1735000726780861 0.14101777854930264 
0.9046601128232354 0.12701451783958773 0.1213784044571865 
0.84080818655324 0.20438994708530966 0.15716298884748814 
0.9291999416491973 0.09929563055566837 0.11856403219837375 
0.8517566961768684 0.1841335522435178 0.15237014074260435 
0.8433723738453363 0.19931454147533645 0.14725501171904098 
0.8924327798526809 0.14646867923867746 0.10741712651283797 
0.836714638115262 0.21296919760613697 0.15305142112749848 
0.8835781188429995 0.1435915817253972 0.14792422294653773 
0.8757055091179666 0.1704638848177178 0.1026460664085238 
0.847854135174089 0.1916579073771879 0.14535491733795958 
0.9083212483112363 0.12886641438342394 0.10962361454551717 
0.8968419794970929 0.13830290787217114 0.11181603069028545 
0.9222776946220632 0.1048417262148047 0.13082401139372335 
0.8892267025070476 0.14249006139622622 0.12121405547017106 
0.8540000701786741 0.1800321201131878 0.14401899404903062 
0.9203333012473455 0.11122153643090527 0.11639154284803188 
0.8559119368569527 0.17827908786780255 0.14204643683000928 
0.8716055635069482 0.16869074279695973 0.11852757651398182 
0.8857992096856961 0.16129610883131407 0.10315218490337286 
0.9337587614788871 0.09575362632436357 0.12652231126068403 
0.9228322310769494 0.10588668189866735 0.11834602673698125 
0.8480563676125419 0.1931695946079658 0.1371638668118259 
0.91356016250456 0.11771497446404389 0.1180958707372659 
0.8392641433376891 0.20705674712702649 0.15020056961047257 
0.9294774705959923 0.101259380114887 0.11664046522426008 
0.909235927247757 0.11625289717150122 0.13703776037190007 
0.8953456524271117 0.14940512577410958 0.10561209654478965 
0.8393974999385716 0.2062263739463004 0.16006538221361166 
0.8802965315188065 0.15358631758941121 0.11490356173369198 
0.8633990772496771 0.17546957370744354 0.12374429723551217 
0.8720497691086146 0.1641996190872781 0.12221793971226369 
0.8496572921222649 0.18917282940832736 0.1451544548221947 
0.8467958175128287 0.19254107937614862 0.14843640562691263 
0.9313330967856124 0.09655895305153339 0.12553372967052712 
0.9251606379992515 0.10218178691692437 0.128015877212459 
0.899327375264347 0.12643575493643233 0.1301201556785364 
0.8879252109743053 0.15699385711305103 0.10292061648196393 
0.8551172823004745 0.1868309336214451 0.13400781233360481 
0.9077290925986297 0.11664398658808461 0.1326005269491386 
0.9280580106760246 0.09915692255997643 0.12969214567755538 
0.9072804850902823 0.11710890683023323 0.13439313588469248 
0.9169128783809464 0.11075630648832901 0.12102011476887753 
0.8858018481654221 0.14826367264368712 0.1236097225114573 
0.9128355799399911 0.11798907062521968 0.11747977858112313 
0.925629631218711 0.10197187626817106 0.12550781194179583 
0.9259248555396093 0.10102949281456386 0.1267771612397255 
0.9142499291548872 0.10998028227822454 0.13532732284672722 
0.861752852171884 0.18138006467059697 0.12241467965394603 
0.8382935529062292 0.20947021820785705 0.15622989287735445 
0.9106074315430497 0.11565202926035323 0.12882308128686537 
0.8862845301126315 0.1515043373554087 0.10994188373786629 
0.8829540034545319 0.15309497593478782 0.11258628713703955 
0.8373074641198659 0.21490241434698598 0.1473363614755423 
0.8404161309304187 0.20733660552130162 0.14204174180752482 
0.907546971914166 0.12083376848604943 0.12237033424363697 
0.8941837243575163 0.13333795341818988 0.12857616596875932 
0.9008047530419133 0.12475130733798312 0.1318687310633332 
0.8567133403236966 0.1805105330336666 0.13318773354168656 
0.8373899466513669 0.21090031883802496 0.15327853694996063 
0.9009492892960039 0.13385306765193383 0.1128727319816325 
0.8625828089576693 0.17492278410936357 0.13060673024864045 
0.903112194547868 0.1224039265002318 0.13122713394697372 
0.9052918285089904 0.11926940466840041 0.1356095268412807 
0.8871775600187963 0.15272093905419892 0.10622260327509392 
0.8421226528772725 0.20294651557685683 0.14169173783901534 
0.9094750995438026 0.12291032466903773 0.11313979205487712 
0.897348541447762 0.13962460312361114 0.1093091710297378 
0.8712626551417201 0.17057681003823433 0.11057989325311313 
0.8375967026499416 0.21377808195939108 0.14819102514472293 
0.9110061959252826 0.11404382555338766 0.12844211094211033 
0.9230586784956403 0.10346696863215887 0.1255636567372841 
0.9061019666769703 0.11898835663942908 0.13150607037293716 
0.9328056854910032 0.09687506897459974 0.12326297735025105 
0.8385332528358185 0.21076435602668064 0.1466530875551546 
0.9280546730148874 0.10021296496683807 0.12082561417627935 
0.8367403475856577 0.21167085827364762 0.1584260551387664 
0.8609511460813661 0.18252788715730206 0.12053005978815856 
0.8830461028264027 0.15532737977811217 0.1101256254739661 
0.8406919503519672 0.2104174290577322 0.13879039696069928 
0.9188603638339135 0.1075500623567811 0.12298331003848328 
0.8451301178760157 0.19613949977874412 0.151425093888794 
0.8853230945040049 0.15496367858049065 0.10942951950193835 
0.8937475354033141 0.1393004516767471 0.12381947358453516 
0.8549395117690288 0.1816009641263172 0.1359427404629192 
0.8544410225125789 0.19366519164441476 0.1261643832567415 
0.8962025296400358 0.13612151387369098 0.12113033618101188 
0.8705457488431702 0.16330881347453574 0.12498414010456993 
0.8534397155699703 0.194445723268735 0.1238847721140609 
0.931270544006514 0.0974577072909153 0.12332006378410243 
0.8487447806771504 0.19287254871773507 0.13666635426829876 
0.8787163956529447 0.1510418038915673 0.13248478286033472 
0.8571537448223305 0.1793268424755049 0.13485646979263877 
0.8485052029717184 0.19042972415476456 0.1454831285642444 
0.8874040390573206 0.13916947592728612 0.13376940337294185 
0.9255265693633562 0.10131211385182937 0.13165569459512916 
0.9096491949002282 0.12609271091041885 0.11176172357522962 
0.8779688549980553 0.15784434494900668 0.11494319923012819 
0.8441744038347115 0.1981293880652737 0.14751135530751125 
0.8713661589829381 0.1604221572044443 0.12591500218618035 
0.8642577077563227 0.18433287737467885 0.11022122388023647 
0.8521451627156205 0.18385267758817359 0.1412037734645678 
0.8744179637711887 0.15473017373730125 0.14136396662043904 
0.9081834693914754 0.11832947437465602 0.12627416278179038 
0.8842219927048383 0.1555901989306384 0.10844204008125591 
0.9171187058987259 0.11206796499842864 0.11816047829528709 
0.8850711437022527 0.15007768446459524 0.11555951880583504 
0.9195146279596773 0.11006203238545675 0.11699864827571815 
0.8746627371024163 0.1716148642386992 0.10526880396139926 
0.8694419362980568 0.1600401714351649 0.1432509644341401 
0.8419073986144472 0.20199821073766022 0.1433717629473309 
0.8612631740968522 0.17137298834857917 0.13519128917674972 
0.8411181043748064 0.20353236387709484 0.15696822847086755 
0.8953941638991861 0.1399836408851689 0.1095808789203987 
0.9301530176370811 0.09771813130150453 0.12214646849963295 
0.9020613113182299 0.12277907319159331 0.1356095268412807 
0.8735573190640442 0.15807611916032838 0.1303695880239576 
0.8446368305244822 0.19635137222935406 0.15657880368230148 
0.8506359380984124 0.19255762052953795 0.13683886048292337 
0.8679688170184993 0.1646930712978365 0.13228453799551443 
0.8789520632439399 0.16676938439547173 0.10659787051219005 
0.8551172823004745 0.18769504087099254 0.12995335672675234 
0.8696942637855598 0.17835364028834422 0.10686053175910526 
0.8808848157245458 0.16485513129210594 0.10553399327003599 
0.8996973726097908 0.13359383651208911 0.11416190906108636 
0.9187662793960318 0.10629425100355416 0.1321473548795682 
0.8378336133946573 0.21337668171055013 0.14691876413338134 
0.8458845962678161 0.19422238321028618 0.15783056754857339 
0.8451192659364832 0.19672340407386968 0.1438601400949897 
0.8799625126881054 0.1648225756424051 0.10713548481885293 
0.8396640246126414 0.20696375011753732 0.14766845403405215 
0.8685594057523167 0.1703990271264153 0.1221112487675875 
0.9234339142561265 0.1048038107125292 0.12095776872414321 
0.8380254359824327 0.209868124601429 0.15427959566489846 
0.9101554400211382 0.11688374105410138 0.13000348056827016 
0.8866243131751501 0.1589352319755134 0.10321935326407794 
0.8845845450404497 0.16161931604697755 0.1043088479392692 
0.83936686489741 0.208476539392893 0.14261585837941548 
0.8418268418206722 0.20420838012165976 0.13924469855145094 
0.8934071210497537 0.14214238554773684 0.1095808789203987 
0.8537294742207705 0.1835752939436165 0.13779051158755318 
0.883818654406774 0.15603347692754954 0.10768921212489646 
0.9015298526595649 0.12551098419110418 0.12959454441552276 
0.8880552224530771 0.15672116636230216 0.10551322524650841 
0.8985671087828321 0.1279658338792119 0.1274744165280265 
0.8927635938338238 0.14730029244475384 0.10682237481456924 
0.9002457806034264 0.1251625566603508 0.1374000127926437 
0.8718495663733711 0.16504323002677523 0.12311214254883918 
0.8448976424603616 0.19644355685890602 0.14436515841123487 
0.9153687736848463 0.11573085269882855 0.11514740916592048 
0.8536464202705407 0.18234513917238138 0.1398003643787722 
0.921736786082495 0.10573118950785243 0.12356004724273617 
0.9123622524455619 0.11582834396840402 0.12249950060659986 
0.8496150755205519 0.1895533971061617 0.15341398288862007 
0.8377659975725066 0.21059229706932903 0.15350698530211315 
0.8538667794684792 0.19412923568532392 0.12222320641323825 
0.8981704630664049 0.1366561752512382 0.11200985865446489 
0.8438844443909341 0.20054615707557744 0.13750298730778043 
0.888607293626154 0.14241245639905165 0.12906892408995996 
0.8623394818352795 0.18214757481385346 0.11780397955738076 
0.8734972224747048 0.17450404253547092 0.10705400180905966 
0.8580357196088226 0.17466437338992336 0.14282776999247326 
0.8818341166227281 0.14560972833463748 0.14667860261487153 
0.8663110806549316 0.16526588175093826 0.14268181783496292 
0.84027220921074 0.2044925912268527 0.152477981200135 
0.8824251951418015 0.14570823764898067 0.14288141394071796 
0.894192257917864 0.14636545760800357 0.10723781036953928 
0.8798101089381531 0.14798628751216947 0.14767536871598597 
0.9309392875236243 0.09762499255390089 0.12770068848237792 
0.8672678751722902 0.1810625992100624 0.10964949799584645 
0.8945842677237089 0.13906944095941454 0.11621605816453195 
0.8653606562336639 0.17124771322889187 0.12566460841765092 
0.9245747222640193 0.10372415876891583 0.11918382277625184 
0.8677922931804859 0.17473726062080386 0.11608012399191292 
0.8723833346409167 0.17148521064862654 0.10842867445526361 
0.9053124030003853 0.1276761313214858 0.1188002893572151 
0.8512778103770621 0.18601362651376074 0.15430554931587925 
0.9340987769894914 0.09613089392853558 0.11940535343439818 
0.8438264626381162 0.20236043286872885 0.13475435463291796 
0.8932715626056961 0.1458140105357152 0.10861294067785943 
0.8796598360670933 0.16663582508027908 0.1026115908224593 
0.9261566117468308 0.10281510611604305 0.11874640617276522 
0.9248419288045335 0.10323040889421686 0.11814653065488134 
0.8500436238493712 0.19355554384724416 0.13405947050568545 
0.8748030208613745 0.16189847466722573 0.12276694137848432 
0.8848033478931336 0.149759196641429 0.11729405991760844 
0.8928001862923698 0.14219327687442396 0.11381445444636862 
0.8970625735719846 0.13865169380560793 0.11044138889484723 
0.8684439867568368 0.16766309432504511 0.1246381144127966 
0.9326595876763495 0.09835795555733262 0.116494204802007 
0.8401073647396069 0.2056562904185314 0.14864604336411424 
0.8497152823787724 0.19252689159810765 0.13975340202324704 
0.8913387989448451 0.14367648723434367 0.11248988140571792 
0.8564368181390625 0.17983342293320848 0.13862407398586196 
0.8608177467236078 0.1743865102753831 0.13672527889287944 
0.8620362169238256 0.17116111171360093 0.13672708654086352 
0.8753445750181608 0.15508958835467868 0.1271033944444918 
0.8651076451591251 0.17308781491535463 0.12000612858102955 
0.8525629342747889 0.19307572969381048 0.1279792490811903 
0.8411181043748064 0.20353236387709484 0.15696822847086755 
0.9227353235909532 0.1074661462004961 0.11366465085278654 
0.9052447960063271 0.12081479464377098 0.13335462991716107 
0.9012649626233415 0.12467579155864628 0.12979860142376987 
0.8690601017911526 0.1771816185519186 0.10733377298177293 
0.9078426191572087 0.12341347676891301 0.11763573700280083 
0.8415148833450201 0.21313657714020584 0.1373334103579238 
0.8837419044850963 0.15172007131835963 0.11276437761480052 
0.8360441945880452 0.2142203695532493 0.15633493881823513 
0.8958265558996299 0.12849023247546298 0.1369069266640861 
0.8947939545516748 0.13107282432169465 0.14053825128669828 
0.8369236352572521 0.21650378571128026 0.14535483297434093 
0.9225088106889284 0.10460400708990902 0.12684937992018563 
0.8944498176232665 0.13951429647776803 0.11392422761076615 
0.9008027429127523 0.13399989201839047 0.11222906879071093 
0.8701520518952175 0.1721491762596048 0.11792391864008922 
0.9147110586986531 0.11433953484611081 0.11981208695252199 
0.8703531932896408 0.17557333625630722 0.10753060467277209 
0.8600847879307392 0.18641139574233345 0.12246144453942609 
0.8379174875110911 0.21128131121154403 0.15118709509702943 
0.9285242473673099 0.09983022884860249 0.11876123159844776 
0.8377162481888119 0.21128391295716398 0.1487337836876823 
0.8881024942960303 0.14813713199360157 0.10794547191137294 
0.8933634641791008 0.1358343837259589 0.12773782710106762 
0.8413340263823574 0.20316700031306223 0.14297565951353763 
0.8872758314285482 0.1470229926397869 0.11709214926059319 
0.8405268698891807 0.2053680807895506 0.1406096635505879 
0.8692297893066134 0.16264596320564462 0.13081028523478777 
0.9006993151012379 0.12672218883085518 0.1273752580696217 
0.8701584567162471 0.1756877085033055 0.1097719659317038 
0.90632705229377 0.12196950728488787 0.12297221645361378 
0.8657758847981841 0.17692790831322525 0.11566652428593616 
0.8717516525587697 0.15874339783300617 0.13325724869155486 
0.8853718225663304 0.14443590886811186 0.12486576188249887 
0.9163151260151281 0.11269747271750707 0.1181097009021872 
0.9173094207088937 0.11014693495037053 0.1263587744026613 
0.8441874834825173 0.1979557445456137 0.14440674257130537 
0.8871454450575984 0.14760811441297272 0.11399854250499131 
0.9042738472585062 0.12998881723818534 0.11436086766076647 
0.8681510811380082 0.17735403140020112 0.11294700902490329 
0.8512694852672814 0.18602267100231284 0.15437401834298292 
0.8611287776421445 0.17969797748230143 0.13344885120814365 
0.8573505683232231 0.19259982556570387 0.12061917551421897 
0.8790188911268768 0.1562955237914454 0.11695868547448462 
0.8497353735527434 0.18799664647716363 0.14184557533536168 
0.8664586329467485 0.16606062734462235 0.13549576608655312 
0.8368499495783819 0.21181101766814014 0.15745419809609473 
0.8371561670223056 0.21103628488680548 0.15407190946754634 
0.8737482092765879 0.1610897825190173 0.12457620117642165 
0.9268779315274933 0.10031610080994746 0.126246839201118 
0.8479858629815363 0.19479518133790785 0.13881392739591347 
0.9223298378022028 0.10514875658038103 0.12347146478887083 
0.8901018422531091 0.13722194453229897 0.14086492594009348 
0.8383095003781745 0.20904771137083322 0.15373490731851325 
0.9024430284736658 0.13201441436971928 0.1114381327700752 
0.9024090345543392 0.13151109090422253 0.11351789512346633 
0.8794592850880559 0.15991473854212457 0.10786807570747525 
0.9020590764297749 0.132634997811377 0.11181640126134251 
0.8709972975955647 0.17318361149261796 0.10960557726928699 
0.8750892325509915 0.16540561314882785 0.11428180941430488 
0.8370835664518125 0.21528967704977597 0.14784516681050264 
0.8641156427406631 0.17236585674033422 0.12687001770646933 
0.8554202488252085 0.1821188153292782 0.1329909018506873 
0.8389630364065218 0.21391731240229783 0.14527606536854676 
0.8486885453094983 0.19026154581284926 0.1416775236399812 
0.8618829798440618 0.17939958964052982 0.11816897130125747 
0.8805537626041136 0.15084869673938606 0.12259853789613062 
0.8762967380165804 0.15448822793933104 0.1282996666232078 
0.8719615432480152 0.16939313280644608 0.11035540720518655 
0.868455438476359 0.17338657053921325 0.11328286365768114 
0.8870940012319937 0.14925662829427744 0.11087456217761749 
0.8772434229047962 0.17005851266313998 0.1028939010647143 
0.8658623142527978 0.17010885974355394 0.12723110688921913 
0.8781661935895677 0.16152302083773618 0.10767124401647576 
0.8911715885251149 0.13740556039776552 0.12901159321281686 
0.8748844880634055 0.17158378457533574 0.10614557154558424 
0.8445881241257898 0.19788053832764618 0.14868282910770958 
0.9011676993709039 0.12928789288350395 0.11496577265007657 
0.8950769116376144 0.14229789722081787 0.10844433823133437 
0.889279282964687 0.14084655986983563 0.1299169797673425 
0.8369236352572521 0.2173678929608277 0.14130037736748857 
0.9129238881283601 0.11904770353456151 0.11336162812729378 
0.8867221806066263 0.14458255276093102 0.12380469645884618 
0.8593274117650317 0.1897422798573155 0.11534964982451779 
0.9207642354011616 0.10951031105547482 0.11374040295634147 
0.9087356909019854 0.12582607885623376 0.11245394613679549 
0.9045221520527851 0.12205742351576876 0.1289198269199795 
0.8948850697236725 0.13026407440137222 0.14124545917996978 
0.8736764261394049 0.16987692835301527 0.10862550614626276 
0.8471562206711455 0.19215150070870213 0.1402927023677103 
0.8501317144613255 0.187128288049225 0.1457303747663109 
0.843330242667246 0.1995020602027664 0.14417467189267485 
0.8553287889568497 0.18552230269162728 0.13074727707484113 
0.9003217619863999 0.13857808108306457 0.10999774195214862 
0.8745959806144361 0.1576821231843344 0.12504854491821504 
0.9241749490115988 0.10611529101845762 0.11415443171921869 
0.9035278460899199 0.12768584681928863 0.12151261836332383 
0.8879077181585977 0.15733747321372926 0.10341618495507754 
0.9268779315274933 0.10031610080994746 0.126246839201118 
0.884935163244211 0.14413118817772064 0.14781591731523847 
0.8511407079786376 0.1871842496700039 0.14557344126213778 
0.8754468140742306 0.15643351636227754 0.11967663978798915 
0.8358552966100194 0.2145346232436749 0.15221503646019807 
0.915645739286708 0.11810901845204969 0.11115324424155171 
0.8636742247756022 0.17476860058350285 0.12274273905499145 
0.8393751896946775 0.2062506120345431 0.16124028043115424 
0.8466152880452084 0.19596311842850256 0.14036779922521492 
0.8588301954159063 0.18476529866786973 0.1224693714610372 
0.9200806750596208 0.10852652991971357 0.11663587771931638 
0.8618947706596208 0.17593356855796494 0.1293707981197567 
0.8447674118632968 0.19698644505529594 0.14310137471657092 
0.9005918532163879 0.12683683413142843 0.12600816940690318 
0.8917469674848024 0.13679470562075302 0.13258293609679284 
0.8792326848190046 0.14955378673455522 0.13420778935600441 
0.8823087808451249 0.14581413740729599 0.14398328447954967 
0.8871941869117884 0.15215994279333522 0.10741712651283797 
0.8867691368689723 0.14773804790719391 0.11868993032310504 
0.8465593760735102 0.1937766685565825 0.14866286778958726 
0.8469101713573095 0.19276212716499108 0.14234723949027683 
0.8490251304539157 0.19003743357330904 0.1439227561933334 
0.8981350709955811 0.13669462557655954 0.11201286238128483 
0.894769108082866 0.13233579799691664 0.1333001942641957 
0.854612491129721 0.184658998756712 0.13533045846768754 
0.9395511639796966 0.09547195066355496 0.1281952933101067 
0.9062867355301262 0.1243255685767608 0.11841829423576045 
0.9253121637426212 0.10405639965402236 0.11652610878406677 
0.8733783317194309 0.16331214934394722 0.12115696030616718 
0.847674847436582 0.19168789339999104 0.1549908273359505 
0.898630050010701 0.13572463364806286 0.11185691861491198 
0.8463433237273028 0.20319748157170103 0.1330779004340077 
0.9015344517513116 0.1253032931662399 0.12823954303147944 
0.90378433143952 0.12229778723050944 0.1274744165280265 
0.9174685033845136 0.11061258181495315 0.11957618544555804 
0.9103463996493893 0.11920996453124555 0.11526335649579944 
0.8714239309091565 0.1590504842223336 0.13889571673611256 
0.8833763770138595 0.1460725472693276 0.12585960298602206 
0.9047461664551185 0.12172089744743098 0.1279974173104489 
0.8790740745711454 0.16101158887462264 0.11129863071841939 
0.8528126128318602 0.18365561816490839 0.1415025102466818 
0.8904285253229123 0.14424195212108526 0.1107825683550353 
0.8569618873309408 0.17713841041219047 0.14147202056130248 
0.9152212693903669 0.11634715955025576 0.11305036887448949 
0.8382462265496747 0.21011406504786445 0.1538421201378215 
0.920869995130157 0.10645725241208859 0.12143520934874086 
0.9137049279630594 0.1162967133175139 0.11632412523843849 
0.8577214182552045 0.18799603114308416 0.12679403819591684 
