2 1 0 2 1 9 1 1 0 0 1312 4548 2671 552 5 0 1 0 2 11 4 0 1 1 528 3389 1328 3577 
2 1 3 0 0 15 4 0 0 0 945 3918 817 60 6 0 0 2 0 0 0 4 1 1 556 4814 353 4201 
7 0 0 2 0 7 1 2 1 0 1312 1204 3089 3680 2 1 3 0 2 11 3 0 1 1 521 2102 3913 469 
2 0 3 0 0 14 0 0 0 0 796 3918 4628 60 4 0 0 2 0 0 0 3 1 0 556 4814 557 4201 
2 1 0 0 0 15 5 0 0 1 945 3918 817 60 5 0 0 2 0 0 0 4 1 1 521 4890 557 4201 
7 0 0 2 0 7 1 2 1 0 1450 1204 3260 3247 2 1 3 0 1 11 3 0 1 1 521 1674 1499 469 
1 1 0 2 0 7 1 0 1 0 1450 1204 3260 3247 2 1 3 0 1 11 3 0 1 1 521 1674 1499 469 
1 1 0 2 0 7 1 2 1 0 1312 1204 3089 3680 2 1 3 0 2 11 3 0 1 1 521 2102 3734 469 
2 0 3 0 0 14 0 0 0 0 796 3918 4628 60 4 0 0 2 1 14 0 3 1 0 661 4890 560 4729 
7 0 0 2 0 7 1 2 1 0 1312 1204 3089 3680 2 1 3 0 2 11 4 1 1 1 521 2102 3913 469 
2 0 0 2 0 7 1 0 1 0 1358 1640 3260 3311 4 0 1 0 1 7 1 1 1 1 541 4814 107 4240 
2 1 0 0 0 2 0 0 0 0 796 2331 4022 1295 5 0 0 0 1 14 0 3 1 0 642 4890 277 4201 
7 0 0 2 0 7 1 0 1 0 1450 1204 3260 3680 2 1 3 0 1 11 2 0 1 1 521 1674 3105 469 
2 1 0 2 0 7 1 0 1 0 1469 1204 160 1295 5 0 0 0 1 7 0 3 1 0 642 4890 277 4201 
1 1 0 2 0 7 1 2 1 0 1312 1204 3089 3680 2 1 3 0 2 11 3 0 1 1 521 2102 3734 469 
2 1 0 1 0 7 1 0 0 0 1319 4548 1083 3134 4 0 0 0 1 11 3 0 1 0 521 3389 2362 427 
7 0 0 2 0 7 1 2 1 0 1312 1204 3089 3680 2 1 3 0 2 11 4 0 1 1 655 1900 3917 427 
2 0 0 2 0 7 1 0 1 0 1312 4571 1238 3311 4 0 0 0 2 11 3 0 0 1 521 1674 2277 1505 
1 1 0 2 0 7 1 0 0 0 1319 4548 1083 3134 6 0 0 0 2 0 0 3 1 1 556 4814 2637 4201 
2 0 0 0 0 7 1 0 0 0 945 3918 4628 2590 4 0 0 0 2 7 0 3 1 0 518 4890 277 4201 
7 0 0 2 0 7 1 2 1 0 1312 1204 3089 3680 2 1 3 0 2 11 3 0 1 1 521 2102 3734 469 
2 1 0 2 1 9 1 0 0 0 1312 4548 1083 3062 3 1 1 0 2 11 4 0 1 1 528 3389 637 4528 
1 1 0 0 0 7 1 0 0 0 945 3918 160 664 4 0 0 0 0 0 0 3 1 1 521 2917 637 4528 
1 1 0 2 0 7 1 0 1 0 1450 1040 1150 3311 4 0 1 0 2 11 4 0 1 1 528 1169 3829 3577 
2 0 3 0 0 14 5 0 0 0 796 3918 4628 60 4 0 0 2 0 0 0 3 1 0 528 4590 557 4201 
2 1 0 2 1 7 1 1 1 0 1450 1204 3260 3311 4 0 3 0 2 11 3 0 1 1 521 1674 3699 469 
2 1 3 0 0 13 0 0 1 0 945 3918 4628 2590 4 0 0 2 1 14 0 3 1 1 583 4757 277 4201 
1 1 0 2 0 7 1 0 1 0 1217 4703 193 3134 5 0 0 0 1 7 0 2 1 1 521 4456 2277 469 
2 0 0 0 0 15 0 0 0 0 796 3918 160 1648 4 0 0 0 1 14 0 3 1 0 583 4757 637 4528 
2 1 0 2 1 9 1 1 0 0 1312 4548 2671 552 4 0 3 0 2 11 4 0 1 1 528 3389 1328 2826 
2 0 3 0 0 14 0 0 0 0 954 3918 160 1648 4 0 0 0 1 14 0 3 1 0 583 4757 637 4528 
1 1 0 2 0 7 1 0 0 0 945 924 160 3134 4 0 3 0 2 7 0 3 1 0 642 4890 277 4201 
1 1 0 2 0 7 1 0 1 0 1469 1204 1910 3756 4 0 0 0 2 7 0 3 1 1 655 1898 3917 427 
2 1 3 0 0 15 0 0 0 0 796 3918 160 1648 4 0 0 0 1 14 0 3 1 0 583 4757 637 4528 
1 0 0 0 0 7 1 0 1 0 1363 1389 1963 3134 4 0 0 0 2 11 3 0 1 1 521 1674 3699 469 
1 1 0 2 0 7 1 2 1 0 1450 1204 3260 3311 4 0 3 0 2 11 3 1 1 1 541 1674 2362 427 
1 1 0 2 0 7 1 0 0 0 1312 4548 2671 552 5 0 1 0 2 11 4 4 1 1 521 4638 637 4528 
2 1 0 2 0 7 1 0 0 0 1312 4548 1083 3062 3 1 1 0 2 11 4 0 1 1 528 3389 557 4201 
2 0 0 0 0 15 0 0 0 0 796 3918 160 1648 4 0 0 2 1 14 0 3 1 0 661 4890 186 4729 
2 1 3 0 0 15 4 0 1 0 945 3918 817 60 5 0 0 2 0 0 0 3 1 1 556 4814 557 4490 
7 0 0 2 0 7 1 2 1 0 1312 1204 3089 3282 2 1 3 1 2 11 4 1 1 1 541 1674 2362 427 
1 1 0 2 0 7 1 0 1 0 1460 1389 1963 3134 4 0 3 0 1 8 4 0 1 1 655 1898 3917 427 
2 0 0 2 0 7 1 1 1 0 1358 1640 3260 3311 4 1 3 0 1 7 1 1 1 1 541 1674 2362 427 
1 1 0 2 0 7 1 0 0 0 1319 4548 1083 3134 4 0 0 0 2 7 0 3 1 0 642 2162 277 4201 
2 1 0 0 0 7 0 0 1 0 1460 876 3284 3134 4 0 1 0 1 7 0 0 1 1 521 1674 3699 469 
2 1 0 0 0 2 0 0 1 0 868 2295 4628 3134 4 0 0 0 2 7 0 3 1 0 556 4814 277 4201 
2 0 0 0 0 7 1 0 1 0 1399 1204 1150 3311 4 0 0 0 2 7 0 3 1 0 528 1213 1274 4201 
1 1 0 2 1 9 1 0 0 0 1312 4548 1083 3062 3 1 1 0 2 11 4 0 1 1 528 3389 1918 4201 
1 1 0 2 1 9 1 0 0 0 1312 4914 2414 3311 4 0 3 0 2 11 3 0 1 1 521 1674 3699 469 
2 0 0 0 0 15 0 0 0 0 945 3918 817 60 5 0 0 2 0 0 0 3 1 1 556 4814 353 4201 
2 0 3 0 0 14 0 0 0 0 796 3918 160 1648 7 0 0 0 0 0 0 3 1 0 661 4890 186 4729 
1 1 0 2 0 7 1 0 1 0 1450 1204 3260 3311 4 0 3 0 1 11 3 0 1 1 528 3389 557 4201 
2 0 3 0 0 14 0 0 0 0 945 3918 4259 60 5 0 0 2 0 0 0 3 1 1 556 4814 353 4201 
1 1 0 2 1 9 1 1 0 0 1312 4548 2671 552 5 0 1 0 2 11 4 3 1 1 528 3389 1328 3577 
2 1 0 0 0 15 3 0 0 1 945 3918 4259 60 5 0 0 2 0 0 0 3 1 1 556 4814 353 4201 
2 0 3 0 0 14 0 0 0 0 796 3918 4628 60 4 0 0 2 0 0 0 3 1 0 528 4590 557 4201 
1 1 0 2 0 7 1 0 0 0 1450 1204 3260 3247 2 1 3 0 1 11 3 0 1 1 521 2102 3734 469 
1 1 0 2 0 7 1 0 1 0 1399 4548 1083 3134 4 0 0 0 1 11 3 3 1 1 521 4986 2362 427 
2 1 0 2 0 7 1 0 1 0 1450 1204 3260 3311 4 0 3 0 1 11 4 0 1 1 528 1674 2991 4240 
1 0 0 0 0 7 1 0 1 0 1363 1389 1963 1648 4 0 0 0 1 14 0 3 1 0 583 4757 637 4528 
2 0 0 0 0 13 0 0 0 0 945 3918 160 664 4 0 0 0 0 0 0 3 1 0 642 126 277 4201 
1 0 0 2 0 7 1 0 1 0 1450 1204 3260 3247 2 1 3 2 1 11 1 1 1 0 528 2119 1918 427 
1 1 0 2 0 7 1 0 1 0 1450 1204 3260 3247 2 1 3 0 2 11 3 1 1 1 521 2102 3913 469 
1 0 0 1 0 7 0 0 1 0 1312 4571 1238 3134 5 0 0 0 1 14 0 3 1 1 528 1674 2991 4240 
2 0 3 0 0 2 3 0 0 0 796 4733 4628 60 4 0 0 2 0 0 0 3 1 0 556 4814 557 4201 
1 0 0 0 0 7 1 0 1 0 1450 1204 3260 3330 4 0 3 0 2 11 3 0 1 1 521 1674 3699 469 
2 1 0 2 0 7 1 0 1 0 1469 1204 1910 3134 4 0 0 0 2 5 0 3 1 1 528 4814 557 4240 
1 0 0 0 0 8 0 0 0 0 945 4472 476 2602 5 0 0 0 0 14 0 1 1 1 661 4757 478 4201 
1 0 0 0 0 13 0 0 0 0 945 3918 4628 2590 4 0 0 0 2 7 0 3 1 0 518 4890 557 4927 
1 1 0 2 0 7 1 0 0 0 1460 1204 1969 3134 5 1 3 0 1 11 3 0 1 1 521 2102 3734 469 
2 1 3 0 0 15 0 0 0 0 945 3918 160 664 4 0 0 0 0 0 0 3 1 1 521 4638 637 4528 
2 1 0 2 1 9 1 1 0 0 1312 4548 1083 3062 3 1 1 0 1 11 4 0 1 1 528 3389 1918 4201 
1 1 0 2 0 7 1 0 1 0 1460 1204 1150 3311 4 0 3 0 2 7 0 3 1 1 528 2754 3161 3991 
2 0 1 0 0 13 0 0 0 0 945 3918 4628 332 4 0 0 0 0 8 0 4 1 0 528 4757 277 4201 
2 0 0 0 0 13 0 0 0 0 945 3918 160 664 4 0 0 0 1 14 0 3 1 1 528 4814 557 427 
2 1 2 0 0 15 0 0 0 0 945 3918 817 60 5 0 0 2 0 0 0 4 1 0 518 4890 277 4201 
1 0 2 0 0 15 0 0 0 0 945 3918 817 60 6 0 0 2 0 0 0 3 1 0 528 4814 557 4201 
2 1 0 2 1 9 1 1 0 0 1312 4548 2671 552 5 0 1 0 2 11 4 0 1 1 521 4638 637 4528 
2 0 0 0 0 15 0 0 0 0 945 3918 4022 1295 5 0 0 0 2 14 0 3 1 1 528 4814 3867 4201 
2 0 3 0 0 15 0 0 0 0 945 3918 4628 332 4 0 0 0 0 8 0 4 1 0 528 4757 277 4201 
2 1 0 0 0 9 1 0 0 0 945 2519 3598 3134 5 0 0 0 1 14 0 3 1 1 583 4757 3942 4528 
2 0 0 0 0 7 0 0 1 0 1460 2604 3284 3134 4 0 1 0 1 7 0 3 1 1 528 1674 637 4528 
2 0 2 0 0 15 0 0 0 0 682 3918 4628 60 5 0 0 2 1 14 0 3 1 0 661 4890 186 4729 
2 1 0 0 1 9 1 0 0 0 1312 4548 3245 2590 4 0 0 0 2 7 0 3 1 1 668 3567 96 4201 
2 1 0 0 0 7 1 0 0 0 1450 1040 3228 3311 4 0 3 0 2 11 4 1 1 1 528 3389 637 4528 
2 0 3 0 0 14 0 0 0 0 796 3918 160 1648 7 0 0 0 0 15 0 3 1 0 661 4890 186 4729 
1 1 0 2 0 7 1 0 1 0 1460 1389 1963 3134 3 1 1 0 2 11 4 0 1 1 528 3389 637 4528 
2 1 3 0 0 2 0 0 1 0 627 2295 4628 3134 4 0 0 0 2 7 0 3 1 0 583 4757 637 4528 
2 1 0 2 0 7 1 0 1 0 1450 1040 1150 3311 4 0 3 0 2 11 4 1 1 1 521 4829 2991 4201 
2 0 3 0 0 2 0 0 0 0 796 3918 160 1648 4 0 0 0 0 15 0 3 1 0 642 4890 277 4201 
1 1 0 2 0 8 1 0 1 0 1399 1204 1150 3311 3 0 0 0 2 7 0 3 1 0 661 4451 4569 104 
2 1 0 2 1 9 1 0 0 0 1312 4548 160 1295 3 1 1 0 2 11 4 0 1 1 528 1674 1844 4240 
2 1 0 2 0 13 0 0 0 0 945 3918 817 60 6 0 0 2 0 0 0 3 1 0 583 4757 637 4528 
2 0 0 0 0 13 0 0 0 0 945 3918 160 664 4 0 0 0 0 0 0 3 1 1 521 4638 637 4528 
1 1 0 2 2 7 1 0 0 0 1449 1204 1083 3134 6 0 0 0 1 15 0 0 1 1 528 3389 637 4528 
2 1 0 0 0 15 4 0 0 0 945 3918 817 60 5 0 0 0 0 14 0 3 1 1 528 4814 1343 4201 
2 0 0 0 0 2 0 0 1 0 954 1649 1150 3311 4 0 0 0 2 7 0 3 1 1 541 626 2362 427 
1 1 0 2 0 7 1 0 1 0 1460 1204 1150 3324 4 0 3 0 2 11 3 1 1 1 541 1674 2362 427 
1 1 0 2 0 7 1 0 1 0 1312 4571 1238 3311 4 0 0 0 2 11 3 0 1 1 521 4456 2277 1960 
2 0 3 0 0 13 0 0 0 0 945 2331 4628 3134 4 0 0 0 2 7 0 3 1 1 528 4814 1274 4201 
2 1 0 2 0 7 1 1 0 0 1484 4571 2700 60 5 0 0 0 0 11 4 4 1 1 512 4814 557 4201 
2 0 0 0 0 15 0 0 0 0 796 3918 160 3134 3 0 0 0 1 14 0 3 1 0 583 4757 637 4528 
2 0 2 0 0 15 0 0 0 0 945 3918 817 60 6 0 0 2 0 0 0 3 1 0 556 4814 3909 4201 
2 0 3 0 0 13 0 0 0 0 796 3918 160 1648 4 0 0 0 1 7 0 3 1 0 642 4890 277 4201 
2 0 0 0 0 11 4 0 0 0 945 3918 4628 60 4 0 0 2 0 0 0 3 1 0 521 4638 637 4528 
2 0 0 2 0 7 1 0 0 0 1460 2513 3284 3134 4 0 0 0 2 11 4 0 0 1 521 3389 827 3577 
2 0 3 0 0 13 0 0 0 0 796 3918 352 1648 4 0 0 0 2 15 0 3 1 1 528 4814 557 4201 
2 1 0 0 0 15 0 0 0 0 945 3918 4628 60 5 0 0 2 0 0 0 4 1 1 556 4814 277 4201 
2 0 0 0 0 2 0 0 0 0 796 4040 4022 1295 5 0 0 0 1 14 0 3 1 0 642 4890 277 4201 
1 1 0 2 0 7 1 0 1 0 1312 4571 1238 3311 4 0 0 0 2 11 3 3 1 1 528 4814 557 4201 
2 1 0 1 0 13 1 4 0 0 1312 4548 1083 3134 4 0 0 0 2 7 0 3 1 1 518 4814 557 4201 
2 0 3 0 0 15 0 0 0 0 796 3918 160 1648 4 0 0 0 1 14 0 3 1 0 642 4890 277 4201 
1 1 0 2 0 7 1 3 1 0 1312 4548 1083 60 5 1 0 0 0 7 0 3 1 1 661 4757 277 4201 
1 1 0 2 0 7 1 0 1 0 1312 4571 1238 3311 4 0 2 0 2 11 4 0 0 1 521 3389 1328 3577 
2 1 0 2 0 7 1 0 1 0 1460 1389 151 3134 5 0 0 0 2 7 0 3 1 0 518 4814 3734 4528 
2 1 0 2 0 7 1 0 1 0 1469 1204 1910 3988 7 0 0 0 2 7 0 3 1 1 528 2754 3161 3621 
2 0 3 0 0 15 0 0 0 0 945 3918 4628 60 4 0 0 2 0 0 0 3 1 0 642 4814 557 4201 
2 0 0 2 0 7 1 1 1 0 1358 1640 3260 3311 4 1 3 0 2 7 0 3 1 0 642 126 277 4201 
2 1 0 2 1 9 1 0 0 0 1345 4548 1083 3062 3 1 1 0 2 11 4 0 1 1 528 2119 1918 427 
2 0 0 2 0 7 1 0 1 0 1450 1204 2344 3134 4 0 3 0 1 7 4 1 1 1 521 1674 2277 4750 
1 1 0 2 0 7 1 0 0 0 1460 2660 4552 3134 4 0 0 0 2 7 0 3 1 1 528 4814 107 4528 
1 1 0 2 1 8 5 0 0 0 1312 1040 1434 3311 5 0 0 0 2 11 4 0 1 1 528 4814 1274 4201 
2 0 3 0 0 14 0 0 0 0 796 3918 160 1648 4 0 0 0 0 0 0 4 1 1 521 4638 637 4528 
2 1 0 2 1 7 1 0 0 0 1415 4548 160 1295 5 0 0 0 0 11 4 4 1 1 512 4890 4584 4201 
2 1 0 2 0 7 1 0 0 0 1319 3971 2606 3311 4 0 1 0 2 11 3 3 1 1 551 3970 1992 4201 
1 1 0 2 0 7 1 0 0 0 945 4248 160 1648 4 0 0 0 0 14 0 4 1 1 556 4814 557 4201 
1 1 0 2 0 7 1 0 1 0 1399 1204 1150 3311 4 0 3 0 2 11 4 1 1 1 521 1674 277 4201 
1 1 0 0 0 7 1 0 1 0 1363 1389 1963 3247 2 1 3 0 2 7 1 0 1 1 521 1674 3699 469 
2 1 0 2 1 9 1 0 0 0 1312 4548 160 1295 4 1 1 0 2 11 4 0 1 1 528 1674 2991 4240 
2 0 0 0 0 7 0 0 1 0 1460 2604 3284 3134 4 0 1 0 0 7 0 3 1 0 661 4890 186 1685 
2 1 0 0 0 15 0 0 0 0 945 3918 817 60 6 0 0 0 0 0 0 4 1 1 556 4814 4108 4201 
2 1 0 0 0 15 0 0 0 0 796 3918 160 2602 5 0 0 2 0 0 0 4 1 1 521 4890 557 4201 
2 0 2 0 0 15 0 0 0 0 796 3918 160 1648 4 0 0 0 1 14 0 3 1 0 642 4890 277 4201 
1 1 0 2 0 7 1 0 0 0 1449 1204 1083 3134 6 0 0 0 1 15 0 4 1 0 642 4814 557 4201 
1 1 0 2 0 7 1 0 1 0 1460 1389 1963 3134 4 0 3 0 1 8 4 0 1 1 528 3389 637 4528 
1 1 0 0 0 7 1 0 0 0 512 4571 1003 312 4 0 0 0 1 1 4 0 1 1 528 4814 557 4201 
1 1 0 2 1 9 1 0 0 0 1312 4548 160 1295 3 1 1 0 2 11 4 0 1 1 528 4814 557 4201 
1 1 0 0 0 13 0 0 0 0 945 3918 817 3134 5 0 0 0 0 0 0 3 1 1 521 4890 277 4201 
2 1 0 2 0 7 1 0 0 0 1312 4548 1083 3062 3 0 0 0 2 11 4 0 1 1 528 2754 3161 3621 
2 1 3 0 0 15 0 0 0 0 945 3918 4628 60 6 0 0 2 0 0 5 4 1 1 512 4814 557 4201 
2 1 0 0 0 13 0 0 0 0 945 3918 4628 2590 4 0 0 0 2 7 0 3 1 0 518 4890 557 4927 
2 0 0 0 0 13 0 0 0 0 945 3918 160 571 4 0 0 0 2 8 0 4 1 0 583 4757 1274 4683 
2 1 3 0 0 15 0 0 0 0 945 3918 4628 60 5 0 0 2 0 0 0 4 1 1 521 4638 637 4528 
1 1 0 2 1 9 1 0 0 0 1312 4548 1083 3062 3 1 1 0 1 11 4 0 1 1 528 3389 1918 4201 
2 0 0 0 0 13 0 0 0 0 945 3918 160 1295 5 0 0 0 2 7 0 3 1 1 556 4872 557 4927 
2 1 0 0 0 11 0 0 0 0 768 3342 1083 3134 5 0 0 0 1 14 0 3 1 0 642 4890 277 4201 
1 1 1 0 0 13 0 0 0 0 945 3918 160 3134 4 0 0 0 2 7 0 3 1 1 528 4814 557 4240 
1 1 1 0 0 2 0 0 0 0 868 3918 4628 2602 4 0 0 0 0 14 0 3 1 1 528 4814 557 4201 
2 1 0 1 1 9 1 0 0 0 1312 4548 3245 2590 4 0 0 0 2 7 0 3 1 0 661 4890 186 4729 
2 0 3 0 0 13 0 0 0 0 796 3918 160 1648 4 0 0 0 2 15 0 3 1 1 556 4814 557 4201 
2 0 0 2 0 7 1 0 1 0 1469 1204 3260 3311 4 0 3 0 2 11 2 0 1 1 521 1674 3699 469 
2 1 0 2 0 7 1 1 0 0 1484 4571 3621 312 4 0 0 0 1 11 4 3 1 1 528 4814 557 4201 
2 0 0 2 0 7 1 0 1 0 1450 1204 3260 3311 4 0 2 0 2 11 3 1 1 0 541 1674 2362 427 
2 1 0 0 0 14 0 0 0 0 796 3918 4628 60 4 0 0 2 0 0 0 3 1 0 556 4814 557 4201 
3 0 0 2 0 7 1 0 1 0 1469 1204 1910 3134 4 0 2 0 1 8 0 1 1 0 583 3970 4959 4201 
2 0 0 0 0 13 0 0 0 0 945 2331 4628 3134 4 0 0 0 2 7 0 3 1 1 528 4814 1274 4201 
1 1 0 2 0 7 1 0 1 0 1450 1204 1910 2584 6 0 0 0 1 11 4 3 1 1 738 3389 1918 4201 
2 0 3 0 0 14 0 0 0 0 796 3918 4628 60 4 0 0 2 0 14 0 4 1 1 556 4814 557 4201 
2 1 0 2 0 7 1 0 1 0 1450 1204 3260 3311 4 0 3 0 2 11 3 0 1 1 521 2102 3734 469 
2 0 2 0 0 13 0 0 0 0 945 3918 4628 2590 4 0 0 0 2 7 0 3 1 0 518 4890 557 4927 
2 1 0 0 0 14 0 0 0 0 796 3918 4628 60 4 0 0 2 0 15 0 3 1 0 642 4890 277 4201 
2 1 0 2 0 7 1 0 0 0 1312 4548 1083 3062 3 0 1 0 2 11 4 0 1 1 528 3389 557 375 
2 1 3 0 0 15 5 0 0 0 796 3918 160 1648 4 0 0 2 0 0 0 3 1 1 556 4814 353 4201 
1 0 0 0 0 2 0 0 1 0 954 1649 1963 3134 4 0 0 0 1 7 0 3 1 1 661 2866 277 4201 
2 1 0 2 1 9 1 0 0 0 1383 4703 160 552 5 0 1 0 2 11 4 0 1 1 528 3389 637 4528 
2 0 0 0 0 15 0 0 0 0 945 3918 160 1295 5 0 0 0 1 7 0 3 1 0 642 4890 277 4201 
1 1 0 2 1 9 1 3 0 0 1312 1040 1434 3311 3 0 0 0 2 11 4 0 1 1 528 3389 637 4528 
2 1 0 2 0 7 1 0 0 0 1319 4914 2606 3311 4 0 3 0 2 11 3 0 1 1 521 4890 277 4201 
1 0 0 2 0 7 1 0 1 0 1450 1204 3260 3247 2 1 3 0 2 7 1 1 0 1 528 3389 1918 3577 
1 1 0 2 0 7 1 0 1 0 1450 4864 2344 3134 4 0 3 0 1 7 4 1 1 0 556 4814 353 4201 
2 0 0 0 0 13 0 0 0 0 945 3918 4628 2590 4 0 0 0 2 7 0 3 1 0 518 4890 557 4927 
2 1 0 2 0 7 1 0 1 0 1300 982 1912 4512 4 1 3 0 2 11 4 0 1 1 543 3389 557 4856 
2 1 0 0 0 13 0 0 1 0 945 3918 4628 2590 4 0 0 0 2 7 0 3 1 0 518 4890 277 4201 
2 1 0 2 1 9 1 0 0 0 1312 4548 1706 3062 3 0 0 0 2 7 0 3 1 0 518 4890 1917 4201 
2 1 0 2 2 9 1 1 0 0 1312 4548 2671 552 5 0 1 0 2 11 4 0 1 1 528 3389 1328 139 
1 1 0 2 0 7 1 0 1 0 1450 1204 3260 3247 2 1 3 0 1 11 2 0 1 0 655 1898 3917 427 
1 1 0 2 0 7 1 0 1 0 1450 1204 3260 3311 4 0 3 0 1 11 3 0 1 1 528 3389 753 4201 
2 1 0 0 0 13 0 0 1 0 945 3918 817 60 6 0 0 0 0 14 0 3 1 1 528 4814 3867 4201 
2 1 0 2 0 7 4 0 0 0 1399 1204 1150 3311 4 0 3 0 2 11 4 0 1 1 556 4814 353 1387 
2 0 0 0 0 15 5 0 0 0 796 3918 4628 60 4 0 0 2 0 0 0 3 1 0 521 4638 637 4528 
2 1 0 2 0 7 1 2 0 0 1358 1640 3260 3311 4 0 3 0 2 11 3 0 1 1 521 1598 2472 469 
2 0 0 0 0 7 0 0 1 0 1460 876 3284 3134 4 0 1 0 1 7 1 0 1 0 521 1674 3699 469 
2 1 0 2 1 9 1 0 0 0 1312 4548 1706 3062 3 1 0 0 2 11 3 0 1 1 521 2102 3734 469 
2 0 3 0 0 14 0 0 0 0 796 3918 4628 60 4 0 0 2 0 0 0 3 1 0 521 4638 637 4528 
2 0 0 2 0 7 1 0 0 0 1319 4548 1083 3134 4 0 0 0 1 7 4 0 1 1 521 4829 2991 4528 
2 1 0 2 0 7 1 0 0 0 1362 4548 160 1295 5 0 0 0 1 14 0 4 1 0 528 4757 637 4528 
2 1 0 2 0 7 1 0 0 0 1362 4548 160 4355 4 0 0 0 1 14 0 4 1 1 528 4814 107 4240 
0 0 0 0 0 13 0 0 0 0 945 3918 160 1295 5 0 0 0 2 7 0 3 1 0 642 4890 277 4201 
2 0 0 0 0 14 0 0 0 0 954 3918 160 1648 4 0 0 0 1 14 0 3 1 0 583 4757 637 4528 
1 1 0 2 0 7 1 0 1 0 1450 1204 3260 3247 2 1 3 0 2 11 1 1 1 1 541 1674 2362 427 
1 1 0 0 0 7 0 0 1 0 1450 1204 3260 3311 4 0 3 0 2 11 2 0 1 1 521 1674 3699 469 
2 1 0 2 0 7 1 0 1 0 1450 1040 1150 3311 4 0 0 0 2 7 0 3 1 0 661 4451 4569 4240 
2 1 0 2 1 9 1 0 0 0 1312 4548 1706 3062 3 1 0 0 2 11 4 0 1 1 528 3389 1918 3577 
2 0 0 2 0 7 1 0 0 0 945 3918 817 60 5 0 0 2 0 0 0 3 1 1 556 4814 353 4201 
2 1 0 0 0 7 1 0 1 0 1460 1204 1150 3311 4 0 3 0 2 7 0 3 1 1 528 2754 3161 3991 
1 1 0 0 0 7 1 0 1 0 1450 1204 3260 3247 2 1 3 0 2 11 1 1 1 1 541 1674 2362 427 
1 1 0 0 0 7 1 0 1 0 1469 1204 1910 3134 4 0 2 0 1 8 0 1 1 0 543 3389 1335 139 
2 1 0 0 0 7 1 0 0 0 1450 1040 1150 3311 4 0 3 0 2 11 4 1 1 1 543 3389 1335 139 
2 1 0 2 1 9 1 0 0 0 1450 1204 1910 2584 6 0 0 0 1 8 0 3 1 1 521 4829 261 4528 
1 1 0 2 0 7 2 0 1 0 1460 1389 1963 3134 5 1 0 0 2 11 4 1 1 1 521 1674 2277 4750 
1 1 0 2 0 7 1 0 1 0 1096 1204 1150 3324 4 0 3 0 2 11 3 1 1 1 541 1674 2362 469 
2 0 0 0 0 7 1 0 1 0 1450 1204 3260 3311 4 0 3 0 2 11 3 0 1 1 521 1674 3699 469 
1 0 0 0 0 7 1 0 1 0 1358 1640 3260 3311 4 0 1 0 1 7 1 1 1 1 541 1674 2362 427 
2 1 0 2 1 9 1 0 0 0 1383 4703 160 1295 5 0 0 0 1 14 0 3 1 0 642 77 927 4201 
2 0 3 0 0 14 0 0 0 0 954 3918 160 1648 6 0 0 2 0 0 0 4 1 1 556 4814 353 4201 
1 0 0 0 0 7 1 0 1 0 1358 1640 3260 3309 4 0 3 0 2 7 4 0 1 1 575 4814 353 4201 
2 1 0 2 0 7 1 0 0 0 1319 4914 2606 3311 4 0 0 2 2 6 4 0 1 1 528 3389 1918 3577 
2 1 0 2 0 7 1 0 0 0 1312 2831 193 3134 3 0 0 0 1 7 4 0 1 1 521 4829 2991 4528 
2 1 3 0 1 15 0 0 0 0 945 3918 4259 60 5 0 0 2 0 0 0 4 1 1 528 4814 557 4201 
2 1 0 0 0 15 3 0 0 0 945 3918 4259 60 5 0 0 2 0 0 0 3 1 1 556 4814 1918 4201 
1 1 0 2 0 7 1 0 1 0 1450 1204 2344 3134 4 1 3 0 1 7 4 3 1 1 521 4638 637 4666 
1 1 0 2 0 7 1 0 1 0 1450 1204 1910 2584 6 0 0 0 1 8 0 3 1 1 521 4829 261 4528 
2 0 0 2 0 7 1 0 1 0 1450 1204 2344 3134 4 0 2 0 1 7 0 3 1 1 528 3389 637 4528 
1 1 0 2 0 13 0 0 0 0 945 3918 817 3134 5 0 0 0 1 14 0 3 1 1 528 4814 557 4201 
2 1 3 0 0 15 0 0 0 0 945 3918 4628 60 5 0 0 2 0 0 0 3 1 0 661 4890 186 4729 
1 1 0 2 0 7 1 0 1 0 1312 4571 1238 3311 4 0 0 0 2 11 3 0 0 1 521 1674 2277 1505 
2 1 0 0 0 7 1 1 0 0 1312 4548 1083 2653 3 0 0 0 0 0 0 3 1 0 661 4890 186 4729 
2 0 0 2 0 7 1 0 1 0 1450 1204 3260 3311 5 0 0 0 2 7 0 3 1 1 556 4872 557 3241 
1 1 0 0 0 7 1 0 1 0 1469 1204 1910 3134 4 0 2 0 1 8 0 1 1 0 583 3970 4959 1685 
1 1 0 2 0 7 1 0 0 0 1312 4548 2671 552 5 0 1 0 2 11 4 0 1 1 541 1674 1844 4240 
2 1 0 0 0 11 5 0 0 0 796 3918 4628 60 4 0 0 2 0 14 0 4 1 0 556 4814 557 4201 
2 1 0 2 1 7 1 0 1 0 1423 1204 1963 3134 4 0 0 0 2 11 4 0 1 1 528 4814 1274 4201 
2 1 0 2 0 7 1 0 0 0 1319 4548 1083 3134 6 1 0 0 2 11 3 0 1 1 521 1674 3699 469 
2 1 0 2 0 7 1 0 0 0 1415 4548 160 1295 5 0 0 0 0 11 4 4 1 1 512 4890 277 4201 
2 1 3 0 1 15 0 0 0 0 945 3918 817 60 6 0 0 2 0 0 0 3 1 1 642 4890 186 4995 
2 1 0 2 0 7 1 0 1 0 1460 1204 1150 3311 4 0 3 0 2 7 0 3 1 1 528 2754 3161 3621 
1 0 0 0 0 7 1 0 1 0 1399 1204 1150 3311 4 0 3 0 2 11 4 0 1 1 521 1674 2277 469 
1 1 0 0 0 7 1 0 1 0 1399 1204 1150 3311 4 1 0 0 2 7 0 3 1 0 518 3389 2362 427 
2 0 0 2 0 7 1 0 1 0 1450 1204 3260 3247 2 1 3 0 1 11 3 0 1 1 521 1674 1499 469 
2 1 3 1 0 15 0 0 0 0 945 3918 817 60 6 0 0 0 0 0 0 4 1 1 556 4814 353 4201 
1 1 0 2 0 7 1 0 1 0 1450 1204 3260 3311 4 0 3 0 1 11 3 0 1 1 656 3079 2277 210 
2 0 3 0 0 15 5 0 0 0 796 3918 4628 60 4 0 0 2 0 0 0 3 1 0 521 4638 637 4528 
2 1 0 0 1 9 1 0 0 0 1372 4548 1083 1392 3 1 1 0 2 8 0 3 1 1 528 4814 557 4201 
2 1 0 2 0 7 1 0 0 0 1312 4548 2499 3062 3 0 1 0 2 7 4 0 1 1 521 4638 637 4528 
2 1 0 0 0 15 5 0 0 1 945 3918 817 60 5 0 0 2 0 8 0 4 1 1 521 4638 637 4528 
1 1 0 0 0 7 1 0 1 0 1358 1640 3260 3311 4 0 3 0 2 7 4 0 1 1 543 3389 2362 427 
2 0 1 0 0 13 0 0 0 0 796 3918 160 1648 5 0 0 0 1 14 0 3 1 1 583 4757 637 4528 
1 1 0 1 0 7 1 1 0 0 1312 4548 2671 552 5 0 1 0 2 11 4 0 1 1 603 3389 1328 3577 
2 0 0 0 0 7 0 0 1 0 1319 4914 2606 3311 4 0 3 0 2 11 3 0 1 1 528 4814 96 4201 
1 1 0 0 0 13 0 0 0 0 945 3918 817 3134 5 0 0 0 2 14 0 3 1 1 518 4814 1394 4201 
2 0 0 0 0 15 0 0 0 0 1312 4548 1083 1392 3 1 0 0 0 5 4 3 1 1 556 4814 2944 4201 
2 0 0 2 0 7 1 0 0 0 1298 2519 4771 3207 4 0 3 0 1 11 4 2 1 1 528 3389 2362 427 
2 1 0 0 0 7 1 1 0 0 1312 4548 1083 2653 3 0 0 0 2 7 0 2 1 1 661 4757 277 4528 
2 1 0 2 0 11 1 4 0 0 1383 4703 4628 60 5 1 0 0 0 0 0 4 1 1 556 4814 353 4201 
1 1 0 2 0 7 1 0 1 0 1358 1640 3260 3311 4 1 3 0 1 11 2 0 1 1 655 1898 3917 273 
2 1 0 0 0 13 0 0 1 0 945 3918 817 60 5 0 0 0 1 2 0 3 1 1 528 4814 557 4201 
2 0 0 0 0 7 0 0 1 0 1460 2604 3284 3134 4 0 1 0 1 7 0 0 1 1 528 4814 557 4201 
2 1 0 0 0 13 0 0 0 0 945 3918 817 3134 5 0 0 0 2 14 0 1 1 1 518 4814 1394 4201 
2 0 0 0 0 15 0 0 0 0 945 4248 160 3134 4 0 0 0 1 0 0 3 1 1 528 4814 557 4201 
1 1 0 0 0 7 1 0 0 0 945 1242 967 3134 4 0 0 0 2 7 0 3 1 1 528 4814 107 4240 
1 0 0 2 0 7 1 0 1 0 1450 1204 3260 3247 2 1 3 0 2 7 1 1 0 1 543 3389 2362 427 
2 1 0 2 1 8 5 0 0 0 1312 1040 1434 3311 5 0 0 0 2 11 4 0 1 1 528 1130 1918 3577 
1 1 0 2 0 7 0 0 0 0 1430 4548 1083 3134 4 1 0 0 0 7 4 1 1 1 556 4814 353 4201 
2 0 0 0 0 15 0 0 0 0 796 3918 160 1648 4 0 0 2 2 14 0 3 1 1 518 4814 96 4201 
2 1 0 1 0 7 1 0 0 0 1319 4548 1083 3134 4 0 0 0 2 7 0 3 1 0 661 4757 1992 4201 
2 1 0 0 1 9 1 0 0 0 1312 4548 1083 1392 3 1 0 0 0 13 4 0 1 1 528 4814 557 4201 
2 0 0 0 0 13 0 0 0 0 945 3918 817 3134 5 0 0 0 1 14 0 3 1 1 528 4814 557 4201 
1 0 0 2 0 7 1 0 1 0 868 2295 4628 3134 4 0 0 0 2 7 0 3 1 0 556 4814 277 4201 
2 0 0 2 0 7 1 0 1 0 1450 1204 2344 3134 4 0 3 0 1 7 4 1 1 1 521 4638 637 4528 
2 1 0 2 1 9 1 0 0 0 1460 2660 1910 3134 4 0 0 0 1 11 4 0 1 1 528 3389 557 4479 
2 1 0 2 0 7 1 0 1 0 1460 1389 151 3134 5 0 0 0 2 11 3 1 1 1 541 1674 2362 427 
2 1 0 1 0 7 1 0 0 0 1319 4548 1083 3134 4 0 0 0 2 11 4 0 1 0 656 2102 196 4201 
2 1 0 2 0 7 1 0 1 0 1469 1204 1910 3134 4 1 1 0 2 11 4 1 1 1 521 1674 2277 469 
2 1 0 2 1 9 1 1 0 0 1312 4548 1776 332 3 1 0 0 1 8 4 0 1 1 528 3389 637 4201 
1 1 0 0 0 7 0 0 1 0 627 2295 4628 3134 4 0 0 0 2 7 0 3 1 0 583 4757 637 4528 
2 0 0 0 0 15 0 0 0 0 945 3918 817 60 5 0 0 2 0 14 0 3 1 1 556 4814 353 4201 
2 0 0 0 0 11 0 0 0 0 1460 2660 1268 3134 4 0 0 0 1 7 0 3 1 1 572 4814 557 4240 
2 0 2 0 0 15 0 0 0 0 682 3918 4628 60 5 0 0 2 1 14 0 3 1 1 583 4757 277 4201 
2 1 0 2 0 7 1 0 0 0 1312 4548 1083 3311 4 0 0 0 2 11 3 0 1 1 521 4456 2277 427 
1 1 0 2 0 7 1 0 1 0 1450 1204 3260 3311 4 0 3 0 2 11 2 0 1 1 521 1674 3699 469 
1 1 0 0 0 7 1 0 1 0 1469 1204 1910 3134 4 0 2 0 1 8 0 1 1 0 583 3970 4959 4201 
1 1 0 2 0 7 1 0 0 0 1078 3342 1083 3134 4 0 0 0 2 7 0 3 1 0 661 4451 4569 4240 
2 0 3 0 0 13 0 0 0 0 796 3918 160 1648 4 0 0 0 1 14 0 3 1 0 583 4757 637 4528 
2 1 0 0 0 7 0 0 0 0 945 3918 4628 60 5 0 0 2 0 0 0 4 1 1 556 4814 1312 4201 
1 0 0 1 0 7 0 0 1 0 1312 4571 1238 3134 5 0 0 0 1 14 0 3 1 1 528 4814 557 4201 
2 1 0 2 1 9 1 0 0 0 1312 4548 1706 3062 3 1 0 0 2 11 4 4 1 1 512 4890 4584 4201 
2 1 0 2 0 7 1 0 0 0 945 3918 817 60 5 0 0 2 0 0 0 3 1 1 556 4814 353 4201 
2 1 0 2 1 9 1 1 0 0 1312 4548 2671 552 5 0 1 0 0 11 4 4 1 1 512 4814 557 4201 
2 1 0 2 1 9 1 1 0 0 1312 4548 1776 332 3 1 0 0 1 8 4 0 1 1 543 3389 1335 139 
2 1 0 2 0 7 1 0 0 0 1298 2519 4771 3207 4 0 3 0 1 11 4 0 1 1 528 3389 2362 427 
2 0 0 2 0 7 1 1 1 0 1358 1640 3260 3311 4 1 3 0 2 7 0 3 1 1 518 1674 1499 469 
2 1 3 0 1 15 0 0 0 0 945 3918 400 60 5 0 0 2 0 0 0 3 1 1 556 4814 353 4201 
2 0 1 0 0 2 0 0 0 0 796 3918 4022 1295 4 0 0 0 1 14 0 3 1 0 642 4890 557 4927 
2 1 0 0 0 15 0 0 0 0 796 3918 160 1648 4 0 0 0 1 14 0 3 1 1 642 4890 277 4201 
2 1 0 2 1 9 1 1 0 0 1312 4548 1776 3062 3 1 0 0 1 8 4 0 1 1 528 3389 637 4528 
2 1 2 0 0 15 0 0 0 0 945 3918 817 60 5 0 0 2 0 14 0 3 1 1 556 4814 353 4201 
1 0 0 0 0 7 1 0 0 0 1279 4571 1003 312 4 0 0 0 1 1 4 0 1 0 528 4814 557 4201 
2 0 0 2 0 7 1 0 1 0 1450 1204 3260 3311 4 0 0 0 2 11 3 0 1 1 521 1674 3999 469 
2 1 2 0 0 15 0 0 0 0 796 3918 160 1648 4 0 0 2 0 0 0 3 1 1 556 4814 353 4201 
1 1 0 0 0 7 1 0 1 0 1135 1640 3260 3311 4 0 3 0 1 7 4 0 1 1 556 4814 557 4201 
2 1 0 2 1 9 1 0 0 0 1312 4548 1706 3062 3 1 1 0 2 11 4 0 1 1 528 3389 1918 4201 
2 1 0 2 1 9 1 1 0 0 1312 4548 1083 3062 3 1 1 0 2 11 4 0 1 1 528 3389 637 4528 
2 1 0 0 0 15 3 0 0 0 945 3918 4259 60 5 0 0 2 0 0 0 3 1 1 556 4814 353 4201 
1 1 0 0 0 11 4 0 0 0 945 3918 817 60 5 0 0 2 0 0 0 3 1 0 556 4814 557 4201 
2 1 0 2 0 7 1 0 0 0 1312 4548 1083 3311 4 0 0 0 2 11 3 0 1 1 521 4456 2277 1960 
2 0 0 0 0 13 0 0 0 0 945 3918 160 664 4 0 0 0 1 7 0 1 1 1 528 4814 557 4201 
2 1 0 2 0 7 1 0 1 0 1312 4548 2671 552 5 0 1 0 2 11 4 0 1 1 528 4814 1274 4201 
1 1 0 2 0 7 1 0 1 0 1469 1204 1910 3756 4 0 0 0 2 7 0 3 1 0 528 4590 557 4201 
1 1 0 2 1 9 1 0 0 0 1312 4548 1083 3062 3 0 2 0 2 11 4 0 0 1 521 3389 827 3577 
2 1 0 1 0 7 1 0 0 0 1319 1204 1150 3311 4 0 0 0 2 7 0 3 1 1 541 1674 2362 4201 
1 1 0 2 0 7 1 0 0 0 1312 4548 2671 552 5 0 1 0 2 11 4 0 0 1 541 1674 2277 469 
3 0 0 0 0 7 1 0 1 0 1469 1204 1910 3134 7 0 0 0 2 7 0 3 1 1 528 2754 3161 3621 
2 1 0 0 1 9 1 0 0 0 1312 4548 3245 2590 4 0 0 0 2 7 0 3 1 1 668 1347 557 1951 
2 0 0 0 0 15 0 0 0 0 945 4248 160 1648 4 0 0 0 0 8 0 4 1 0 528 4757 277 4201 
1 1 0 2 0 7 1 0 1 0 1383 1633 193 3134 3 0 2 0 2 11 4 0 0 1 521 3389 827 3577 
2 0 0 0 0 13 0 0 0 0 945 3918 817 3134 5 0 0 0 2 14 0 3 1 1 518 4814 1394 4201 
1 0 0 0 0 7 1 0 1 0 1399 1204 1150 3311 3 0 3 0 2 11 4 0 1 1 528 3389 1328 139 
1 1 0 0 0 7 1 0 1 0 1399 1204 1150 3311 4 0 3 0 1 11 4 0 1 1 521 4757 277 4201 
2 0 3 0 0 2 0 0 0 0 796 3918 160 1648 4 0 0 0 2 7 0 3 1 0 518 4890 753 4201 
2 0 3 0 0 15 3 0 0 0 796 3918 160 632 5 0 0 2 0 15 0 4 1 1 583 4757 277 4201 
2 1 0 2 1 9 1 0 0 0 1312 4548 160 1295 5 0 0 2 0 0 0 3 1 1 661 4757 277 4201 
1 1 0 2 0 7 1 0 0 0 1319 4914 2606 3311 4 0 3 0 2 11 3 0 1 1 521 4456 557 4201 
1 1 0 0 0 11 3 0 0 0 768 3342 1083 664 4 0 0 0 0 0 0 3 1 1 521 4638 637 4528 
1 1 0 2 0 7 1 0 0 0 1449 1204 1083 3134 6 0 0 0 1 0 0 3 1 1 521 4638 637 4528 
2 1 0 2 1 9 1 1 0 0 1312 4548 2671 552 5 0 1 0 1 14 0 3 1 1 528 4814 557 4201 
1 1 0 2 1 9 1 0 0 0 1312 4548 160 1295 5 0 0 0 2 5 4 0 1 0 528 3389 1918 3577 
2 0 0 0 0 13 0 0 0 0 945 2331 4628 3134 4 0 0 0 2 7 0 3 1 1 642 4890 186 4729 
1 0 0 0 0 2 0 0 1 0 954 1649 1963 3134 4 0 0 0 2 7 0 3 1 1 661 4757 277 4201 
2 0 0 0 0 13 0 0 0 0 945 2331 4628 3134 4 0 0 0 2 7 0 3 1 0 518 3389 2362 427 
2 0 0 0 0 15 0 0 0 0 796 3918 4628 60 4 0 0 2 0 0 0 3 1 0 556 4814 557 4201 
1 1 0 0 0 2 0 0 1 0 954 1649 1963 3134 4 0 0 0 1 7 0 3 1 1 661 4757 3569 4201 
2 1 0 2 1 9 1 0 0 0 1460 4571 1238 3311 4 0 0 0 2 11 3 0 1 1 521 1674 2277 210 
2 0 0 0 0 2 0 0 1 0 954 1649 1150 2590 4 0 0 0 2 7 0 3 1 0 518 4890 557 2753 
2 0 0 2 0 7 1 1 1 0 1358 1640 3260 3311 4 1 3 0 1 11 2 0 1 1 655 1898 3917 273 
2 1 0 0 1 9 1 0 0 0 1312 4548 1083 1392 3 1 0 0 0 13 4 0 1 1 528 4814 3161 3621 
1 1 0 2 0 7 1 0 1 0 1399 4548 1083 3134 4 0 0 0 1 11 3 3 1 1 521 2102 3734 469 
2 1 0 1 0 7 1 0 0 0 1319 4548 1083 3134 4 0 0 0 0 0 0 3 1 1 521 4638 637 3506 
2 1 0 2 0 7 1 0 1 0 1450 1204 3260 3311 4 0 3 0 1 11 4 0 1 1 656 3079 2277 210 
2 1 0 2 1 9 2 0 0 0 1319 4548 1083 3134 5 0 0 0 2 7 5 3 1 1 521 2916 353 4201 
2 1 0 2 1 9 1 1 0 0 1319 4548 1083 3134 5 0 0 0 0 11 4 4 1 1 512 4814 557 4201 
2 0 0 0 0 9 1 3 0 0 1312 1040 1434 3311 5 0 0 0 2 11 4 0 1 1 528 3389 1918 3577 
2 0 3 0 0 14 0 0 0 0 945 3918 160 3134 4 0 0 0 2 8 0 4 1 0 556 4814 557 4201 
1 1 0 2 0 7 1 0 1 0 1450 1204 3260 3247 2 1 3 0 1 11 3 0 1 1 521 1674 1499 469 
1 1 0 0 0 11 4 0 0 0 945 3918 817 60 5 0 0 2 0 2 0 3 1 1 556 4814 353 4201 
1 1 0 2 0 7 1 0 0 0 1335 4548 817 60 5 0 3 0 1 11 3 0 1 1 528 3389 1328 2826 
2 1 0 2 1 9 1 1 0 0 1312 4548 160 552 5 0 1 0 2 11 4 0 1 1 528 3389 1328 3577 
1 1 0 2 0 7 1 0 0 0 1450 1204 3260 3311 4 0 3 0 1 11 3 0 1 1 656 3079 2277 210 
1 1 0 2 0 7 1 0 1 0 1450 1204 2344 3134 4 0 3 0 1 11 4 0 1 1 521 2102 3770 469 
2 1 0 0 0 10 0 0 0 0 1383 4703 4628 60 7 0 0 2 0 15 0 4 1 0 661 4890 186 1581 
3 1 0 2 0 7 1 1 0 0 1312 4548 1083 2653 3 1 0 2 2 8 0 3 1 1 521 4829 2991 3328 
1 1 0 2 0 7 1 0 0 0 1312 4548 3797 3324 3 0 0 0 0 7 4 1 1 0 661 4757 1992 4201 
1 1 0 2 0 7 1 0 1 0 1312 4571 1238 3311 5 0 0 0 2 11 3 2 1 1 521 4456 2277 1960 
1 1 0 2 0 7 1 0 0 0 1319 4548 1083 3134 6 0 0 0 2 11 3 0 1 1 521 2102 3734 469 
2 0 0 2 0 7 1 0 1 0 1415 4548 160 1295 5 0 0 0 0 7 0 3 1 1 528 4814 1274 4201 
1 1 0 2 0 7 1 0 0 0 1450 1204 3260 3247 2 1 3 0 2 11 3 0 1 1 521 2102 3734 469 
2 1 3 0 0 15 0 0 0 0 945 3918 160 664 4 0 0 0 0 15 0 4 1 0 642 4890 277 4201 
2 1 0 0 0 13 0 0 1 0 945 4548 2671 552 4 0 0 2 0 15 1 3 1 0 642 4890 277 4201 
2 1 0 1 0 7 1 0 0 0 1319 4548 1083 3134 4 0 0 0 2 11 4 0 1 1 655 1898 3917 427 
2 0 0 0 0 8 1 0 0 0 945 3918 160 1295 5 0 0 0 2 7 0 3 1 0 642 4890 277 4201 
2 1 0 0 0 9 1 0 0 0 945 2519 3598 3134 5 0 0 2 1 8 0 3 1 0 521 4638 637 4528 
2 0 0 0 0 7 1 0 0 0 945 3918 817 3134 5 0 0 0 1 14 0 3 1 1 528 4814 557 4201 
2 1 0 1 0 7 1 0 0 0 1460 2513 3284 3134 4 0 0 0 2 7 0 3 1 0 518 4814 2702 4528 
2 1 0 1 1 9 1 0 0 0 1312 4548 3245 2590 4 0 0 0 2 7 0 3 1 1 518 4814 96 4201 
2 1 0 2 0 11 5 1 0 0 796 4548 1083 1733 3 0 0 0 1 14 4 3 1 0 603 4890 277 4201 
2 0 2 0 0 15 0 0 0 0 682 3918 4628 60 5 0 0 2 1 14 0 3 1 1 583 4757 277 4201 
2 1 0 2 0 7 1 0 0 0 1460 1204 1150 3311 4 1 3 0 2 11 4 0 1 1 521 3805 2277 469 
2 0 0 2 0 7 1 0 1 0 1450 1204 3260 3790 4 0 0 0 2 7 0 3 1 0 528 1213 1274 4201 
2 1 0 2 0 7 1 0 1 0 1469 1204 1910 3134 4 0 3 0 1 8 0 3 1 1 521 4638 637 4528 
2 1 0 2 1 9 1 0 0 0 1312 4548 160 1295 5 0 0 0 2 11 4 4 1 1 528 4814 1678 4201 
1 1 0 2 0 7 2 0 1 0 1460 1389 1963 3134 5 1 0 0 2 11 4 1 1 1 521 4814 557 4201 
1 1 0 2 0 15 5 0 0 1 945 3918 817 60 5 0 0 2 0 0 0 4 1 1 521 4638 637 4528 
2 1 0 1 0 7 1 0 0 0 1312 4914 2414 3311 4 1 0 0 1 8 4 0 1 1 528 3389 637 4528 
2 0 3 0 0 15 4 0 0 0 945 3918 4022 1295 5 0 0 2 0 0 0 4 1 1 556 4814 557 4201 
1 0 0 0 0 7 1 0 1 0 1363 1389 1963 3134 4 0 0 0 1 7 0 3 1 1 661 4757 3569 4201 
1 0 0 0 0 7 1 0 1 0 1469 1204 1910 3134 4 0 2 0 1 14 0 3 1 0 528 4814 1044 4201 
2 0 0 0 0 15 5 0 0 1 945 3918 817 60 5 0 0 2 0 0 0 4 1 1 521 4890 557 4201 
1 1 0 0 0 7 1 0 1 0 1450 1466 3260 3311 4 0 2 0 2 11 3 1 1 0 541 1674 2362 427 
2 1 0 2 0 7 1 0 1 0 1460 2513 3284 3134 4 0 1 0 2 11 4 0 1 1 528 2754 557 4201 
2 1 0 2 0 7 1 0 0 0 1319 4914 2606 3311 4 0 3 0 2 11 3 0 1 1 521 1674 557 4528 
1 1 1 2 0 7 1 0 0 0 1319 4548 1003 312 4 0 0 0 1 1 4 0 1 1 528 4814 557 4201 
2 0 0 2 0 7 1 0 1 0 1450 1040 1150 3311 4 0 1 0 2 11 4 0 1 1 528 1169 1918 4446 
1 1 0 2 1 9 1 0 0 0 1312 4548 160 1295 5 0 0 0 2 11 4 4 1 1 528 4814 1274 4201 
2 1 0 2 0 11 1 4 0 0 1383 4703 4628 60 5 1 0 0 0 1 0 4 1 1 556 1169 1918 4446 
2 1 3 0 0 15 0 0 0 0 945 3918 4628 60 5 0 0 2 0 0 0 4 1 0 528 4829 2991 4240 
1 1 0 2 0 7 1 0 1 0 1450 1040 1150 3311 4 0 3 0 2 11 3 0 1 1 521 2102 3734 469 
2 1 1 0 0 15 0 0 0 0 945 3918 4628 60 5 0 0 2 0 0 0 4 1 1 556 4814 277 4201 
2 1 0 2 0 7 1 0 0 0 1312 4548 2695 3134 3 0 0 0 1 11 4 0 1 1 528 3389 637 4528 
2 1 0 1 0 7 1 0 0 0 1319 1204 1150 3134 6 0 1 0 1 8 0 4 1 1 528 3389 1918 3577 
2 0 0 0 0 15 0 0 0 0 945 3918 817 60 5 0 0 0 0 0 0 3 1 1 551 4814 353 4240 
1 0 0 1 0 7 0 0 1 0 1312 4571 1238 3134 5 0 0 0 2 11 4 0 1 1 528 3389 1328 3577 
2 0 0 0 0 11 4 0 0 0 945 3918 817 60 5 0 0 2 0 0 0 3 1 1 556 4814 353 4201 
2 0 0 0 0 11 1 0 0 0 1460 2660 1910 3134 4 0 0 0 1 7 0 1 1 1 521 4427 2991 4528 
2 1 0 2 0 7 1 0 0 0 945 924 160 3134 4 0 3 0 2 7 0 0 1 1 528 4814 1274 4201 
2 1 0 2 1 7 4 0 0 0 1415 4548 160 1295 5 0 0 0 0 11 4 4 1 1 512 4890 4584 4201 
2 1 0 1 0 7 1 0 1 0 1469 1204 193 3134 4 0 3 0 1 7 4 0 1 1 556 3434 557 4201 
2 1 0 2 1 9 2 0 0 0 1319 4548 1083 3134 5 0 0 0 2 7 5 3 1 1 521 4814 353 4201 
2 1 0 0 0 7 1 0 1 0 1055 4911 3284 3134 4 0 0 0 2 7 0 3 1 0 518 4814 557 4528 
2 1 0 2 0 7 1 0 0 0 1415 2513 3284 3134 4 0 0 0 2 7 0 3 1 0 521 2254 2991 1973 
2 1 0 2 0 7 1 0 1 0 1450 1204 3260 3311 4 0 3 0 1 11 4 0 1 1 528 4890 277 4201 
1 0 0 2 0 7 1 0 1 0 1460 1204 1150 3324 4 0 3 0 2 11 3 1 1 1 556 4814 353 4201 
2 0 0 0 0 15 0 0 0 0 945 4248 160 1648 7 0 0 0 0 8 0 4 1 0 528 4757 277 4201 
2 0 0 2 0 7 1 0 0 0 1319 4548 1083 3134 4 0 0 0 2 11 4 0 1 1 668 4814 557 1951 
2 1 0 1 0 7 1 0 0 0 1312 4914 2414 3311 4 0 3 0 2 11 3 0 1 1 521 1674 3699 469 
2 1 0 2 1 9 1 1 0 0 1312 4548 1776 332 3 1 0 0 1 8 4 3 1 0 583 4757 277 4201 
2 0 3 0 0 14 0 0 0 0 945 3918 160 3134 4 0 0 0 2 8 0 4 1 0 642 4890 277 4201 
1 0 0 0 0 15 0 0 0 0 945 2714 160 3134 4 0 0 0 0 11 4 4 1 1 512 4814 557 4201 
2 1 0 0 1 9 1 0 0 0 1372 4548 1083 1392 3 1 1 2 0 4 0 4 1 1 556 4814 2637 4201 
1 1 0 2 0 7 0 0 0 0 1312 4548 1083 3134 4 1 0 0 0 7 4 1 1 0 661 4757 1992 4201 
2 0 0 0 0 11 0 0 0 0 768 3342 1083 3134 7 0 0 0 0 14 0 3 1 1 518 4814 557 4201 
3 0 0 0 0 11 0 0 0 0 1460 2660 1910 3134 4 0 0 0 1 7 0 1 1 1 528 4814 557 4201 
2 0 3 0 0 15 3 0 0 0 945 3918 4259 60 5 0 0 2 0 0 0 3 1 0 642 4814 557 4201 
2 0 2 0 0 15 0 0 0 0 945 3918 817 60 5 0 0 2 0 0 0 4 1 0 518 4890 277 4201 
2 1 0 0 0 7 1 2 0 0 1312 4548 1083 2653 3 0 0 0 2 7 0 2 1 1 661 3341 277 4528 
1 1 0 0 0 7 1 0 1 0 1469 1204 3260 3311 4 0 3 0 2 11 2 0 1 1 521 1674 4812 469 
2 1 0 0 0 13 0 0 1 0 945 3918 817 60 6 0 0 0 1 2 0 4 1 1 583 4757 277 4201 
1 1 0 2 0 7 1 0 1 0 1460 1204 1150 3324 4 0 3 0 2 11 3 1 1 0 541 1674 2362 4201 
3 0 0 0 0 7 1 0 1 0 1469 1204 3596 3134 5 0 0 0 1 14 0 3 1 1 528 4814 557 4201 
2 0 3 0 0 15 3 0 0 0 796 3918 160 632 5 0 0 2 0 15 0 3 1 1 556 4814 557 4201 
1 1 0 2 0 7 1 0 0 0 1319 4914 2606 3311 4 0 3 0 2 11 3 0 1 1 521 4456 2277 1960 
1 1 0 2 0 7 1 0 1 0 1312 4571 1238 3311 4 0 3 0 2 11 3 0 1 1 521 4456 2277 1960 
1 1 0 2 0 7 1 0 0 0 1312 4571 1238 312 4 0 0 0 1 11 4 0 1 1 528 4814 557 4201 
2 1 0 2 0 7 1 0 0 0 1319 4914 2606 3311 4 0 3 0 2 11 3 0 1 1 528 4814 96 210 
1 1 0 2 1 9 2 0 0 0 1319 4548 1083 3134 5 0 0 0 0 11 4 4 1 1 512 4814 557 4201 
2 1 0 2 1 9 1 0 0 0 1312 4548 1083 3134 4 0 0 0 2 7 5 3 1 1 528 3389 637 427 
2 1 3 0 1 15 0 0 0 0 945 3918 817 60 6 0 0 2 0 0 0 4 1 1 556 4814 353 4201 
2 1 0 2 0 7 0 0 0 0 945 3918 1429 60 4 0 0 0 2 7 0 3 1 1 518 4814 557 4201 
2 1 0 2 0 13 0 0 0 0 945 3918 817 3134 5 0 0 0 1 14 0 3 1 1 528 4814 557 4201 
2 1 0 0 0 15 3 0 0 1 945 3918 4259 60 5 0 0 2 0 0 0 3 1 1 556 4814 2637 4201 
2 0 0 0 0 13 0 0 0 0 945 3918 817 3134 5 0 0 0 0 0 0 3 1 1 521 4890 277 4201 
1 1 0 2 1 9 1 0 0 0 1312 4548 160 2602 5 0 0 0 0 14 0 3 1 1 528 4814 557 4201 
2 1 0 1 0 7 1 0 0 0 1319 4548 1083 3134 4 0 0 0 2 7 0 3 1 1 541 1674 2362 427 
1 0 0 2 0 7 1 0 1 0 1202 4548 3245 2590 4 0 0 0 2 7 0 3 1 1 518 4814 96 4201 
2 1 0 2 0 9 1 1 0 0 1319 4548 1083 3134 5 0 0 0 0 11 4 4 1 1 512 4814 557 4201 
2 1 0 1 0 7 1 0 0 0 1415 4548 160 1295 5 0 0 0 0 11 4 4 1 1 512 4890 277 4201 
2 1 0 2 0 7 1 0 0 0 1312 4548 2695 3134 3 0 0 0 1 14 4 0 1 1 528 3389 1499 469 
1 1 0 2 1 9 5 0 0 0 1312 4548 160 552 5 0 1 0 2 11 4 0 1 1 528 3389 1328 3577 
1 1 0 0 0 7 1 0 0 0 512 4571 1003 312 4 0 0 0 1 7 0 0 1 1 528 4814 557 4201 
2 1 0 2 0 7 1 0 0 0 1312 4571 1238 312 4 0 0 0 1 11 4 0 1 1 528 4814 557 4201 
2 1 0 1 0 7 1 0 0 0 1319 1204 1150 3134 3 0 1 0 1 8 0 3 1 1 556 4814 2637 4201 
2 1 0 1 1 9 1 1 0 0 1312 4548 2671 552 5 0 1 0 2 11 4 0 1 1 528 4814 3867 4201 
2 1 3 0 0 13 0 0 0 0 796 3918 160 1648 4 0 0 0 2 15 0 3 1 1 556 4814 557 4201 
2 1 0 2 0 7 1 0 0 0 1312 1635 193 3134 3 0 0 0 1 7 4 0 1 1 521 4829 2991 4528 
2 1 0 2 1 7 1 0 0 0 1319 4914 2606 3311 4 0 3 0 2 11 4 0 1 1 521 4890 277 4201 
2 1 0 2 0 7 1 0 0 0 1449 1204 1083 3134 6 0 0 0 1 15 0 4 1 0 556 4814 3918 4201 
2 1 0 0 0 15 5 0 0 1 945 3918 817 60 5 0 0 2 0 0 0 4 1 1 521 4890 557 4201 
2 1 0 2 0 7 1 0 1 0 1460 1389 1963 3134 3 1 1 0 2 11 4 0 1 1 528 3389 637 4528 
1 1 0 2 0 7 1 0 1 0 1217 4703 193 3134 5 0 0 0 1 7 0 2 1 1 521 1674 2277 469 
2 1 0 2 1 9 1 0 0 0 945 3918 160 664 4 0 0 0 0 0 4 0 1 1 518 4814 1394 4201 
1 1 0 2 0 7 1 0 1 0 1460 1389 1963 3134 5 1 0 0 2 11 4 0 1 1 521 1674 2277 469 
1 1 0 2 0 7 1 0 0 0 1319 4914 2606 3311 4 0 3 0 2 11 3 0 0 1 521 1674 3699 469 
1 1 0 2 0 7 1 0 1 0 1460 1204 1910 3134 6 0 2 0 1 7 0 3 1 1 521 1674 2277 4750 
1 0 0 1 0 7 0 0 1 0 945 924 160 3134 4 0 3 0 2 7 0 3 1 1 528 4814 1274 4201 
1 1 0 2 1 9 1 1 0 0 1319 4548 1083 3134 5 0 0 0 0 11 4 4 1 1 512 4814 557 4201 
2 0 0 0 0 13 0 0 0 0 945 3918 160 664 4 0 0 0 1 14 0 3 1 1 528 4814 557 4201 
2 0 0 0 0 15 0 0 0 0 945 3918 817 3134 5 0 0 0 1 14 0 3 1 0 528 4814 557 4201 
2 0 0 0 0 13 0 0 0 0 682 3918 4628 60 5 0 0 0 0 0 0 3 1 1 528 4757 277 4201 
2 1 0 2 0 13 0 0 0 0 945 3918 817 3134 5 0 0 0 1 14 5 3 1 1 528 4814 557 4201 
2 1 0 2 2 7 1 0 0 0 1319 4914 2606 3311 4 0 3 0 2 11 4 0 0 1 541 1674 557 4201 
1 1 0 2 0 7 2 0 1 0 1312 4934 1083 3134 4 0 0 0 2 7 0 3 1 1 578 4757 277 4201 
1 1 0 2 0 7 1 0 0 0 1460 1204 1969 3134 5 1 3 0 1 11 4 0 1 1 521 1674 2362 427 
2 1 0 0 0 7 1 0 1 0 1450 1204 1910 3134 3 0 0 2 1 11 4 0 1 1 510 4890 277 4201 
1 1 0 2 1 9 1 0 0 0 1312 4548 1083 3062 3 1 1 0 2 11 4 0 1 1 528 3389 1918 3577 
1 1 0 0 0 7 1 0 1 0 1469 1204 3260 3311 4 0 3 0 2 11 2 0 1 1 521 1674 3699 469 
2 0 0 0 0 15 1 0 0 0 945 924 160 3134 4 0 3 0 2 7 0 3 1 0 642 4890 277 2604 
2 1 0 0 0 15 0 0 0 0 796 3918 160 3134 3 0 0 0 1 14 0 3 1 0 583 4757 637 4528 
1 1 0 2 0 7 1 0 0 0 1319 4548 1083 3134 4 0 0 0 2 7 0 3 1 1 521 4829 2991 4528 
2 0 3 0 0 15 5 0 0 0 945 3918 4259 60 5 0 0 2 0 0 0 4 1 1 528 4814 557 4201 
2 1 0 2 1 8 1 0 0 0 1312 1040 1434 3311 5 0 0 0 2 11 4 0 1 1 528 1130 3699 469 
2 1 0 2 0 7 1 0 0 0 1362 4548 160 1295 6 0 0 0 1 14 0 3 1 1 521 4829 261 4528 
2 0 3 0 0 14 0 0 0 0 796 3918 4628 60 4 0 0 2 0 0 0 3 1 0 556 4814 557 4201 
2 0 0 1 0 2 0 0 0 0 945 3918 1429 60 4 0 0 0 0 0 0 3 1 1 521 4638 637 4528 
2 1 0 2 1 9 1 0 0 0 1312 4248 160 1648 4 0 0 0 0 8 0 4 1 0 528 4757 277 4201 
1 1 0 2 0 7 1 0 1 0 1450 1204 3260 3311 4 0 3 0 2 11 4 0 1 1 528 3389 637 4528 
2 1 0 0 0 13 1 0 0 0 1493 4548 4628 3134 4 0 0 1 2 7 0 3 1 1 846 4814 557 4201 
2 0 0 0 0 15 0 0 0 0 945 3918 160 1295 5 0 0 0 2 15 0 3 1 1 556 4814 557 4201 
2 1 0 2 0 7 1 0 0 0 1460 1204 1963 3134 4 0 0 0 1 7 0 4 1 1 556 4814 3161 469 
1 1 0 0 0 7 1 0 0 0 945 1242 967 3134 4 0 0 0 2 7 3 3 1 0 583 4757 637 4528 
2 0 0 0 0 7 0 0 1 0 1460 2604 3284 3134 4 0 1 0 1 7 0 3 1 1 528 3389 1328 3577 
1 0 0 1 0 2 0 0 1 0 954 1649 1963 3134 4 0 0 0 2 7 0 3 1 1 528 4814 557 4201 
2 1 0 2 0 7 1 0 0 0 1312 4548 1083 3062 3 0 1 0 2 11 4 0 1 1 528 3389 557 4927 
1 0 0 1 0 7 0 0 1 0 1312 4548 2695 3134 3 0 0 0 1 11 4 0 1 1 528 3389 637 4528 
2 0 0 0 0 2 0 1 0 0 796 3918 160 1648 4 0 0 0 0 15 0 3 1 0 642 4890 277 4201 
2 0 0 0 0 13 0 0 0 0 945 3918 4628 332 4 0 0 0 0 8 0 4 1 0 528 4757 277 4201 
2 1 0 0 0 13 0 0 1 0 945 3918 4628 60 4 0 0 0 1 14 0 3 1 0 661 4890 186 4729 
1 1 0 2 0 7 1 0 0 0 1319 4914 2606 3311 4 0 3 0 2 11 3 0 1 1 521 4890 277 4201 
1 1 0 0 0 7 1 0 1 0 1363 1389 1963 3247 5 0 0 2 1 8 0 3 1 1 521 4638 637 4528 
1 1 0 0 0 13 1 0 0 0 1486 4548 4628 3134 4 0 0 2 0 0 0 3 1 0 521 4638 637 4528 
7 0 0 2 0 7 1 2 1 0 1312 1204 3089 3680 2 1 3 0 2 11 4 0 1 1 655 1900 3917 427 
1 1 0 2 0 7 5 0 1 0 1460 1389 1963 3134 4 0 1 0 1 8 4 0 1 1 528 3389 1918 3577 
2 1 0 2 0 7 1 0 0 0 1358 1640 3260 3311 4 0 3 0 2 11 3 0 1 1 521 1598 2991 1973 
2 1 0 1 1 9 1 0 0 0 1312 4548 1083 3134 4 0 0 0 2 7 0 3 1 0 518 3389 2362 427 
2 0 3 0 0 13 0 0 0 0 796 3918 160 1648 4 0 0 0 1 7 0 3 1 0 642 4890 277 4201 
1 1 0 2 0 7 1 0 1 0 1312 4571 1238 3311 4 0 0 0 2 11 3 0 1 1 521 4456 2362 427 
2 1 0 2 2 13 0 0 0 0 945 3918 817 60 6 0 0 2 0 0 0 3 1 1 528 4814 557 4201 
1 1 0 2 0 7 1 0 1 0 1460 1204 1910 3134 6 0 2 0 1 7 0 3 1 1 528 3389 637 4528 
2 1 0 1 0 7 1 0 0 0 1319 1204 1150 3311 4 0 0 0 2 7 0 3 1 1 541 1674 2362 427 
1 1 0 2 0 7 1 0 0 0 1460 1389 1963 3134 4 0 3 0 1 8 4 0 1 1 655 1898 3917 427 
1 1 0 2 0 7 1 0 1 0 1423 1204 1963 3134 4 0 0 0 2 11 4 0 1 1 528 4814 1274 4201 
2 1 0 2 0 7 0 0 1 0 627 2295 4628 3134 4 0 0 0 2 7 0 3 1 0 583 4757 637 4528 
1 1 0 2 0 7 1 0 1 0 1460 2660 1910 3134 4 0 0 0 1 7 0 1 1 1 556 4829 637 4528 
2 1 0 1 0 7 1 1 0 0 1319 1204 1150 3311 4 0 0 0 2 7 0 3 1 1 541 1674 2362 427 
1 1 0 2 0 7 1 0 1 0 1312 4548 2671 552 5 0 1 0 2 11 4 4 1 1 521 4638 637 4528 
2 0 0 0 0 13 0 0 0 0 945 3918 817 3134 5 0 1 0 1 14 0 3 1 1 528 4814 557 4201 
2 1 0 2 0 7 1 0 1 0 1312 4571 1238 3311 4 0 0 0 1 11 4 0 1 1 528 3389 637 4201 
2 1 0 0 0 13 0 0 1 0 945 3918 4628 2590 4 0 0 0 2 7 0 3 1 0 518 4890 753 4201 
1 1 0 2 0 7 1 0 1 0 1383 1633 193 3134 3 1 1 0 2 11 4 0 1 1 528 3389 1918 3577 
2 1 3 0 0 15 0 0 0 0 945 3918 4628 60 6 0 0 2 0 0 0 3 1 0 556 4814 3909 4201 
2 1 0 0 0 7 1 0 0 0 1450 1040 3228 3311 4 0 3 0 2 11 4 1 1 1 521 1674 2277 469 
2 1 0 2 0 7 1 0 1 0 1450 1040 1150 3311 4 0 1 0 2 11 4 0 1 1 528 1169 637 4528 
2 1 3 0 0 2 1 0 0 0 1415 4548 160 1295 5 0 0 0 0 11 4 4 1 1 512 4890 277 4201 
