0.7831631000077638 0.23550807632374415 0.19333512918026352 
0.6789180825581966 0.3511585900058106 0.2828721643790222 
0.678391515346878 0.35112623220294503 0.2833342480971489 
0.6904322992357868 0.3363691452705069 0.28816445678678904 
0.8098409284866045 0.2114650855012925 0.21647134330624263 
0.8061221584318843 0.21250561813264834 0.21223133982082587 
0.7261946801073043 0.29541990669826523 0.2423248070990316 
0.8012037692975696 0.21711476619159387 0.2072909457921478 
0.7152127543244567 0.30767979486230124 0.24691069246652142 
0.8073715320657765 0.2117821950371962 0.2151566037880862 
0.8043008437461934 0.21275393800354148 0.21037526236423532 
0.739400311791339 0.27964938349184054 0.22373363160847526 
0.6920790701761671 0.3343047762131215 0.277907739384325 
0.7548617814518443 0.2620341151888276 0.2268412325385094 
0.725302203340823 0.2956805884108157 0.23554911083031116 
0.8020015239908602 0.2146965650499808 0.21039470302881014 
0.7134953739606977 0.30850515249555077 0.264495449558527 
0.776096570891352 0.23968891077253007 0.2132792603263567 
0.6931516613126558 0.33373193763175457 0.2741991634729296 
0.7869387652939892 0.23124744487477333 0.19804889641383328 
0.7221875449996686 0.3008756433908726 0.23886540945721002 
0.6883858028643114 0.3384850344196747 0.28492644833309444 
0.7328873372901592 0.2862296837237054 0.2305190983824834 
0.7915343466998559 0.22728557663920734 0.1987653205740313 
0.7568218156833717 0.26031305289283835 0.21145681004605832 
0.7888204698461525 0.2289326921744198 0.19864308531190777 
0.7237033462901068 0.297960579704717 0.24035728160908632 
0.8068812940974118 0.21223436473360113 0.21466085605084217 
0.7851743224486716 0.2322027263903247 0.19782023282892458 
0.7666734749839984 0.24910252391419052 0.22739651095258562 
0.7846411157352906 0.2343101658239124 0.19490052065013552 
0.7337017126024943 0.2866715542291731 0.22809267207098405 
0.6805503893746672 0.3479674056219517 0.2819573402056661 
0.681209150604587 0.34665395213225203 0.2825891826187765 
0.7405047434083313 0.2774065677335852 0.22411370870407477 
0.7539562791061227 0.2659188685622057 0.207133494003912 
0.696955842970644 0.3287017931347104 0.26985000703071615 
0.7449890982673766 0.273554654446186 0.2171236282135225 
0.801832479029659 0.21569468107735412 0.20772304844240963 
0.800805091074403 0.21582201342059382 0.20941579316398573 
0.7012012669504677 0.32483105555270286 0.26568539120928125 
0.6935946372977229 0.3334472732957524 0.2750367164154349 
0.7462254959174096 0.27103012678678406 0.22743458920604898 
0.7051388457677598 0.3197199736998714 0.25262890425201456 
0.6993140900782091 0.32619548468486725 0.2667768306311875 
0.685403041686421 0.34156569950079774 0.28721595720962423 
0.7171104989457994 0.3058772569441133 0.24485866435098425 
0.772649248992837 0.24269384819360318 0.21627036274706468 
0.750886845227489 0.2664734187362603 0.22307599404318068 
0.7879576732314895 0.2278291665282265 0.20556156707371187 
0.7953970676447553 0.2206215294031988 0.20728542761726743 
0.7400500050341988 0.2792090854253938 0.22376461419302562 
0.8036793975849501 0.21342603647085912 0.21163773955778054 
0.6794339726378728 0.34946898993529985 0.2845222515667244 
0.7250631614095452 0.29660111971631875 0.2506506759344428 
0.7058923668322545 0.31863413652916184 0.25295285202810436 
0.7367094161744814 0.28212598252675036 0.22977262946285715 
0.6965474259434751 0.3294353361861927 0.2693170494098597 
0.7600978858993968 0.2566468326421082 0.22711779697787837 
0.7518409851294391 0.26507327173221473 0.21946359254397108 
0.7100199818880929 0.31216815973366874 0.2583244467195416 
0.6900227456324366 0.3370368782565599 0.27709260789534584 
0.7554482040602888 0.2638630971568129 0.20756666025965753 
0.7083068795148001 0.3155855481684403 0.2533617856288968 
0.7348951919325739 0.2843598035383095 0.23757322702116646 
0.7722323404140123 0.24354472616354506 0.21765797499804096 
0.689511935184691 0.33725402006187877 0.27794493706267986 
0.6816327808299893 0.34855383217965275 0.27973243901817135 
0.7352400788737561 0.2834140977236611 0.2341218762857029 
0.7165533771994972 0.3061283790096243 0.24648152490730202 
0.7482506052233928 0.26876320150193744 0.22541592204560668 
0.6827756190048713 0.34630412021140566 0.2786980228202439 
0.7382313514088983 0.2800333636304714 0.2348947878087947 
0.7316480713044186 0.2875918813419537 0.23357646257674536 
0.6917491964068612 0.3346453302394381 0.2762426871706152 
0.6905215245563434 0.3363178806946042 0.27836415849318463 
0.7115157522105628 0.3131422981120706 0.248001372298717 
0.6870193425515494 0.3399205914665988 0.28623039523220695 
0.6862218016045225 0.34073552348255187 0.2868521561512106 
0.7936128325110756 0.2230213149005127 0.20512519008026497 
0.7843081030399034 0.2333859779526435 0.19537692129437434 
0.702284578066697 0.32381931817000553 0.2629385748389965 
0.7733430716938448 0.24314234523687028 0.20221490138936826 
0.7471133795639069 0.2698967648930305 0.2188690325354251 
0.714892861130078 0.30684254174546355 0.2566860353248327 
0.785633856187889 0.23047710184849335 0.2030352229758574 
0.7984212742802725 0.21825633430952718 0.20811464413084602 
0.782546414507875 0.2353987517014543 0.1940872209192801 
0.7926002843919253 0.22357579917093062 0.20501167700843226 
0.7861980815362466 0.2299878452738302 0.20021897011551704 
0.6844363946398533 0.3425580915404749 0.2807520282422621 
0.8029497721823904 0.21427332363812968 0.2100129922580396 
0.8062878774082158 0.21243798558247795 0.2131291627702835 
0.6937708794797978 0.33310891986510005 0.2737946107255109 
0.7262102790444849 0.294555225310426 0.23607598341703195 
0.7221881628805231 0.29992478246126486 0.23946146497528464 
0.7769419810768936 0.2410126248247546 0.19718053346456832 
0.7422677182919218 0.2752780316176271 0.22289633740473191 
0.6795633572464208 0.34884692803127837 0.28327965298936064 
0.7782665981642556 0.24036883603102943 0.1997878149777521 
0.7410055080475372 0.277342728190757 0.22844296717887935 
0.7175864576291886 0.30497529514618893 0.2452799985532399 
0.7964633916025047 0.22024512077112834 0.20417618957367312 
0.772522151372039 0.24260706088456063 0.2193204900212803 
0.7787318498854445 0.2385986202081487 0.19704646983651875 
0.7312756484374343 0.2881267598223063 0.23516805848329791 
0.7474231710690455 0.2695684998123803 0.2198618344390737 
0.6789186619550283 0.3502077683410577 0.2834681822858499 
0.781521389794888 0.23653850778443009 0.19521789824672053 
0.770075024568373 0.24595716516011545 0.21793662161521854 
0.7906568369840505 0.22671449964015356 0.19951709720295074 
0.7025407847183975 0.32121785895478905 0.26211517584608024 
0.6926137349865797 0.3336665820322091 0.27605791071757857 
0.7062018741020665 0.3165818149941829 0.26193173939237935 
0.7449191501842294 0.2730313813539802 0.21846396331130435 
0.7123739915215284 0.3110235017129903 0.2574253151692265 
0.7232473408094493 0.298416741951123 0.24399495975716368 
0.7159181712063964 0.30580174700862695 0.2572046571082659 
0.7464604442921543 0.27145693890306366 0.21871480692901313 
0.7357742421997107 0.28253722419293703 0.2330659181522552 
0.6879913371828205 0.3403062508353496 0.27749021770508764 
0.7065207532815453 0.31773514609754383 0.2521962533911911 
0.743778716609797 0.27395959590865604 0.2227958428712652 
0.7403804304659725 0.27778577183106423 0.2244644735331517 
0.7044776026052343 0.32078085877054796 0.25401899814044915 
0.711791232381131 0.31036766493951984 0.2639515516720057 
0.6984126911711976 0.3273359584554094 0.27067693849091423 
0.7418384118306836 0.2767545123151469 0.22245004270750968 
0.783958920045406 0.2326950990535983 0.1981056502735986 
0.7102273417419033 0.31342265898172617 0.2508361965613489 
0.6974504903196703 0.3283729144845057 0.2676390896548251 
0.714667482186004 0.3070766028268349 0.2550763973214496 
0.7907898793995736 0.22531700006919386 0.20391012088008698 
0.7635830712588142 0.2519244016230888 0.21431774228322498 
0.7447416838505028 0.27509110301244555 0.21550554880631212 
0.73209639411778 0.288613691101418 0.22941741588350573 
0.7897241165164159 0.22870386417027244 0.19831959883605965 
0.7692668650684771 0.24653982408379327 0.213521444120647 
0.7753502113722284 0.24019738876348706 0.21233671334784154 
0.7442283802483891 0.2743308599674744 0.21646507021321826 
0.7544278006088272 0.26277358930930306 0.2140462793297715 
0.6842311939657431 0.34319015912661555 0.28441809143277375 
0.7168102159536147 0.30467662487476255 0.25879969368020084 
0.6817337914656425 0.34573201568343914 0.2835492907645243 
0.7958967019894514 0.22174840479263735 0.20254104395940764 
0.6994355866446161 0.32700102452812974 0.26507914912521435 
0.7090492569407727 0.3149996290478364 0.2513865146193258 
0.7016568777124594 0.3243785855304492 0.25777516600671535 
0.7210798864394461 0.30163991078646735 0.24082396509114679 
0.7561320755154495 0.26143023060158743 0.2075407571344745 
0.7705520898792465 0.24963531366707803 0.20356429231795337 
0.6824549431775281 0.3453816300084279 0.28242571490242363 
0.7245048852899029 0.29713722722498326 0.24102812428823872 
0.7455861797254424 0.2717932867599482 0.22647869779518126 
0.791888726199822 0.2260078440268981 0.1994743716560804 
0.7798049233231027 0.2391457413436192 0.19420710476227054 
0.7184460122846136 0.30395854876414263 0.2512113450220964 
0.7078857216908168 0.31476355482197804 0.25891693743671984 
0.787437026715808 0.2284342300067207 0.2024010123901533 
0.6961524355638721 0.3299755738134875 0.27050789744894166 
0.7804956083411282 0.23670639436067742 0.1958966988932791 
0.7583003954130692 0.2576813347052448 0.22076687620628055 
0.687464693927009 0.33946741316685836 0.28784666772599443 
0.6835191615032119 0.3440711301799728 0.28062962840340155 
0.714381805377306 0.3097668894202308 0.2475305196805092 
0.7948096108765857 0.22115776094177664 0.2039508952254746 
0.7832263099948745 0.23321706014481658 0.19768981684357234 
0.7340901647168194 0.28467794261086277 0.23624962519027914 
0.800805091074403 0.21582201342059382 0.20941579316398573 
0.7325592932185852 0.28909617387981057 0.22914594538112187 
0.7094592512792359 0.312835960067697 0.2662135973513108 
0.7432275132356312 0.27616853074202163 0.22098062478674085 
0.7887837591820138 0.22851880232142052 0.19894193787295777 
0.7100861244918569 0.3159077449626102 0.2496934775396078 
0.7123940246565121 0.3118927430478594 0.24885662959807742 
0.7323244461915558 0.2870180617482818 0.23193391836053634 
0.7224464270584272 0.30191399362376403 0.23841465068120027 
0.718307600840743 0.304432655619003 0.24904323736093792 
0.8024350460057686 0.21443312530937952 0.210024582181624 
0.7745364230953948 0.2409473281488732 0.20042634534165926 
0.7089931713882933 0.3133100554196442 0.265067204502099 
0.7613407782218833 0.25537872232641456 0.2281123085526623 
0.7686583006906385 0.24687425473426583 0.21639086810634356 
0.7809895685712785 0.2378208950121411 0.19439853035157895 
0.7977757489340832 0.21994690388231164 0.2025814191069658 
0.7467340753396459 0.270305073034506 0.2284946504541031 
0.7558928171284525 0.260888225943123 0.2256293762898558 
0.6831652420440687 0.34475343359658117 0.28021661812409093 
0.7024402966231915 0.3221274656209251 0.26248576408962265 
0.6916633322540461 0.33598898640427777 0.27343882451064194 
0.6889973181164248 0.339718413840536 0.2746769441801079 
0.7523822626450929 0.2645633197142161 0.22601034062552905 
0.7239767947141669 0.29958438271710175 0.23748946934827342 
0.7188322032659659 0.30370325207804505 0.2451147573564264 
0.7610555116272505 0.2576859922456881 0.2045389477486803 
0.78213770915829 0.23569851791144292 0.19628825795449245 
0.7071850185729958 0.3161188435752469 0.2585371298929061 
0.7744630770761503 0.2407164059829333 0.2011355889248414 
0.7466264745132652 0.27038148320983424 0.21920083583684358 
0.7162157743820823 0.3054002278030178 0.2548699713226057 
0.7163118977146494 0.3065401506176504 0.24451359215653667 
0.7830063769660371 0.2346192026535736 0.1962087109478 
0.6915346901232057 0.33519949942377825 0.2795993103479757 
0.7740688404707253 0.24163906929781487 0.2033681332658306 
0.7002011869805966 0.3257817239086408 0.2681885617031621 
0.7313371840836383 0.2893898394831408 0.22876963029632225 
0.7030776953448599 0.3215148328596926 0.2610724271964727 
0.7235993351229528 0.30007733402413483 0.23821565704559078 
0.7903419495199806 0.22614033227701114 0.200805009818805 
0.6999494823692323 0.3255534796366867 0.2685453896039044 
0.7993512599834136 0.21921621420377135 0.20530132593303796 
0.7433417204316966 0.27566043092954895 0.21809960207264534 
0.7400513367226205 0.27817590070357245 0.22529701633061872 
0.7078050231125357 0.31452343502838465 0.25977763939952847 
0.7997395607898361 0.21850300728629413 0.20584129346312507 
0.7777746968824214 0.23723823194325133 0.20053299510884726 
0.7342908318149768 0.28446926062854705 0.2358613036634415 
0.7248183038812834 0.2969736979767823 0.2493236624668984 
0.7929045032169764 0.2256127659678524 0.20019306309233575 
0.7096830993420127 0.3139239512322465 0.259923024218063 
0.7276656603604097 0.2925506603321588 0.23115594092888891 
0.6943320273138428 0.3319121732450617 0.27556027835578867 
0.722807027367664 0.2995146854703358 0.2393625423639565 
0.7641021785477264 0.25436603539418445 0.20315052566257885 
0.6809311713364806 0.34767937719701114 0.2833301710907178 
0.7378690126875125 0.280394522917889 0.23390480035928984 
0.7596339768986373 0.25702836623431413 0.2153933600309227 
0.723088687243947 0.30012008034566073 0.23688257950315394 
0.7249471369033407 0.29669276226072827 0.24150716454056698 
0.7337506218849865 0.28501886123389564 0.22959383263105115 
0.7035424318976082 0.32190760753812675 0.25581302484601876 
0.6838876900325159 0.3436987573071776 0.2817213017343775 
0.7258904514298505 0.2956255362809004 0.24357856065066197 
0.75024324658086 0.2677460837191046 0.21283461227689593 
0.7820010793991452 0.23490074064202093 0.20037261217099855 
0.7583858941510433 0.2582993682274102 0.21439864152637933 
0.7802121862934207 0.23664505681008552 0.196885561964929 
0.7944354749206689 0.2233668047220403 0.20134753889763612 
0.7115037336199672 0.3125470750915552 0.24862021985699434 
0.7288491472570828 0.2910247581794041 0.23251528027411883 
0.7029892711131994 0.32271140796272957 0.26090778807953574 
0.6840564527611861 0.344206424889534 0.2804347278382102 
0.697580688563789 0.32800620848861417 0.28559328024746744 
0.7132956646235347 0.31014185762180124 0.24849320348186787 
0.799055975184834 0.2172895908816861 0.2092502217990876 
0.7206048399884294 0.30046761544351286 0.2586203083788011 
0.7037457756431679 0.3196755657102852 0.26142665830933476 
0.7225764176544318 0.299417772699376 0.24262649883629483 
0.6913847411328943 0.33540215732575307 0.2760452433812526 
0.7763947852112077 0.23885108728590343 0.20174838216890978 
0.7189633291362958 0.3030123802655512 0.2593106930329524 
0.6900357329686432 0.33639445821663305 0.2767399386426458 
0.7287973934188039 0.291220168833882 0.23719218285990096 
0.7653271989018284 0.2503028093547556 0.2190371667771729 
0.6953092354239325 0.33058668557776194 0.2812194341019827 
0.7051899583276957 0.31793128988079045 0.26169859514739136 
0.7516672109069406 0.2663407475201436 0.20907026087042624 
0.7616697616797695 0.2549179020117387 0.20776774306793222 
0.7021250400846123 0.3233021984099057 0.2675952978921802 
0.8073594934349686 0.21178242712241024 0.21515587320287177 
0.6829233689196497 0.34521156598914926 0.28128661010466527 
0.6857082248070764 0.3412540071794711 0.2815926581057251 
0.7939968865461244 0.2224380055199715 0.20306617210234013 
0.731487905639709 0.2877501237297342 0.23209041931158392 
0.7217477923784248 0.3011342974375625 0.24632990547452616 
0.711165345980526 0.3120237020857277 0.2603789184189449 
0.6950960195087321 0.33116232692344727 0.27319633465688475 
0.7178672858853471 0.30435361086478163 0.2538169835776354 
0.7054593492392285 0.3193769496884421 0.2543193764508127 
0.7055700897232835 0.3174022228688226 0.2595670361900575 
0.77701823314494 0.23822022089385297 0.2022866408542573 
0.7694097812490993 0.24642455439075672 0.21684483148447786 
0.6892914034518862 0.3376087511761934 0.2840152320747418 
0.7985715138324749 0.2190087854556596 0.2062451561045533 
0.6990690642496831 0.32670538305809826 0.26900751365379194 
0.7577989390820254 0.26156605021073664 0.20563258188701428 
0.6865409655000934 0.34040468748029973 0.2873798872004769 
0.7974285977364397 0.21870886167379522 0.20809202523117387 
0.7991100120077136 0.21750859588711868 0.20826282010300923 
0.7814173166342202 0.23352052931485268 0.20190477137360474 
0.7205318088189776 0.3020650163386167 0.24552171034482606 
0.7042606784165574 0.31887798347251484 0.26099980662750766 
0.7199516352467981 0.30267939883850425 0.24448043714421663 
0.7497230355674044 0.2672303014914127 0.22238196613334205 
0.6873286351108061 0.33957430016648193 0.27885408048730176 
0.7159989878865485 0.30686542082730195 0.24757199051190848 
0.7545581973598765 0.26283846590007953 0.21084198697162382 
0.7920197397162412 0.2252124494255069 0.201590389233412 
0.684014451437311 0.3459933919988054 0.2790744809525356 
0.8031568178584502 0.2139211759077595 0.2102269809941698 
0.7857830361493168 0.23452218280243897 0.1948205552219916 
0.7968505576819267 0.22202185829350018 0.20232596792236335 
0.695845030036286 0.3308943299254955 0.2700686522959239 
0.7716939004532937 0.2446020854692018 0.20258758851503123 
0.739773171393161 0.2793985640586918 0.21955900080793567 
0.6933521099917656 0.3329059765902592 0.27932500697466 
0.7877236686192847 0.23074311487601917 0.1966681349706928 
0.7649578256751869 0.25234656652220355 0.2060463840832495 
0.7077981547207515 0.3162669772136054 0.2509058062796974 
0.7629751867028041 0.25410374914879175 0.20424409386739129 
0.762442432732871 0.2571955946085499 0.20484346487210747 
0.7303071444032818 0.28990495177518905 0.23079335599244244 
0.7389653624354975 0.2792854484895053 0.22590704310755216 
0.6980478458874586 0.32772737238358984 0.2714993103873352 
0.7492833464175706 0.26912239741204835 0.21066379544478042 
0.7386807842978445 0.28153924521625395 0.2222247289877416 
0.68870436079317 0.33799916099882243 0.2840428904632859 
0.6784130669783646 0.3511042430558511 0.2843145956394506 
0.7572282261352217 0.2640386480403606 0.20269631549667178 
0.71204789696411 0.31019447426322044 0.26163264130851993 
0.6991509490938089 0.3264637191193117 0.27298225656751884 
0.7445882742170897 0.2737929772221309 0.22116272144634064 
0.7634821229511437 0.25317602999933 0.2086010820434816 
0.7272385583922125 0.2935505953143892 0.23530781547295976 
0.7376797321072257 0.280807526877455 0.23610702757916624 
0.7753500732178197 0.24019752972101627 0.21233668266930372 
0.7654859606363725 0.25380732810090467 0.20403834399330423 
0.7284382623187375 0.29176646163826425 0.2318162261113591 
0.7901398783923279 0.22691366026559745 0.20002563533948214 
0.7129987794544622 0.3105973886989727 0.2562839424077562 
0.7294667772683336 0.2901306077810991 0.2310225738098055 
0.7353595338492294 0.2832719460711248 0.23253024996513327 
0.6938919301744719 0.33224535228736574 0.2799659835293664 
0.7436567830902687 0.2781694302015556 0.2173658656794848 
0.720195415511582 0.30174986676097537 0.2591579791699741 
0.6947527913286463 0.3315331885315077 0.26960191591135596 
0.6964520600189763 0.33020320382485024 0.26887959738075884 
0.759234058488462 0.25894214044293073 0.20842584253985197 
0.7023522584170154 0.32190026252269677 0.2633559617175586 
0.749760389506646 0.26865364316024143 0.21493437486268785 
0.7573586110940708 0.25985664612837756 0.2076802445909426 
0.7008237765986516 0.32489509857756604 0.2655637997964857 
0.7194379060734462 0.3036143521200153 0.24413276940304718 
0.7362563378969159 0.28238699950151436 0.2343672441269522 
0.6862177632841145 0.3420065891079711 0.28000098268716855 
0.7131981233619911 0.3109303244080721 0.25628383304984526 
0.6880642171395264 0.3388608712214002 0.2830233836756346 
0.7867014852782799 0.2286420837661628 0.2064169444703896 
0.7703721984761205 0.24532206023618486 0.2140380501864555 
0.7127619649220633 0.30926031180795555 0.263194445625606 
0.6945240674518336 0.3324698061807081 0.27114313517623534 
0.7524227321940915 0.26501274447183865 0.2118386795267112 
0.7809067534676988 0.236285654245743 0.19598372976997536 
0.7072533144759354 0.31696965671143607 0.25417614153568524 
0.7491970229451461 0.26808787340619356 0.22029391058260328 
0.7146131278113419 0.3113847783342658 0.24586518778701638 
0.6849668609442332 0.3420107302477643 0.285875384560471 
0.7333512394898203 0.2857636475466254 0.23064460504486428 
0.7710592743107998 0.2459717764821181 0.21120690312373347 
0.7427416247779999 0.27556708886048387 0.2212890005298368 
0.763163060787652 0.25350037052985586 0.21389685875879372 
0.7086581991333616 0.31665526508980624 0.25009263162366224 
0.698827018726937 0.3267482249370893 0.27961592979651395 
0.6881326445529226 0.3387538552678778 0.2793645314457931 
0.6909218481382573 0.33549090663857317 0.2766361995905223 
0.6997655473197626 0.32541269445084475 0.27278114817607246 
0.7494764415589279 0.26750675446685 0.22640794911706197 
0.7118247867257055 0.310004921370461 0.2638813543055145 
0.794595560588296 0.22187837879748906 0.20966872917719048 
0.7047318820862083 0.3201339416285621 0.25345213294629 
0.7647948068785775 0.25436690891857583 0.20092588715364335 
0.6851358519572825 0.34215904228739424 0.28025710874959553 
0.6877880169488639 0.3394658599372964 0.2829633541591047 
0.7150277532470575 0.3079901706257213 0.25005286451240927 
0.6957311143567382 0.3306331329699326 0.2740767415603287 
0.7297658134285535 0.290407895651691 0.23096732893445648 
0.7678524372696305 0.24779390872067186 0.21382485016895114 
0.7776840017373716 0.2418275864163838 0.1964379652890832 
0.7198535133409364 0.3024310008830884 0.24593475049157865 
0.7298611124382675 0.28972889477860764 0.23117725105370657 
0.7159113114360458 0.3084349230133976 0.24535304094558685 
0.7065821447238188 0.31619893460249726 0.2632135416085877 
0.7094592512792359 0.312835960067697 0.2662135973513108 
0.6955207876741649 0.33074826051101147 0.27026149395020715 
0.7785205061970903 0.23695470754886727 0.2007825251848312 
0.789259193345092 0.22764300882455724 0.2209884285152034 
0.7368554599769634 0.28164977624592225 0.2326303550052501 
0.7708281862308428 0.24431675595519953 0.22010700685788276 
0.6996555834936842 0.3260678481397158 0.27167145006569804 
0.7875615184253201 0.22976709476817891 0.19911113817531823 
0.7216016365714064 0.3003151138062371 0.26132528821366297 
0.7272385583922125 0.2935505953143892 0.23530781547295976 
0.767652469091 0.2506958767244327 0.20442129302795264 
0.7401763783566753 0.28045303489908646 0.2178741337428043 
0.7619189857155507 0.25467568720174383 0.20638802950936141 
0.7264607176767509 0.29433888012552356 0.23464673499685362 
0.7035825679191714 0.3223915139356669 0.25448690188910694 
0.764504673020666 0.25098529544966874 0.21595645262369179 
0.7214504567279532 0.3013201394727567 0.2502375227127336 
0.7006857351104715 0.3246496412433756 0.2709520637319013 
0.6965370045954062 0.3291303825925198 0.26946963852018546 
0.7083865093282296 0.3139290265103719 0.26548471281133035 
0.7539484319184854 0.263435379521889 0.20875616582567613 
0.7513186717316618 0.2666699139788312 0.21105383750161566 
0.7112044115256297 0.31285945710694807 0.25789857118266324 
0.7780952573085538 0.2372272851458036 0.21674389846259068 
0.7269310862349454 0.2942392742685088 0.2436809897980915 
0.7344316803250872 0.2855076896838068 0.2271934185661435 
0.7236122662629292 0.2977508436464851 0.26002092722728587 
0.7331933650217517 0.28736779592865225 0.22731138477308288 
0.7381202287352269 0.2801166700300508 0.2257343904081468 
0.7414273170467086 0.27646546329490884 0.22498158245999433 
0.7588219673704822 0.2613822305383834 0.20367277241097226 
0.7056092063918908 0.3192400695691874 0.25214434767834915 
0.6949733761218876 0.3312927453385446 0.2730765780405012 
0.7004075961201761 0.32516084751840635 0.27213228786885546 
0.6893095510146814 0.3371572245775325 0.28526731025309415 
0.7536990073173568 0.2642564627174282 0.21258758287631396 
0.7282471962856669 0.29280210373950766 0.23109279417776019 
0.7703714943267883 0.2474515648828216 0.2053794793784598 
0.737707054838 0.28125581478073103 0.22521896881761472 
0.7361442749307741 0.28285030312510095 0.22462183326035368 
0.7794723860122222 0.23682387755219603 0.20784374961475882 
0.6862232881674757 0.3409501453574214 0.2792838480332547 
0.7002924173814468 0.32519759028453243 0.2722898457200523 
0.7193423342272659 0.3032247839089588 0.24632667273680808 
0.7287690777090783 0.29136202754134954 0.23548080580180786 
0.7606451134192982 0.25556497457091154 0.21476199962751852 
0.7642268829740873 0.25142545043415276 0.21882997686575967 
0.6869201912517832 0.3400281091256182 0.28272316303719924 
0.7241482587431216 0.29750118718124463 0.24340866808775463 
0.7844480225538233 0.23096612143379192 0.20444156632964627 
0.7203291571177751 0.3024053393708218 0.24001053793204907 
0.7350175430500169 0.2842564896819616 0.23169704090723198 
0.7932301898158038 0.22396657072054238 0.20201699417712093 
0.7375731191649004 0.28265351160790475 0.22045000149935845 
0.792764324743127 0.22459133438945666 0.20226761825069817 
0.7106723289163789 0.31307361541623624 0.25532055436051304 
0.7735142131074497 0.2432046329293983 0.2015309443858172 
0.7140739672693557 0.30886758336842624 0.255215510387662 
0.7178879025590694 0.30336427935152444 0.259533244050723 
0.7477622717701099 0.26922810369061045 0.21949121239835645 
0.7712900649967528 0.2438695743891366 0.21962514315262838 
0.7033080877565645 0.32043489700366534 0.26277558353234187 
0.7448924285387315 0.2724008665218125 0.2262878976276136 
0.7479036744167161 0.2719596764283513 0.21570543996726876 
0.7696879439592158 0.24844026361613258 0.20620933247718498 
0.741189796178749 0.2779528395616365 0.22134714773557107 
0.763293566723281 0.2551911758183053 0.20248952706034873 
0.6801287944737349 0.3479602688876984 0.2826994119766194 
0.6941455068406372 0.3319868461241682 0.2765185888654963 
0.7134565437952787 0.30871529308180656 0.262699908277757 
0.6955044502434196 0.33169788705751657 0.26728178926140234 
0.7198696047881088 0.3022990682129736 0.2609007276102555 
0.7743121542583232 0.24131008540979182 0.2058986064178867 
0.7721012469696646 0.24392154490905638 0.20902476995724117 
0.7571997830118183 0.2591979808851591 0.22669784983322483 
0.7832210701853612 0.23322240650690207 0.19768853507479733 
0.7019474568194036 0.32309383337297803 0.2718693507576415 
0.755868287240891 0.26181663612056494 0.21014509685159566 
0.6982133062777927 0.3275682439678307 0.2763850953564041 
0.6847972908819878 0.3425134457932578 0.28169919348906114 
0.7975699863782781 0.21954514372455958 0.20610197516334172 
0.6822313168849388 0.3473544061874406 0.2819461944965187 
0.7280242677426573 0.29186774931145654 0.23185459062987368 
0.6876407887127926 0.33949788802803427 0.28614225730163734 
0.7684086426154084 0.24768907110001892 0.2081065919222188 
0.793174782478763 0.22501272154713836 0.20029123516409175 
0.7047338942086707 0.32013376476634314 0.2534518939962652 
0.7444078447844239 0.27289496502171906 0.22218987402825008 
0.7033379741754531 0.32051954211461775 0.262174976707912 
0.8043008437461934 0.21275393800354148 0.21037526236423532 
0.7004293154509331 0.3254689253129275 0.2678345709323351 
0.757442447678432 0.26309226964548227 0.20395427494341323 
0.7665116835596302 0.24994485033887426 0.20863450628485225 
0.700014973624241 0.32614351029185873 0.26718274186127733 
0.7235508283321577 0.2990371643510684 0.24005130373317596 
0.7850070128801773 0.23059652067322378 0.20143412613689127 
0.6916638321559239 0.33556159748507486 0.2726153651592048 
0.7679991241205324 0.24821303297431663 0.21135412043204127 
0.736832566877071 0.2840661285685194 0.2208787311538295 
0.7309266267712773 0.28854399385465224 0.2312904888991888 
0.707532763981116 0.3168159911144326 0.25200493615438213 
0.7499564261095737 0.2668871227857281 0.22164449858151036 
0.7661895600187569 0.25108984081626506 0.20588260892810684 
0.8035136786086186 0.2134936690210295 0.2107399166083228 
0.7156027614339125 0.30632971150627664 0.25568416985671316 
0.753717755564101 0.2632013530930455 0.22654101190007425 
0.7875615184253201 0.22976709476817891 0.19911113817531823 
0.6907303594887155 0.3359964383119891 0.2765591210701306 
0.7318748585368027 0.2875765226893905 0.23222647836428223 
0.768093596819549 0.2472244223897776 0.21489039163352708 
0.6856624784946008 0.3413006816738787 0.2805884470123362 
0.7796620490326454 0.23977251844728653 0.19482665877802408 
0.7896565872064628 0.2268836264213 0.20690242030939532 
0.723493071075367 0.29859903418128475 0.2433082685452067 
0.7292979784600786 0.2905972041579752 0.23280245448606318 
0.6824984382977457 0.34495153242691523 0.28322378160453154 
0.7286729374740288 0.29236790726310735 0.2312390841891977 
0.6792823145700108 0.34990552764017135 0.2845212358082184 
0.7831648470695681 0.23455641956910245 0.19393146060156885 
0.7766306709946782 0.23840546984746935 0.20023277447041188 
0.68006210844594 0.3499913521015926 0.2830204457490879 
0.6888729466019883 0.337936392352123 0.2851178415211716 
0.7942599973107269 0.22212946613841944 0.20553811913268238 
0.7202580356147578 0.3027789138915218 0.24122514006641482 
0.710865199910089 0.31287108562231025 0.25036814625319215 
0.6901820884744985 0.3377158614086624 0.2747059744043162 
0.72496018331223 0.29667974868091973 0.24310150690620502 
0.7325193949756501 0.2862763221602226 0.22975743407892069 
