5 0 3 0 0 10 1 2 1 1 1002 4614 793 853 3 0 0 0 0 6 3 0 1 0 1002 4903 119 3881 
0 0 3 1 0 2 5 4 1 1 968 4907 464 711 6 1 0 2 0 4 5 4 1 0 970 2681 235 3880 
0 0 3 1 0 2 5 4 1 1 992 4769 2905 711 7 1 0 2 0 14 5 4 1 0 902 2480 119 3881 
0 0 3 2 0 2 5 4 0 0 1002 4614 3425 1092 6 1 0 0 0 5 5 2 1 0 862 2480 119 2137 
5 1 3 0 1 9 2 0 0 0 1295 316 4943 4377 4 0 1 0 1 0 3 0 1 1 1394 3584 1910 2134 
5 1 3 0 0 13 2 0 1 0 1470 4614 4604 3131 4 0 1 0 1 0 3 0 1 1 1394 3584 4034 2134 
0 0 3 1 0 2 2 4 0 1 882 4614 3425 203 6 1 0 0 0 6 4 2 1 0 621 4903 119 3881 
5 0 3 0 0 10 1 2 1 0 1470 4614 4604 3131 3 0 1 0 1 15 3 0 1 0 1394 3584 446 1749 
0 0 3 1 0 2 0 4 0 1 934 4614 3425 711 6 0 0 0 0 7 4 2 1 0 895 3096 376 3880 
5 1 3 0 0 9 2 0 0 0 1295 316 4943 4377 4 0 1 0 1 0 3 0 1 1 1394 3584 446 1749 
5 1 3 0 0 13 2 0 1 0 1470 4614 4604 3131 3 0 1 0 1 15 3 0 1 1 1394 3584 446 1749 
6 0 3 1 0 2 1 1 0 1 669 4907 2121 711 6 0 0 1 0 6 5 2 1 0 897 2681 119 3880 
0 1 3 1 0 2 5 2 0 1 669 4769 2905 711 6 0 0 0 0 9 4 2 1 0 650 2681 119 3880 
6 1 3 1 0 2 2 4 0 1 968 4907 2905 711 6 0 3 0 0 0 4 2 1 0 1394 3584 271 228 
6 0 3 1 0 2 3 2 1 1 1002 4769 2905 711 6 1 0 1 0 0 5 4 1 0 650 2681 119 3880 
5 1 3 0 0 7 2 4 1 0 1470 4614 4604 3131 3 0 1 0 1 15 3 0 1 0 1394 3584 446 1749 
6 1 3 0 0 2 5 1 0 1 968 4907 2905 711 6 1 0 1 0 0 5 2 1 0 1106 2681 119 1943 
6 0 3 0 0 13 2 0 1 0 1295 4614 4365 711 6 0 0 0 0 6 3 0 1 0 1002 4903 119 3881 
1 0 3 1 0 2 5 1 0 1 1002 4614 2905 711 6 0 0 1 0 0 5 4 1 0 512 3059 119 3880 
5 1 3 0 0 5 1 1 0 1 1002 4614 3453 853 3 0 1 0 0 0 3 0 1 0 897 525 235 3881 
7 0 3 1 0 2 0 2 0 1 968 4907 464 711 6 1 0 1 0 11 5 2 1 0 773 3096 235 3881 
0 0 3 1 0 2 5 4 0 0 990 4809 1669 1024 7 1 0 0 0 0 5 2 1 0 1042 3151 376 1984 
6 0 3 1 0 2 0 2 0 1 669 4769 1592 1610 6 0 0 1 0 6 5 0 1 0 895 3096 235 3880 
5 0 3 0 0 10 1 2 1 1 1002 4614 793 853 3 0 1 0 1 6 3 0 1 0 897 3783 235 1479 
5 1 3 0 0 2 2 0 0 1 968 4907 2905 1220 6 1 0 0 0 11 5 2 1 0 1106 2954 82 3800 
5 1 3 0 0 10 1 2 1 1 1002 4614 3453 853 3 0 0 0 2 11 3 0 1 0 1125 2904 376 2369 
0 0 3 1 0 2 2 4 0 1 968 4907 2905 711 6 0 0 0 0 0 4 2 1 0 897 2480 376 3880 
5 1 3 0 0 13 2 0 1 0 1295 316 4943 4377 4 0 1 0 1 0 3 0 1 1 1394 3584 222 2134 
5 0 3 0 0 5 1 1 0 1 1002 4614 3453 853 3 0 1 0 0 0 3 0 1 0 895 3096 235 3880 
6 0 3 1 0 2 2 4 0 0 1002 4614 3425 1092 6 1 3 0 0 5 1 0 1 1 1394 4132 82 485 
5 0 3 0 0 10 1 2 1 1 1002 1758 1658 853 3 0 0 0 0 15 3 0 1 0 1163 3779 147 3880 
6 0 3 1 0 0 0 4 1 1 1002 4769 2905 711 6 1 0 1 0 1 4 4 1 0 862 2681 119 3880 
0 0 3 1 0 3 5 4 1 1 1002 4614 3425 711 6 1 0 1 0 0 5 4 1 0 897 2480 376 3880 
0 0 3 1 0 2 5 4 0 1 1002 4614 2905 711 7 1 0 1 0 0 5 2 1 0 970 2681 235 3880 
6 0 3 1 0 2 2 4 0 1 968 4907 2905 711 6 0 0 1 0 12 5 0 1 0 862 3059 235 3881 
5 0 3 0 0 10 1 2 1 1 1002 4614 2905 711 6 0 0 1 0 11 5 2 1 0 897 2480 376 4042 
7 0 3 1 0 2 5 4 0 1 669 4769 2905 711 6 1 0 1 0 10 5 2 1 0 1106 2681 119 3880 
5 0 3 1 0 2 0 4 0 1 1002 4769 2905 711 6 0 0 0 0 0 5 0 1 0 895 2813 119 3691 
5 1 3 0 0 13 2 0 1 0 1470 4614 4604 3131 3 0 1 0 1 15 3 0 1 1 1394 3584 446 3585 
5 1 3 0 0 13 2 0 1 0 1470 4614 4604 4377 4 0 1 0 0 7 3 0 1 1 1394 3584 82 485 
7 0 3 1 0 2 5 2 1 1 1002 4614 3425 711 6 1 0 1 0 1 4 4 1 0 862 3059 376 3570 
0 0 3 1 0 3 5 4 0 1 1002 4769 2905 711 3 0 0 0 0 15 4 2 1 0 897 2610 119 3881 
6 0 3 1 0 2 2 4 0 0 1181 4769 2166 711 6 1 0 0 0 12 5 1 1 0 897 3096 119 1783 
0 0 3 1 0 2 0 4 1 1 831 4769 2905 711 6 1 0 1 0 12 5 4 1 0 895 3096 235 3880 
7 0 3 1 0 2 5 2 1 1 1002 4769 2905 711 6 1 0 0 0 6 5 2 1 0 897 2480 376 4042 
0 0 3 1 0 2 5 4 0 1 669 4769 2905 711 6 1 0 1 0 5 5 2 1 0 650 2709 119 2491 
0 0 3 1 0 2 2 4 1 1 1002 4614 1857 1216 6 0 0 0 0 11 5 3 1 0 650 2681 119 3880 
6 0 3 0 0 2 2 0 1 0 1295 4614 4604 711 6 0 0 0 0 9 3 0 1 0 1248 2480 376 3884 
6 0 3 1 1 2 2 0 1 1 669 4709 3103 711 6 1 0 0 0 15 4 2 1 0 862 2681 446 1749 
5 0 3 0 0 2 2 2 1 1 968 4818 2905 711 6 1 1 0 2 12 3 0 1 1 1394 4132 82 485 
5 0 3 0 0 13 2 0 0 0 1470 4614 4604 1390 1 0 0 0 1 15 3 0 1 1 1394 3275 82 2137 
6 0 3 1 0 2 1 1 0 1 808 4580 2000 711 6 1 0 1 0 12 5 1 1 0 967 2480 235 3881 
5 1 3 0 0 13 2 0 1 0 1470 4614 4604 3131 2 1 1 0 1 15 3 0 1 1 1394 3584 446 1749 
0 0 3 1 0 2 5 4 0 1 1002 4614 2905 711 7 1 0 1 0 14 5 4 0 0 657 2681 119 3880 
0 0 3 1 0 2 2 4 0 0 882 4614 3425 203 6 1 0 0 0 12 5 2 1 0 1303 2480 119 2137 
0 0 3 1 0 2 0 3 0 1 1035 4769 2905 1540 6 0 0 1 0 2 5 4 1 0 1073 3059 235 3881 
6 0 3 0 0 2 0 4 0 1 967 4580 2000 1294 6 1 0 1 0 14 5 0 1 0 697 4623 119 3881 
7 0 3 1 0 2 5 4 1 1 540 4907 1863 1282 6 1 0 1 0 6 5 2 1 0 966 3071 235 3880 
6 0 3 1 0 2 0 4 0 1 1002 4769 2905 711 6 1 0 1 0 6 3 0 1 1 1394 3584 271 228 
6 0 3 0 0 2 2 4 0 1 1002 4614 3453 203 6 1 0 0 0 8 4 2 1 1 897 2480 376 4042 
6 0 3 1 0 2 5 2 0 1 968 4907 2905 1954 6 1 0 0 0 6 5 0 1 0 1106 2458 119 3880 
0 0 3 1 0 2 5 4 0 1 1002 4769 2905 711 6 1 0 0 0 11 4 3 1 1 1002 2681 119 3880 
5 1 3 1 0 10 1 1 0 1 881 4769 2905 711 6 1 0 0 0 6 5 2 1 0 897 2480 376 4042 
0 0 3 1 0 2 0 0 0 1 669 4907 2121 711 6 0 0 1 0 6 5 2 1 0 897 2681 119 3880 
6 0 3 1 0 2 3 4 0 0 1181 4769 2166 711 6 1 0 0 0 12 5 1 1 0 897 3096 119 1783 
6 1 3 1 0 2 2 4 0 1 1181 4769 2905 711 1 0 1 0 0 15 3 0 1 0 895 2701 446 1749 
0 0 3 1 0 2 5 4 0 1 1035 4769 2905 711 6 1 0 1 0 6 4 0 1 0 895 3096 235 3880 
0 0 3 1 0 8 5 4 1 1 1002 4769 2905 711 7 1 0 2 0 14 5 4 1 0 1085 2681 119 3880 
6 0 3 1 0 2 0 4 0 1 990 4580 2905 711 6 1 0 1 0 0 5 0 1 0 1042 2681 119 1604 
0 1 3 1 0 2 2 4 0 1 990 4809 2905 711 6 0 0 1 0 11 5 2 1 0 897 2480 376 4042 
6 0 3 0 0 2 2 4 0 1 1002 4614 3425 711 6 0 0 0 0 6 5 1 1 0 862 3059 376 199 
0 0 3 1 0 8 5 4 1 1 1002 4769 2905 734 6 1 0 1 0 4 5 4 1 0 970 2681 235 3880 
6 0 3 1 0 2 0 4 0 1 990 4580 4657 711 6 0 0 0 0 6 5 2 1 0 1266 2709 119 2137 
6 0 3 1 0 2 0 0 0 1 1002 4614 2905 614 6 0 0 1 0 12 5 2 1 0 669 2681 119 3585 
0 0 3 1 0 2 5 2 0 1 968 4907 2905 711 6 0 0 0 0 11 4 2 1 0 897 3830 376 3880 
0 0 3 1 0 2 5 2 0 1 1002 4769 2905 711 6 1 0 0 0 6 4 2 0 0 650 2681 235 3881 
0 0 3 1 0 2 0 2 1 1 988 4907 3678 711 7 1 0 1 0 1 4 4 1 0 969 3957 119 3881 
0 1 3 1 0 2 5 2 0 1 540 4907 1863 711 6 1 0 1 0 10 5 2 1 0 1106 3151 376 1984 
0 0 3 1 0 2 5 4 0 1 1002 4614 2905 614 6 0 0 1 0 12 5 2 1 0 1303 2480 119 2137 
5 1 3 0 0 5 2 0 1 1 605 4907 1863 711 3 1 1 0 2 12 3 0 1 0 1394 2681 235 1479 
5 1 3 0 0 10 1 2 1 1 1002 4772 4124 853 3 0 0 0 0 6 3 0 1 0 967 2480 235 3881 
3 0 3 1 0 2 5 4 0 1 1002 4769 3267 711 6 1 0 2 0 0 5 4 1 0 897 3096 119 3880 
5 0 3 1 0 3 2 4 0 0 990 4580 268 711 6 1 0 0 0 6 3 2 1 0 967 2480 376 3880 
6 0 3 1 0 2 2 2 0 1 934 4614 3425 711 6 0 0 0 0 7 4 2 1 0 895 3096 376 3880 
6 1 3 1 0 2 5 4 0 1 990 4769 2905 711 6 1 0 0 0 11 4 2 1 0 897 2681 119 3510 
5 0 3 0 0 13 2 0 1 0 1295 4614 4365 711 6 0 0 0 0 6 3 0 0 0 1328 2681 119 3880 
5 0 3 0 0 13 2 0 1 1 1295 4614 4604 4377 4 0 1 0 0 6 3 0 1 1 1394 3584 271 228 
5 0 3 0 0 10 1 2 1 1 1002 4614 1658 853 3 0 0 0 0 6 3 0 1 1 1002 2681 119 3881 
5 0 3 0 0 13 2 4 0 1 1181 4769 2905 711 1 0 1 0 1 15 3 0 1 0 1340 3289 119 1084 
5 0 3 0 0 13 2 0 1 0 1295 4614 4365 711 4 0 0 0 0 6 3 0 1 0 895 3096 271 3880 
0 0 3 1 0 2 5 4 0 1 1002 4614 2905 711 6 1 0 0 0 0 5 2 1 0 895 3096 235 3880 
5 0 3 0 0 13 2 0 1 0 1470 4614 4604 3131 3 1 1 0 2 5 3 0 1 1 1394 3584 446 2137 
5 1 3 0 0 13 2 0 1 0 1470 4614 4604 3131 2 1 1 0 1 15 3 0 1 1 1394 3584 4034 2134 
1 0 3 1 0 2 5 2 0 1 990 4580 2905 711 6 1 0 1 0 0 5 4 1 0 1248 2480 376 3884 
6 0 3 1 0 3 3 4 0 1 964 4769 2905 711 6 1 0 1 0 4 5 4 1 0 650 2681 119 3880 
7 0 3 1 0 2 0 2 0 1 968 4907 2492 711 6 1 0 1 0 11 5 2 1 0 773 3096 235 3881 
5 1 3 0 0 10 1 2 1 1 669 4709 3103 711 6 1 0 0 0 15 3 4 1 0 1042 3059 376 3881 
6 0 3 1 0 2 2 4 0 1 968 4907 2905 711 6 0 0 0 0 12 5 2 1 0 895 3779 147 3880 
0 0 3 1 0 2 5 4 1 1 1002 4769 2905 711 6 1 0 1 0 4 5 4 1 0 650 2681 235 3881 
5 0 3 1 0 10 2 2 1 1 1002 4614 793 853 3 0 0 0 0 6 3 4 1 0 895 3096 235 2953 
6 1 3 2 0 2 2 4 0 1 990 4809 3632 1024 6 0 0 1 0 0 5 2 1 0 966 3071 235 3880 
0 0 3 1 0 2 2 4 0 1 968 4907 2905 711 6 0 0 1 0 12 5 0 1 0 862 3059 235 3881 
5 0 3 0 0 13 2 2 1 0 1295 4614 1863 711 3 0 1 0 2 12 3 0 1 1 1394 4132 82 485 
6 0 3 1 0 2 2 0 1 0 1295 4614 4365 800 6 0 0 0 0 6 3 0 1 0 1002 4903 119 492 
5 1 3 0 0 10 1 2 1 1 669 4709 3103 711 6 1 0 0 0 15 3 2 1 0 862 2681 119 3881 
6 0 3 1 0 2 0 4 0 1 1002 4769 2905 711 6 1 0 1 0 12 5 4 1 0 1131 2681 119 571 
6 0 3 1 0 2 2 4 0 1 968 4907 2905 711 6 0 0 0 0 10 4 2 1 0 897 2681 119 3510 
0 0 3 1 0 2 5 4 1 1 968 4907 2442 711 6 1 0 2 0 4 5 4 1 0 970 2681 235 3880 
5 1 3 0 0 10 1 2 1 1 1002 4614 3453 853 3 0 0 0 0 11 3 1 1 0 1042 2681 119 3880 
6 0 3 0 0 2 2 4 1 0 1002 4769 2905 711 1 0 0 1 0 15 3 0 1 0 895 2701 446 1749 
5 1 3 0 0 10 1 2 1 1 1002 4614 3453 853 3 0 0 0 0 15 3 0 1 1 1394 3584 446 485 
6 0 3 1 0 2 5 4 1 1 1174 4769 2905 711 6 1 0 1 0 4 5 4 1 0 650 2681 235 3881 
0 0 3 1 0 2 5 4 0 1 669 4769 2779 1365 6 0 0 0 0 8 4 0 1 0 895 3096 235 3880 
6 1 3 1 0 2 5 4 0 1 577 4769 2905 711 6 0 0 1 0 11 5 2 1 0 862 2681 119 3881 
6 0 3 1 0 2 2 2 1 1 934 4614 3425 711 6 0 0 0 0 7 4 4 1 0 895 3096 271 3880 
0 0 3 1 0 2 0 0 0 1 990 4580 2905 711 6 0 0 1 0 6 5 2 1 0 1417 2480 119 2137 
5 0 3 1 0 2 5 4 0 1 1035 4769 2779 1365 6 0 0 0 0 6 4 2 1 0 897 2480 271 3585 
6 0 3 1 0 2 5 2 0 1 1135 4614 3425 203 6 1 0 0 0 6 4 2 1 0 621 4903 119 3881 
6 0 3 1 0 2 2 3 1 1 934 4614 3425 711 6 0 0 0 0 7 4 4 1 0 1002 4903 119 3881 
6 0 3 1 0 2 0 4 0 1 972 4769 2905 711 6 1 0 0 0 0 5 2 1 0 1125 2904 376 2369 
0 0 3 1 0 8 5 4 1 1 1002 4769 2905 734 6 1 0 1 0 0 5 0 1 0 895 4680 235 3880 
0 0 3 1 0 2 0 4 1 1 990 4580 2905 711 6 0 0 1 0 0 5 2 1 0 972 2681 147 3880 
6 0 3 1 0 2 2 2 0 1 669 4614 3425 711 6 0 0 0 0 11 5 2 1 1 897 4412 376 4042 
6 1 3 1 0 2 2 4 0 1 968 4907 2905 711 6 0 0 0 0 4 5 4 1 0 650 2681 119 3880 
0 0 3 1 0 2 0 4 0 1 1002 4769 2905 711 6 0 0 2 0 14 5 4 1 0 902 2480 119 3881 
6 0 3 1 0 2 5 2 0 1 1002 4614 3425 711 6 1 0 1 0 6 5 0 1 0 970 3275 82 485 
7 0 3 1 0 2 5 0 0 1 990 4580 2905 711 6 1 0 1 0 6 5 2 1 0 862 2618 513 3570 
6 0 3 1 0 2 1 4 0 1 990 4580 2905 2063 6 1 0 0 0 6 5 2 1 0 817 2480 376 3880 
5 0 3 0 0 7 1 2 0 1 669 4769 2905 711 6 1 0 0 1 15 3 0 1 0 1163 3779 119 3880 
0 0 3 1 0 2 0 4 0 1 1002 4614 2905 711 6 1 0 0 0 0 5 1 1 0 895 3096 235 3880 
7 0 3 1 0 2 5 4 0 1 1035 4566 2779 1365 6 0 0 0 0 2 5 4 1 0 897 3205 376 3880 
6 0 3 1 0 2 5 2 0 1 968 4907 2905 711 6 0 0 0 0 11 4 2 1 0 897 3830 376 3880 
5 0 3 0 0 13 2 4 0 1 1181 4769 2905 711 1 0 0 0 1 15 3 0 1 1 1394 3275 82 485 
6 0 3 1 0 2 2 3 0 1 1002 4658 2741 711 6 1 0 0 0 11 3 2 1 0 1052 3969 119 3881 
5 0 3 1 0 2 0 4 0 1 940 4769 2905 711 1 1 0 1 0 1 4 4 1 0 862 2681 119 3880 
6 0 3 1 0 12 0 4 1 1 1002 4769 3507 711 6 1 0 1 0 4 5 4 1 0 1106 2954 82 3800 
5 0 3 0 0 9 1 2 1 1 605 4907 1863 711 3 1 1 0 2 0 3 0 1 0 1394 3059 271 3585 
6 0 3 1 0 2 2 1 0 1 1002 4907 2121 429 4 1 0 0 0 1 3 0 1 0 1163 3779 376 4042 
5 0 3 0 0 2 2 2 1 1 968 4818 2905 711 6 1 0 0 0 6 2 2 1 1 1239 3584 446 1749 
5 0 3 1 0 2 0 4 0 1 1002 4769 2905 711 6 0 0 0 0 0 5 0 1 0 895 2813 119 3881 
5 0 3 1 0 2 2 4 0 1 1002 4658 2741 1216 6 0 0 0 0 11 5 1 1 0 897 2480 446 1749 
0 0 3 1 0 2 5 4 0 0 1002 4614 2905 614 6 0 0 1 0 12 5 2 1 0 1174 2480 235 3880 
6 0 3 1 0 2 5 4 0 1 1035 4769 2779 1365 6 0 0 0 0 9 4 1 1 0 1106 3071 235 1161 
0 0 3 1 0 2 5 4 0 1 1035 4769 2905 711 6 0 0 1 0 15 5 2 1 0 576 2681 147 3880 
5 0 3 0 0 9 1 2 0 1 605 4907 1863 711 3 1 1 0 1 0 3 0 1 1 1394 3584 446 1749 
7 0 3 1 0 2 5 4 1 1 988 4907 3678 711 7 0 0 1 0 1 4 4 1 0 1042 3096 119 3880 
0 0 3 1 0 2 0 2 0 1 990 4580 3395 1272 6 1 0 0 0 12 5 4 1 0 862 3059 275 3571 
0 0 3 1 0 2 3 4 0 1 1002 4769 3218 711 6 1 0 2 0 9 5 4 1 0 797 2681 119 3881 
7 0 3 1 0 2 0 4 0 1 517 4769 2905 711 6 1 0 1 0 6 5 4 1 0 1042 3059 271 3585 
5 0 3 1 0 2 2 2 1 1 514 4667 2000 1294 6 1 0 1 0 9 4 0 1 0 895 2642 235 3880 
5 0 3 0 0 10 1 2 1 1 1002 4614 793 853 3 1 0 0 0 11 4 1 1 1 559 3779 376 390 
0 0 3 1 0 2 5 4 0 1 1002 4614 2905 711 7 1 0 1 0 14 5 2 1 0 1073 3957 119 3881 
0 0 3 1 0 2 2 4 0 1 968 4907 2905 711 6 0 0 0 0 0 4 2 1 0 897 2681 119 3510 
6 0 3 1 0 2 2 2 1 1 934 4614 3425 711 6 0 0 0 0 12 5 2 1 0 1303 2480 119 2137 
5 1 3 0 0 10 1 2 1 1 1002 4614 3453 853 3 0 0 0 2 11 3 0 1 1 1394 4132 82 485 
5 0 3 1 0 10 1 2 1 1 1002 4614 793 853 3 0 0 0 0 6 3 0 1 0 1002 4903 119 3881 
0 0 3 1 0 2 0 4 0 1 934 4614 3425 711 6 0 0 0 0 7 4 2 1 0 500 3096 376 2137 
6 0 3 1 0 2 5 2 1 1 800 4769 2905 1388 6 1 0 0 0 2 5 2 1 0 897 3205 376 3880 
5 0 3 0 0 13 2 4 0 1 1181 4769 2905 711 1 0 1 0 0 15 3 0 1 0 895 2701 446 1749 
1 0 3 1 0 2 5 4 1 1 968 4907 2905 711 6 1 0 0 0 6 5 2 1 0 897 2480 119 3881 
5 1 3 0 0 10 1 2 1 1 1054 4709 3103 711 6 1 0 0 0 15 3 0 1 0 967 2480 235 3881 
6 0 3 1 0 2 2 2 0 1 669 4769 3103 711 6 1 0 0 0 11 1 1 1 0 1106 3059 119 3880 
0 0 3 1 0 2 5 4 0 0 1002 4614 2905 614 6 0 0 1 0 12 5 2 1 0 1303 2480 119 2137 
0 0 3 1 0 2 5 2 0 1 669 4769 1849 711 6 0 0 0 0 12 5 4 1 0 895 3096 235 3880 
0 1 3 1 1 2 2 4 1 1 1002 4769 2905 711 6 1 0 1 0 4 5 4 1 0 650 2681 119 3880 
5 1 3 0 0 13 2 3 1 0 1470 4614 3453 853 3 0 1 0 0 1 3 0 1 0 1274 4530 119 2323 
5 0 3 0 0 13 1 1 0 1 1102 4614 4365 711 6 0 0 0 0 6 3 0 1 0 1002 4903 119 3880 
6 0 3 1 0 2 0 0 0 1 1002 4614 2905 614 6 0 0 1 0 12 5 2 1 0 650 2681 119 1749 
5 1 3 0 0 13 2 0 1 0 1470 4614 4604 4377 4 0 1 0 0 4 3 0 1 1 1394 3584 82 485 
6 0 3 1 0 12 0 4 1 1 1002 4769 1109 711 6 1 0 1 0 4 5 4 1 0 1248 2480 376 3884 
6 1 3 1 0 2 5 4 0 1 577 4769 2905 711 6 0 0 1 0 11 5 2 1 0 650 2709 119 2137 
5 0 3 0 0 2 3 4 0 1 1002 4658 2741 1216 6 0 0 0 0 11 5 1 1 0 650 2681 119 3881 
5 1 3 0 0 5 1 1 0 1 1002 4614 3453 853 3 0 1 0 0 1 3 0 1 0 1274 4530 119 3881 
0 0 3 1 0 9 0 4 1 1 846 4769 1343 711 6 0 0 1 0 2 5 2 1 0 966 3071 235 3880 
5 0 3 1 0 2 5 4 0 1 968 4907 464 711 6 1 0 1 0 12 5 4 1 0 895 3096 235 3880 
6 0 3 1 0 1 0 4 0 1 1013 4580 2905 711 6 1 0 1 0 0 5 0 1 0 895 2681 235 3880 
7 0 3 1 0 12 0 4 0 1 1002 4769 2905 711 7 1 0 2 0 14 5 4 1 0 1085 2681 119 3880 
5 1 3 0 0 2 5 4 1 1 1035 4769 2905 711 6 0 0 1 0 15 5 2 1 0 576 2681 147 3880 
5 1 3 0 0 13 2 0 1 0 1470 4614 4604 3131 3 0 1 0 1 15 3 0 1 0 1340 3289 119 1084 
5 0 3 0 0 2 2 2 1 1 968 4818 2905 711 6 1 0 0 0 15 3 2 1 0 862 2681 119 3881 
6 0 3 1 0 2 5 1 0 1 968 4907 2905 711 6 1 0 1 0 0 5 2 1 0 1106 2681 119 1943 
6 0 3 1 0 2 0 4 0 0 1002 4769 2905 711 6 1 0 1 0 6 3 0 1 1 1394 3584 271 228 
6 0 3 1 0 2 2 4 0 1 1181 4769 2905 711 1 0 0 0 0 15 3 0 1 0 895 2701 446 1749 
5 0 3 0 0 10 1 2 1 1 1002 4614 793 853 3 1 0 0 0 0 3 2 1 0 862 4903 235 3880 
5 1 3 0 0 11 1 2 0 0 1295 4614 1863 711 3 1 1 0 2 12 3 0 1 1 1394 4132 82 485 
6 0 3 1 0 2 2 4 0 0 1002 4614 3425 1092 6 1 0 0 0 5 5 2 1 0 1269 2480 119 2137 
6 0 3 1 0 2 2 4 0 1 968 4907 2905 711 6 0 3 0 0 0 4 0 1 0 1394 3584 271 228 
0 0 3 1 0 2 5 2 1 1 800 4769 2905 1388 6 1 0 0 0 2 5 4 1 0 897 3205 376 3880 
6 0 3 1 0 2 5 2 1 1 1002 4614 2905 711 7 1 0 1 0 14 5 4 0 0 657 2681 119 3880 
1 0 3 1 0 2 5 4 1 1 968 4907 2905 711 6 1 0 1 0 0 5 4 0 0 897 2480 376 3880 
0 0 3 1 0 8 5 4 1 1 1002 4769 2905 711 6 0 0 1 0 12 4 4 1 1 967 2480 235 3881 
6 1 3 1 0 2 2 4 0 1 968 4907 2905 711 6 0 3 0 0 0 4 2 1 0 1417 2480 235 2137 
7 0 3 1 0 12 0 4 1 1 1002 4769 3507 711 6 1 0 1 0 4 5 4 1 0 1106 2954 82 3800 
0 0 3 1 0 2 2 4 0 1 968 4907 2905 711 6 0 0 1 0 12 5 0 1 0 862 3779 147 3880 
5 1 3 1 0 10 1 1 0 1 968 4907 2905 711 6 0 0 0 0 0 4 2 1 0 650 2681 119 3880 
5 1 3 0 0 10 1 2 1 1 1002 4772 4124 853 3 0 0 0 0 6 3 2 1 0 967 2480 376 3880 
6 0 3 1 0 2 5 2 0 1 1017 4769 1849 711 5 0 0 0 0 6 5 4 1 0 862 2681 119 3880 
5 0 3 0 0 2 2 4 0 1 1002 4614 3425 711 6 0 0 0 0 4 3 2 1 0 967 2480 376 3880 
6 0 3 1 0 2 2 4 0 1 968 4907 2905 711 6 0 0 0 0 0 4 2 1 0 1106 2681 119 3880 
6 0 3 1 0 2 5 1 0 1 1035 4769 2779 1365 6 0 0 0 0 8 4 0 1 0 895 3096 235 3880 
0 0 3 1 0 2 2 4 0 1 1002 4614 2905 711 6 1 0 0 0 0 5 4 1 0 897 3059 376 3881 
5 1 2 0 0 10 1 2 1 1 1054 4709 3103 711 6 1 0 0 0 2 3 0 1 0 1163 3779 147 3880 
0 0 3 1 0 2 5 4 0 0 1002 4614 3425 711 6 1 0 1 0 1 4 0 1 0 862 3059 376 3570 
5 0 3 1 0 2 2 2 1 0 514 4667 2741 2277 6 0 0 0 0 0 3 2 1 0 897 2681 147 3881 
2 0 3 1 0 2 5 4 1 1 1002 4769 2905 1220 6 1 0 0 0 11 5 2 1 0 1106 2954 82 3800 
6 0 3 1 0 12 0 4 1 1 1002 4769 3507 711 6 1 0 1 0 4 5 4 1 0 1106 2681 235 3880 
6 0 3 1 0 2 5 4 1 1 1002 4769 2905 711 6 1 0 1 0 4 5 4 1 0 897 1077 235 3881 
7 0 3 1 0 12 0 4 0 1 1002 4769 3267 711 6 1 0 1 0 4 5 4 0 0 1042 3059 271 3880 
5 1 3 0 0 13 2 3 1 0 1470 4614 3453 853 3 0 1 0 0 1 3 0 1 0 1274 3059 271 3880 
7 0 3 1 0 2 5 4 0 1 1002 4769 2905 711 6 1 0 1 0 10 5 0 1 0 1052 3969 119 3881 
5 0 3 0 0 10 1 2 1 1 1002 4614 4604 3131 3 0 1 0 1 15 3 0 1 1 1394 3584 446 2137 
5 0 3 1 0 2 0 4 1 1 831 4580 2905 2063 6 1 0 0 0 6 5 2 1 0 817 2480 376 3880 
6 0 3 1 0 2 2 1 0 1 1002 4769 2905 711 6 1 0 1 0 6 5 1 1 0 895 3096 235 3880 
6 0 3 1 0 2 5 4 0 1 793 4769 2905 711 6 1 0 0 0 0 5 2 1 0 1125 2610 119 3881 
5 0 3 0 0 10 1 2 0 1 1002 4614 4604 3131 3 0 1 0 1 15 3 0 1 1 1394 3584 446 1749 
5 1 3 0 0 2 2 4 0 1 1002 4614 3425 711 6 0 0 0 0 4 3 0 1 0 897 2610 119 3881 
6 0 3 1 0 2 0 4 0 1 1002 4769 2905 711 6 0 0 1 0 12 5 2 1 0 1417 2480 235 2137 
0 0 3 1 0 3 2 4 0 0 990 4580 2905 711 6 1 0 0 0 12 5 2 1 0 1417 2480 235 2137 
5 0 3 0 0 11 1 2 0 1 1009 4394 3238 1697 3 0 1 0 0 0 3 0 1 1 1394 4132 185 485 
6 0 3 0 0 13 5 4 0 1 934 4614 2905 711 6 1 0 1 0 4 5 4 1 0 650 2681 119 3880 
6 0 3 1 0 2 0 4 1 1 846 4769 2905 711 6 0 0 1 0 6 5 4 1 0 895 3096 235 3880 
0 0 3 1 0 2 5 2 0 1 669 4769 1849 711 6 0 0 0 0 6 4 0 1 0 1052 3969 119 3881 
7 0 3 1 0 2 0 2 0 1 990 4580 2000 711 6 1 0 1 0 12 5 1 1 0 967 2480 235 3881 
5 1 3 0 0 10 1 4 0 1 968 4907 2905 711 6 0 0 0 0 0 4 2 1 0 897 2681 119 3510 
0 0 3 1 0 3 5 4 0 1 1002 4769 2905 711 6 1 0 1 0 0 5 4 0 0 897 2480 376 3880 
6 0 3 1 0 2 0 2 0 1 669 4769 1592 1610 6 1 0 0 0 5 5 2 1 0 1269 2480 119 2137 
5 0 3 0 0 2 2 4 0 0 1002 4614 3425 1092 6 1 0 0 0 5 5 2 1 0 1269 2480 119 2137 
7 0 3 1 0 2 0 2 0 1 968 4907 464 711 6 0 0 0 0 2 5 4 1 0 897 3205 376 3880 
0 0 3 1 0 2 2 4 0 1 882 4614 3425 203 6 1 0 0 0 6 4 2 1 0 877 2681 119 3881 
6 0 3 1 0 2 0 4 0 1 972 4769 2905 711 6 1 0 0 0 0 5 2 1 0 1002 4903 119 3881 
0 0 3 1 0 2 3 2 1 1 1002 4769 2905 711 6 1 0 1 0 0 5 3 1 0 897 2681 119 3880 
0 0 3 1 0 2 5 4 0 0 990 4809 1669 711 6 0 0 0 0 2 5 4 1 0 897 3205 376 3880 
5 0 3 1 0 2 5 4 0 1 1460 4769 2779 1365 6 1 0 0 0 8 4 0 1 0 895 3096 235 3880 
5 0 3 1 0 2 0 4 0 1 669 4769 2779 1365 6 0 0 0 0 8 4 0 1 0 895 3096 235 3880 
5 1 3 0 0 2 1 0 1 0 1249 4769 2905 711 1 0 0 0 0 15 3 0 1 0 895 2480 376 4042 
5 0 3 0 0 2 2 4 0 1 1002 4658 2741 1216 6 1 0 0 0 5 5 2 1 0 1269 2480 119 2137 
5 0 3 0 0 10 2 2 1 1 1002 4614 3453 853 3 1 0 0 0 0 3 2 1 0 897 3205 376 3880 
5 0 3 0 0 9 1 2 0 1 605 4907 1863 711 3 1 1 0 2 0 3 0 1 1 1394 4132 82 485 
5 0 3 1 0 2 5 4 1 1 988 4907 3678 711 7 0 0 1 0 6 5 4 1 0 1106 2458 119 3880 
6 0 3 1 0 2 0 4 0 1 1002 4769 2905 711 6 1 0 1 0 12 5 4 1 0 1131 2681 119 3510 
3 0 3 1 0 2 5 2 1 1 968 4907 2905 711 6 1 0 1 0 12 5 4 1 0 817 2904 119 3881 
0 0 3 1 0 2 5 4 1 1 1002 4769 608 711 6 0 0 0 0 6 5 2 1 0 650 2709 119 3880 
0 0 3 1 0 2 5 4 0 1 1002 4769 2905 711 6 0 0 1 0 12 0 2 1 0 1417 2480 235 2137 
5 0 3 1 0 2 5 4 1 1 988 4907 3678 711 7 0 0 1 0 11 5 2 1 0 897 2480 376 4042 
5 0 3 0 0 13 2 4 0 0 1295 4614 4604 4377 4 0 1 0 0 7 3 0 1 1 1394 3584 82 485 
6 0 3 1 0 2 5 4 0 1 1002 4614 3425 711 6 1 0 1 0 0 2 0 1 0 1106 2681 235 3880 
6 0 3 1 0 2 5 2 0 1 669 4769 1849 1616 6 0 0 1 0 4 5 4 1 0 862 3059 376 3876 
5 0 3 1 0 2 5 2 1 1 1002 4769 2905 711 6 1 0 0 0 6 4 2 1 0 966 3071 235 3880 
0 0 3 1 0 2 5 4 0 1 1185 4580 3574 711 5 0 0 0 0 0 4 2 1 0 1106 2681 119 3880 
5 0 3 1 0 2 2 2 0 1 1002 4907 2121 429 6 1 0 0 0 15 3 0 1 0 1163 3779 147 3880 
6 0 3 1 0 2 5 2 1 1 1002 4769 2905 711 6 1 0 0 1 6 4 2 1 0 897 2480 376 697 
0 0 3 1 0 2 5 4 0 1 990 4809 3425 711 6 0 0 0 0 7 4 2 1 0 895 3096 376 3880 
6 0 3 1 0 2 3 0 0 1 1002 4614 2905 614 6 0 0 1 0 12 5 2 1 0 650 2681 119 3585 
6 0 3 1 0 2 2 1 0 0 990 4809 2892 711 6 1 0 0 0 6 3 4 1 0 1042 2480 235 1266 
0 1 3 1 0 2 5 2 0 1 669 4769 2905 1104 6 0 0 0 0 9 4 2 1 0 650 2681 119 2052 
6 0 3 1 0 2 5 2 1 1 800 4769 2905 1388 6 0 0 1 0 12 5 2 1 0 650 2681 119 3881 
5 0 3 1 0 2 2 4 0 1 990 4809 2905 827 6 0 0 1 0 1 4 4 1 0 1042 3096 119 3880 
5 1 3 0 0 2 2 0 0 1 968 4907 2905 1220 6 0 0 0 0 9 4 2 1 0 650 2681 119 3880 
7 0 3 1 0 2 5 4 0 1 1376 4566 2779 711 7 1 0 0 0 6 5 0 1 0 1106 2458 119 3880 
5 1 3 0 0 9 2 0 0 0 1295 316 4943 4377 4 0 1 0 1 0 3 0 1 1 1394 3584 222 2134 
0 0 3 0 0 2 5 4 1 1 1035 4769 2905 711 6 0 0 1 0 2 5 4 1 0 897 3205 376 3880 
0 0 3 1 0 2 5 4 0 0 1002 4769 2905 711 6 0 0 0 0 9 5 2 1 0 712 2610 119 3881 
5 0 3 0 0 13 2 4 0 1 1181 4907 1863 711 3 0 1 0 2 0 3 0 1 1 1394 4132 82 485 
6 0 3 1 0 2 0 2 0 1 669 4769 1592 1610 6 0 0 1 0 0 5 2 1 0 1125 2904 119 3648 
5 0 3 0 0 2 5 1 0 1 550 4769 293 711 6 1 0 0 0 0 5 2 1 0 970 2681 235 3880 
6 1 3 1 2 2 5 2 1 1 669 4709 3103 711 6 0 0 0 0 15 5 0 1 0 895 2813 119 3881 
1 0 3 1 0 2 5 2 0 1 1002 4769 2905 711 6 0 0 1 0 0 5 2 1 0 1042 2620 271 3585 
5 0 3 1 0 2 5 4 0 1 669 4769 2905 711 6 1 0 1 0 5 5 2 1 0 655 2709 119 2491 
0 0 3 1 0 2 3 2 0 1 1002 4614 2106 711 6 1 0 0 0 0 5 4 1 0 1106 2681 119 3880 
6 0 3 1 0 2 5 4 0 1 1035 4566 2779 1365 6 0 0 0 0 2 5 4 1 0 897 3205 376 3880 
5 0 3 1 0 2 2 1 0 1 1002 4907 2121 429 6 1 0 0 0 6 3 0 1 0 1163 3779 376 4042 
6 0 3 1 0 2 2 4 1 0 1002 4769 2905 711 1 0 0 0 0 15 3 0 1 0 895 2701 446 1749 
0 1 3 1 0 2 5 4 0 0 1292 4614 3425 203 6 1 0 0 0 6 5 2 1 0 897 2480 376 3880 
5 1 3 0 0 13 2 0 1 0 1470 4614 4604 3131 3 0 1 0 1 3 3 0 1 1 1485 2681 119 3880 
7 0 3 1 0 2 5 4 0 1 669 4769 2905 711 6 1 0 0 0 15 5 4 1 0 1316 2681 119 3880 
5 1 3 0 0 10 1 2 1 1 1054 4709 3103 711 6 1 0 0 0 10 5 2 1 0 1106 2681 119 3880 
0 1 3 1 0 2 5 4 0 1 577 4769 2905 711 6 0 0 1 0 11 5 2 1 0 650 2709 119 2137 
5 0 3 0 0 13 2 4 0 0 1295 4614 4604 3131 3 0 0 0 0 15 3 0 1 1 1394 3584 446 485 
5 1 3 0 0 13 2 0 0 0 1470 4614 2668 3131 3 1 1 0 1 15 3 0 1 0 1106 2681 119 1943 
5 1 3 0 0 2 2 0 0 1 968 4907 2121 429 6 1 0 0 0 6 3 0 1 0 1163 3779 376 4042 
0 1 3 0 0 2 2 4 0 1 990 4809 2905 711 6 0 0 1 0 12 5 1 1 0 967 2480 235 3881 
6 0 3 1 0 2 5 4 1 1 968 4907 2905 711 6 1 0 1 0 6 5 2 1 0 897 2480 119 3881 
0 0 3 1 0 3 2 4 1 1 1002 4614 3425 203 6 1 0 0 0 6 5 2 1 0 897 2480 376 4042 
6 0 3 1 0 2 2 2 0 1 934 4614 3425 711 6 0 0 0 0 8 4 3 1 0 895 3096 235 2134 
0 0 3 1 0 2 5 4 0 1 1002 4769 2905 711 6 1 0 1 0 4 4 2 1 0 897 2610 119 3881 
0 0 3 1 0 2 0 4 0 1 968 4907 2905 711 6 0 0 0 0 10 4 2 1 0 897 2681 119 3510 
5 0 3 0 0 2 2 4 0 1 1002 4658 2741 1216 6 0 0 0 0 11 5 1 1 0 650 2681 119 3880 
5 1 3 0 0 5 1 1 0 1 1002 4614 3453 853 3 0 1 0 0 1 3 0 1 0 1274 4530 119 2632 
0 0 3 1 0 8 5 4 1 1 1002 4769 1109 711 6 1 0 1 0 4 5 4 1 0 1248 2480 376 3884 
5 0 3 0 0 13 2 0 1 0 1470 4614 4604 3131 3 1 1 0 1 13 3 0 1 1 1394 3584 446 1749 
5 0 3 0 0 10 1 2 1 1 1002 4614 793 853 3 0 0 0 0 6 3 0 1 0 1002 4903 2165 3881 
5 0 3 0 0 11 1 2 0 1 1009 4394 3238 1697 3 0 1 0 1 15 3 0 1 1 1394 3584 446 1749 
7 0 2 1 0 2 5 4 0 1 1002 4769 2905 711 6 0 0 1 0 4 5 4 1 0 1131 2681 235 3880 
5 0 3 1 0 2 2 2 1 1 514 4667 2000 1294 6 1 0 1 0 6 3 0 1 1 1042 3096 119 3880 
5 0 3 1 0 2 0 4 0 1 669 4769 2779 1365 6 0 0 1 0 11 5 2 1 0 897 2480 376 4042 
0 0 3 1 0 2 5 2 1 1 1002 4769 2905 711 6 1 0 0 0 6 4 2 1 0 897 2480 376 697 
5 0 3 0 0 9 1 2 1 1 605 4907 1863 711 3 1 1 0 2 0 3 0 1 0 1085 2681 119 3880 
5 0 3 0 0 2 2 0 0 0 1002 4769 2905 711 3 0 0 0 0 9 4 1 1 0 897 3096 119 3880 
0 0 3 1 0 2 0 4 0 1 1002 4769 2905 711 6 0 0 0 0 14 5 4 1 0 897 3096 235 3881 
5 0 3 0 0 13 2 4 0 1 968 4907 2905 711 6 0 0 0 0 0 4 2 1 0 1106 2681 119 3880 
5 1 0 1 0 10 1 1 0 1 968 4907 2905 711 6 0 0 0 0 9 4 1 1 0 897 3096 119 3880 
6 0 3 1 0 2 0 2 0 1 968 4907 464 711 6 1 0 1 0 11 5 2 1 0 773 3096 235 3881 
6 0 3 1 0 2 2 4 0 1 1002 4658 2741 1216 6 0 0 1 0 5 5 1 1 0 650 2681 119 3880 
1 0 3 1 0 2 5 1 0 1 550 4769 2905 711 6 1 0 0 0 0 5 2 1 0 970 2681 235 3880 
5 0 3 1 0 2 2 3 1 1 1181 4769 2905 711 6 1 0 0 0 2 5 4 1 0 897 3205 376 3880 
6 0 3 1 0 2 1 4 0 1 990 4769 3603 711 3 1 0 1 0 12 5 4 1 0 895 3096 235 3880 
0 0 3 1 0 2 5 4 0 1 669 4769 2905 1216 6 0 0 0 0 11 5 1 1 0 897 2480 446 1749 
0 0 3 1 0 2 5 4 1 1 1035 4769 2905 711 7 1 0 2 0 14 5 4 1 0 650 2681 119 3880 
5 0 3 0 0 10 1 2 1 1 1002 4614 793 711 7 0 0 1 0 1 4 4 1 0 1042 3096 119 3880 
6 0 3 1 0 2 5 0 0 1 1256 4769 1849 711 6 0 0 0 0 6 5 2 1 0 897 3518 119 3881 
7 0 3 1 0 2 5 4 0 1 1002 4769 2905 711 6 0 0 1 0 12 5 3 1 0 895 3096 235 2137 
6 0 3 1 0 9 2 4 0 1 1002 4614 3425 711 6 0 0 0 0 0 5 2 1 0 897 3205 376 3880 
5 0 3 1 0 2 0 2 0 1 669 4769 2779 711 6 1 0 0 0 6 3 2 1 0 967 2480 376 3880 
6 0 3 1 0 2 3 2 1 1 1002 4769 2905 711 6 1 0 1 0 0 5 3 1 0 862 3059 376 3585 
6 0 3 0 0 2 0 4 0 1 990 4580 2905 2063 6 1 0 1 0 12 5 2 1 0 650 2681 119 423 
5 0 3 0 0 2 2 2 1 1 968 4818 2820 711 6 1 0 0 0 6 2 2 1 1 1239 3584 446 1749 
5 0 3 0 0 10 1 2 1 1 1002 4614 793 711 6 0 0 0 0 7 4 2 1 0 895 3096 271 228 
6 0 3 1 0 2 0 4 1 1 846 4769 2905 711 6 0 0 1 0 4 5 4 1 0 862 3059 376 3570 
5 0 3 0 0 13 2 2 1 0 1295 4614 1863 711 3 0 1 0 2 12 3 0 1 0 967 2480 376 3880 
0 0 3 1 0 2 0 0 0 1 990 4580 2905 711 6 0 0 1 0 6 5 2 1 1 1002 4903 119 492 
6 0 3 1 0 2 0 4 1 1 846 4769 2905 711 6 0 0 1 0 2 5 2 1 0 966 3071 235 3880 
6 0 3 1 0 2 0 4 1 1 972 4769 2905 711 6 1 0 0 0 0 5 2 1 0 862 2734 119 1984 
0 0 3 1 0 2 5 4 0 1 1035 4769 2779 1365 6 0 0 0 0 9 4 1 1 0 1106 3071 235 1161 
5 1 3 0 0 10 0 4 1 1 1002 4502 2905 711 7 1 0 2 0 11 5 4 1 0 1085 2681 119 3880 
6 0 3 1 0 2 5 2 1 1 1002 4769 2905 711 6 1 0 0 1 6 4 2 1 0 1002 4903 119 492 
7 0 3 1 0 2 5 4 0 1 1002 4769 2905 711 6 0 0 1 0 4 5 4 1 0 1131 2681 235 3880 
0 0 3 1 0 2 4 4 0 1 517 4769 2905 711 6 1 0 1 0 6 5 4 1 0 1042 3059 271 3585 
5 1 3 0 0 9 2 4 0 1 1002 4614 2905 711 6 1 0 0 0 0 5 1 1 0 895 3096 235 3880 
6 0 3 1 0 2 5 4 0 1 1002 4614 2905 711 7 1 0 1 0 14 5 4 0 0 657 2681 119 3880 
5 0 3 1 0 2 0 4 1 1 882 4614 3425 203 6 1 0 0 0 6 4 2 1 0 621 4903 119 3881 
5 0 3 1 0 2 2 2 0 1 1002 4907 2000 711 6 1 0 1 0 5 4 0 1 0 1052 3969 119 3881 
7 0 3 1 0 2 5 2 0 1 1002 4614 3425 711 6 1 0 1 0 1 4 4 1 0 773 3096 235 3881 
1 0 3 1 0 2 0 4 1 1 1002 4614 2905 614 6 0 0 1 0 12 5 2 1 0 650 2681 119 3585 
6 0 3 1 0 2 0 0 0 1 1002 4614 2905 614 6 0 0 1 0 12 5 0 1 0 895 2701 446 1749 
0 0 3 1 0 3 5 4 0 1 1002 4769 2905 711 3 0 0 0 0 15 5 4 1 0 650 2681 235 3881 
0 0 3 1 0 3 0 4 1 1 1002 4907 1863 711 6 1 1 1 0 10 5 2 1 0 1106 3151 376 1984 
0 1 3 1 0 2 5 4 0 0 882 4614 3425 203 6 1 0 0 0 6 5 2 1 0 897 2480 376 4042 
5 0 3 0 0 13 2 0 1 0 1295 4614 4452 711 6 0 0 0 0 6 3 2 1 0 1253 2904 376 2369 
6 0 3 0 0 2 2 4 1 0 968 4907 2905 711 6 1 1 0 0 6 3 0 1 0 1002 3096 119 3880 
6 1 3 1 0 2 5 4 0 1 577 4769 2905 711 6 0 0 0 0 6 5 1 1 0 862 3059 376 199 
7 0 3 1 0 2 5 4 0 1 669 4769 2905 711 6 1 0 2 0 9 5 4 1 0 797 2681 119 3881 
5 0 3 1 0 2 2 1 0 1 1002 4907 2905 1220 6 1 0 0 0 11 5 2 1 0 1106 2954 82 3800 
5 1 3 0 0 10 1 2 1 1 669 4709 3103 711 6 0 0 0 0 15 3 0 1 0 895 2813 119 3881 
0 0 3 1 0 2 3 2 0 1 1002 4614 2106 711 6 1 0 0 0 0 5 2 1 0 897 2480 376 4042 
6 0 3 1 0 2 2 2 1 1 934 4614 3425 2467 6 0 0 0 0 7 4 2 1 0 1248 2480 376 3884 
5 0 3 1 0 8 5 4 1 1 968 4907 464 711 6 1 0 2 0 4 5 4 1 0 970 2681 235 3880 
0 0 3 1 0 2 5 4 0 1 1002 4769 2905 711 6 0 0 1 0 4 5 2 1 0 862 2734 119 1984 
6 0 3 1 0 2 0 4 0 1 967 4580 2000 1294 6 1 0 1 0 14 5 0 1 0 697 4623 119 3881 
6 0 3 1 0 7 1 2 0 1 669 4769 2905 711 6 1 0 0 1 15 3 0 1 0 1163 3779 147 3880 
6 0 3 1 0 2 2 4 0 1 1002 4658 2741 1216 6 0 0 1 0 12 4 4 1 1 967 2480 235 3881 
5 0 3 2 0 2 2 4 0 1 990 4809 3632 1024 6 0 0 1 0 0 2 2 1 0 966 3071 235 3880 
0 0 3 1 0 2 0 2 1 1 876 4769 608 1540 6 0 0 0 0 2 5 4 1 0 1073 2604 119 3570 
0 0 3 1 0 2 5 4 0 1 968 4818 2905 711 6 1 0 0 0 6 2 1 1 0 650 2681 119 3880 
0 0 3 1 0 2 5 4 0 1 1035 4769 2779 1365 6 0 0 1 0 9 4 2 1 0 897 2681 119 3510 
0 0 3 1 0 2 5 2 0 1 669 4769 1849 711 6 0 0 0 0 6 4 2 1 0 897 3059 376 3881 
7 0 3 1 0 2 5 4 0 1 1002 4769 2905 711 6 0 0 1 0 4 5 2 1 0 862 2734 119 1984 
6 0 3 0 0 2 2 4 0 1 1381 4809 3425 711 6 0 0 0 0 6 5 1 1 0 862 3059 376 199 
6 0 3 1 0 2 5 4 0 0 1002 4614 3425 1092 6 1 0 0 0 5 5 2 1 0 862 2480 119 2137 
5 0 3 0 0 12 2 0 1 1 1295 4614 4604 4377 6 0 3 0 0 6 3 0 1 1 1394 3584 271 228 
0 0 3 1 0 2 0 4 1 1 1002 4769 2905 711 6 1 0 1 0 4 5 4 1 0 650 2681 119 3880 
5 1 3 0 0 10 1 2 1 1 1185 4580 3574 711 5 0 0 0 0 1 4 2 1 0 1152 2681 119 3880 
0 0 3 1 0 2 5 1 1 1 968 4907 2905 711 6 0 0 0 0 6 5 2 1 0 897 2480 376 4042 
0 0 3 1 0 2 5 2 0 0 1002 4614 2000 1294 6 1 0 1 0 14 5 0 1 0 697 4623 119 3510 
5 1 3 1 0 2 5 4 1 1 1174 4769 2905 711 6 1 0 1 0 4 5 2 1 0 650 2681 119 3880 
1 0 3 1 0 2 5 0 0 1 990 4580 2905 711 6 1 0 1 0 6 5 2 1 0 862 2618 513 3570 
6 0 3 1 0 2 0 2 1 1 831 4769 2905 711 6 1 0 1 0 0 5 4 1 0 970 4889 235 3880 
6 1 3 1 0 2 2 2 1 1 669 4614 4365 800 6 0 0 0 0 6 3 0 1 0 1002 4903 119 3881 
5 0 3 0 0 10 1 2 1 1 1002 4614 793 853 3 1 0 1 0 0 3 1 1 0 862 3059 235 3881 
5 0 3 0 0 2 5 4 1 1 968 4907 2905 711 6 1 0 0 0 6 5 2 1 0 897 2480 119 3881 
6 0 3 1 0 2 0 4 1 1 831 4769 2905 711 6 0 0 1 0 0 5 2 1 0 1042 3059 271 3880 
0 0 3 1 0 2 0 2 1 1 876 4769 608 1540 6 0 0 0 0 9 4 1 1 0 897 3096 119 3880 
6 0 3 1 0 2 5 1 0 1 1002 4614 2905 614 6 0 0 1 0 12 5 2 1 0 669 2681 119 3585 
6 1 3 1 0 2 5 4 0 1 577 4769 2905 711 6 0 0 1 0 11 5 2 1 0 650 2709 119 2137 
7 0 3 1 0 2 5 4 0 1 1002 4769 2905 711 6 0 0 1 0 4 5 4 1 0 1131 2604 119 3570 
5 0 2 0 0 2 2 3 0 1 934 4614 3425 711 6 0 0 0 0 6 3 0 1 0 895 3096 271 3880 
6 0 3 0 0 6 2 4 1 0 1470 4614 4604 3131 3 1 1 0 1 15 3 0 1 0 1106 4665 128 1161 
6 0 3 1 0 2 0 2 0 1 990 4580 2000 711 6 1 0 0 0 12 5 1 1 0 967 2480 235 2474 
6 0 3 1 0 2 2 2 0 1 1199 4907 4365 711 6 1 0 0 0 6 3 2 1 1 1394 4132 82 485 
7 0 3 1 0 2 5 0 0 0 990 4580 2905 711 6 1 0 1 0 6 5 2 1 0 862 2618 513 3570 
5 1 3 0 0 5 1 1 0 1 1002 4614 3453 2311 3 0 1 0 0 0 3 0 1 0 895 3096 235 3880 
6 1 3 1 0 2 5 4 0 1 990 4769 2905 711 6 1 1 0 0 1 4 3 1 0 1274 4530 119 2323 
6 0 3 1 0 2 3 2 1 1 1002 4769 2905 711 6 1 0 1 0 0 5 3 1 0 862 3059 376 3585 
5 1 3 0 0 11 1 2 0 0 1295 4614 1863 711 6 1 0 0 0 11 4 2 1 0 897 2681 119 3510 
5 0 3 1 0 2 0 4 1 1 831 4769 2905 711 3 1 0 1 0 12 5 4 1 0 895 3096 235 3880 
5 1 3 0 0 2 2 4 0 1 1002 4614 3425 711 6 1 0 0 0 11 4 2 1 0 897 3830 376 3880 
6 0 3 1 0 2 3 2 1 1 1002 4769 2905 711 6 1 0 1 0 0 5 3 1 0 897 2681 119 3880 
0 0 3 1 0 2 0 4 1 1 1035 4769 2905 711 7 1 0 2 0 14 5 4 1 0 650 2681 119 3880 
6 0 3 1 0 2 2 2 0 1 1199 4907 4365 711 6 1 0 0 0 6 3 2 1 0 967 2480 376 3880 
0 0 3 1 0 2 2 4 0 1 1002 4614 3425 711 6 1 0 2 0 6 5 0 1 0 970 3275 82 485 
7 0 3 1 0 2 5 4 0 1 1035 4566 2779 1365 6 0 0 0 0 2 5 4 1 0 897 3205 376 1539 
7 0 3 1 0 2 5 4 0 1 1002 4769 2905 711 6 0 0 1 0 4 5 2 1 0 895 3096 235 3880 
6 0 3 1 0 2 5 2 0 1 968 4907 2905 711 6 1 0 1 0 5 5 2 1 0 655 2709 119 2491 
5 0 3 1 0 2 2 2 0 1 1002 4907 2000 711 6 1 0 1 0 5 4 2 1 0 897 3059 376 3881 
5 0 3 0 0 2 2 2 1 1 968 4818 2905 711 6 0 0 1 0 2 5 2 1 0 966 3071 235 3880 
6 0 3 1 0 8 5 4 1 1 1002 4769 2905 734 6 1 2 1 0 0 5 0 1 0 895 4680 235 3880 
6 0 3 0 0 13 2 0 1 0 1295 4614 4365 711 6 0 0 0 0 6 3 0 1 0 862 2480 119 2137 
0 0 3 1 0 2 2 4 0 1 968 4907 2905 711 6 0 0 0 0 0 4 2 1 0 897 2681 82 485 
6 0 3 1 0 12 0 4 0 1 1035 4566 2779 1365 6 0 0 0 0 2 5 4 1 0 897 3205 376 3880 
6 0 3 1 0 2 5 2 0 1 1002 4769 2905 711 6 0 3 0 0 11 2 1 1 0 650 4471 119 3880 
6 0 3 1 1 2 0 2 1 1 988 4907 3678 711 7 1 0 1 0 1 4 4 1 0 969 2480 119 3881 
6 0 3 1 0 2 0 4 0 1 934 4614 3425 711 6 0 0 0 0 7 4 2 1 0 897 2480 119 3881 
6 0 3 1 0 2 2 2 0 1 669 4769 2905 614 6 0 0 1 0 12 5 0 1 0 650 2681 119 3880 
5 0 3 0 0 10 1 2 1 1 1002 4614 793 853 6 0 0 0 0 6 5 0 1 0 895 3096 119 3880 
0 0 3 1 0 2 0 2 1 1 831 4769 2905 711 6 0 0 1 0 0 5 4 1 0 970 2681 235 3880 
1 0 3 1 0 2 5 1 0 1 1002 4614 2905 711 6 0 0 1 0 0 5 2 1 0 740 3059 271 3880 
0 0 3 1 0 2 4 4 0 1 1178 4769 2905 711 6 1 0 1 0 5 5 2 1 0 650 2709 119 2134 
0 0 3 1 0 2 5 4 0 1 669 4769 2905 711 6 1 0 0 0 5 5 2 1 0 1269 2480 119 2137 
5 0 3 0 0 2 2 4 0 1 1002 4658 2741 1216 6 0 2 1 0 11 5 0 1 0 895 3096 235 3880 
6 0 3 1 0 2 0 4 1 1 1002 4769 2905 711 6 0 0 1 0 4 5 4 1 0 897 1077 235 3881 
5 1 3 0 0 13 2 3 1 0 1470 4614 3453 853 3 0 0 0 0 11 4 2 1 0 897 2681 119 3510 
6 1 3 1 0 2 2 4 1 1 831 4769 2905 711 6 1 0 1 0 12 5 4 1 0 895 3096 235 3880 
6 0 3 1 0 2 2 4 1 1 1084 4769 2905 711 6 0 0 1 0 6 5 4 1 0 895 3096 235 3880 
5 0 3 0 0 13 2 0 1 1 1295 4907 4365 711 6 0 0 0 0 6 2 0 1 1 1394 4903 119 3881 
0 0 3 1 0 2 5 4 1 1 968 4907 2905 711 6 1 0 0 0 6 5 0 1 0 1106 2458 119 3880 
7 0 3 1 0 2 5 2 1 1 660 4769 2905 711 6 1 0 1 0 6 5 2 1 0 1125 2789 376 2369 
5 0 3 0 0 2 5 2 0 1 669 4769 1592 711 6 0 0 0 0 4 5 4 1 0 862 3059 376 3876 
6 0 3 1 0 3 3 4 0 1 964 4769 2905 711 6 0 0 1 0 0 5 2 1 0 1106 2681 119 3585 
6 0 3 1 0 2 2 4 1 1 1084 4769 2905 711 6 0 0 1 0 12 3 0 1 0 895 2813 119 3881 
6 0 3 1 0 2 2 4 0 0 990 4809 2892 711 6 1 0 0 0 6 3 4 1 0 877 2480 235 1266 
0 0 3 1 0 2 5 4 0 0 882 4614 3425 203 6 1 0 0 0 6 5 2 1 0 897 2480 376 4042 
5 0 3 1 0 2 5 4 0 1 669 4769 2905 711 6 0 0 0 0 11 4 2 1 0 897 3830 376 3880 
5 1 3 0 0 2 2 0 1 0 1002 4769 2905 711 1 0 0 0 0 15 3 0 1 0 895 2701 446 1749 
7 0 3 1 0 2 0 4 0 1 517 4769 2905 711 6 0 0 1 0 4 5 4 1 0 1131 2681 235 3880 
6 0 3 0 0 2 0 0 1 1 1002 4769 2000 1294 6 1 0 1 0 0 5 2 1 0 1352 3059 271 3880 
5 0 3 0 0 13 2 2 1 0 1295 4614 3934 711 3 0 1 0 2 12 3 0 1 1 1394 2681 119 3881 
5 0 3 1 0 2 0 4 0 1 1035 4614 3425 711 6 1 0 1 0 0 5 4 0 0 897 2480 376 3880 
5 0 0 0 0 13 2 2 1 0 1295 4614 1863 711 3 0 1 0 0 7 3 0 1 1 1394 3584 82 3880 
0 0 3 1 0 2 0 2 1 1 831 4769 2905 711 6 0 0 1 0 8 5 2 1 0 1125 2904 376 2369 
5 0 3 0 0 13 2 4 0 1 1181 4685 2905 711 6 1 0 1 0 6 3 4 1 0 967 2480 386 3881 
0 0 3 1 0 2 0 4 0 1 990 4580 2905 711 6 1 0 0 0 12 5 2 1 0 1417 2480 235 2137 
6 0 3 1 0 2 5 2 0 1 968 4907 2905 711 6 0 0 0 0 11 4 2 1 0 1417 2480 235 2137 
6 1 3 1 0 2 2 4 0 1 968 4907 2905 711 6 0 0 0 0 0 4 2 1 0 897 2480 376 4042 
6 0 3 1 0 2 2 0 1 0 1295 4614 4365 800 6 1 0 0 0 6 3 0 1 0 897 2480 376 697 
6 0 3 1 0 2 5 4 1 1 1174 4769 2905 711 6 1 0 1 0 4 5 4 1 0 650 2681 235 3585 
6 0 3 1 0 2 2 4 0 1 1002 4614 3425 711 6 0 0 0 0 6 5 1 1 0 862 3059 376 199 
5 0 3 0 0 11 0 2 0 1 666 4580 2000 711 6 1 0 1 0 12 5 1 1 0 967 2480 235 3881 
5 1 3 0 0 10 0 2 1 1 1288 4709 3103 711 6 1 0 0 0 15 3 4 1 0 1042 3059 376 3881 
5 0 3 1 0 2 0 0 0 1 1002 4614 2905 614 6 0 0 1 0 12 5 2 1 0 669 2681 119 3585 
5 1 3 0 0 10 1 4 0 1 968 4907 2905 711 6 0 0 0 0 0 4 2 1 0 897 2681 119 3880 
0 0 3 1 0 2 5 4 0 1 1185 4580 3574 614 6 0 0 1 0 12 5 4 1 0 817 2904 119 3881 
0 0 3 0 0 2 5 4 0 1 1035 4769 2779 1365 6 0 0 0 0 6 4 2 1 0 897 2480 271 3585 
6 0 3 1 0 2 5 2 0 1 1017 4769 1849 711 5 0 0 0 0 6 5 2 1 0 1266 2709 119 2137 
0 0 3 1 0 2 4 4 1 1 1002 4769 2905 711 6 0 0 1 0 12 5 4 1 1 967 2480 235 3881 
6 0 3 1 1 2 5 0 0 1 1002 4769 2905 711 6 1 0 0 1 6 4 2 1 0 897 2480 376 697 
5 0 3 1 0 2 2 2 1 1 514 4667 2000 1294 6 1 0 1 0 15 3 0 1 0 895 2701 446 1749 
5 0 3 0 0 2 2 2 1 1 968 4818 2905 711 6 1 0 0 0 6 2 2 1 1 1239 3584 119 3881 
6 0 0 1 0 2 2 3 0 1 1002 4868 2741 711 6 1 0 0 0 11 0 2 1 0 862 2480 119 2137 
5 0 3 0 0 13 1 1 0 1 1002 4614 4365 711 6 0 0 0 0 6 3 0 1 0 1002 4903 119 3881 
7 0 3 1 0 2 5 4 0 1 1002 4769 2905 711 6 0 0 1 0 12 5 0 1 0 895 3096 235 2137 
5 0 3 0 0 2 2 2 1 1 968 4818 2905 264 6 1 0 0 0 0 5 1 1 0 895 3096 235 3880 
1 0 3 1 0 2 5 1 0 1 1002 4614 2905 711 6 0 0 1 0 8 5 2 1 0 1125 2904 376 2369 
0 0 3 1 0 2 5 2 0 1 669 4769 1849 711 6 1 0 1 0 0 5 0 1 0 895 2681 235 3880 
5 1 3 0 0 13 2 0 1 0 1470 4614 4604 4377 4 0 1 0 0 5 3 0 1 1 1394 3584 82 3880 
0 0 3 1 2 2 5 4 1 1 968 4907 464 711 6 1 0 0 0 10 5 4 1 0 967 2681 147 3880 
6 0 3 1 0 2 0 4 0 1 972 4769 2905 711 6 1 0 1 0 12 5 4 1 0 895 3096 235 3880 
0 1 3 1 0 2 5 2 0 1 540 4907 1863 711 6 1 0 1 0 10 5 1 1 0 1106 3151 376 1984 
5 0 3 0 0 2 2 2 1 1 968 4818 2905 711 6 1 0 0 0 6 2 1 1 0 650 2681 119 3880 
5 0 3 0 0 10 1 2 1 1 1002 4614 1863 711 3 1 1 0 2 12 3 0 1 1 1394 4132 82 485 
0 0 3 1 0 2 0 4 1 1 1002 4769 2905 711 6 1 0 1 0 4 5 4 1 0 650 2681 271 3880 
6 0 3 0 0 2 2 4 0 1 1002 4614 3425 711 6 0 0 0 0 0 5 2 1 0 897 3205 376 3880 
6 0 3 1 0 2 5 2 0 1 1002 4614 3425 711 6 1 0 1 0 0 5 4 0 0 897 2480 376 3880 
5 1 3 0 0 13 2 0 1 0 1470 4614 4604 3131 3 0 1 0 1 15 3 0 1 1 1394 3584 446 1749 
0 0 3 1 0 2 4 4 0 1 517 4769 2905 711 6 1 0 1 0 6 5 0 1 0 1042 3059 271 3585 
5 0 3 0 0 10 1 2 1 1 1002 4614 3165 853 3 0 0 0 0 2 5 4 1 0 897 3205 376 3880 
5 0 2 0 0 2 2 2 0 1 934 4614 3425 711 6 0 0 0 0 8 4 0 1 0 895 3096 235 2134 
0 1 3 1 0 2 4 2 0 1 683 4769 1832 1080 6 1 0 0 0 4 5 4 1 0 650 2681 119 3880 
2 0 3 1 0 2 0 4 0 1 1002 4769 2905 711 6 1 0 1 0 12 5 2 1 0 897 3830 376 3880 
5 0 3 0 0 13 2 4 0 1 1181 4769 2905 711 1 0 0 0 0 15 3 0 1 0 895 2701 446 1749 
1 0 3 1 0 2 5 4 1 1 968 4907 2905 711 6 1 0 1 0 6 5 4 1 0 895 3096 235 3880 
5 1 3 0 0 2 2 4 0 0 968 4907 2905 711 6 1 0 1 0 6 2 2 1 1 895 3096 235 3880 
5 0 3 1 0 2 0 4 0 1 669 4769 2905 711 7 1 0 2 0 14 5 4 1 0 817 2480 376 3880 
6 0 3 1 0 2 0 2 0 1 990 4580 2000 711 6 1 0 1 0 12 5 1 1 0 967 2480 235 3881 
0 0 3 1 0 3 0 4 1 1 1002 4907 1863 711 6 1 0 1 0 10 5 2 1 0 1106 3151 376 3880 
6 0 3 1 0 2 2 2 1 1 934 4614 3425 711 6 0 0 0 0 7 4 2 1 0 895 3096 271 228 
5 0 3 0 0 2 2 0 0 0 1002 4769 2905 711 3 0 0 0 0 9 4 1 1 0 897 4903 119 3881 
5 1 3 0 0 13 2 0 1 0 1470 4614 4604 3131 4 0 1 0 1 1 3 0 1 1 1394 3584 446 1749 
6 1 3 1 0 2 5 2 0 1 669 4769 2905 711 6 0 0 0 0 9 4 1 1 0 897 3096 119 3880 
6 0 3 1 0 2 2 4 0 1 968 4907 2905 711 6 0 3 0 0 0 4 2 1 0 1394 3584 271 228 
5 1 3 0 0 5 1 1 0 1 1002 4614 3453 2311 3 0 1 0 0 0 3 0 1 0 895 3096 235 3880 
0 0 3 1 0 2 5 1 1 1 968 4907 2905 711 6 1 0 0 0 0 4 2 1 0 897 2681 119 3880 
6 0 3 1 0 2 0 0 0 1 808 4580 2000 711 6 1 0 1 0 12 5 1 1 0 967 2480 235 3881 
6 0 3 1 0 2 2 2 0 1 1199 4907 4365 711 6 1 0 0 0 15 3 0 1 0 1163 3779 147 3880 
0 0 3 1 0 2 5 4 0 1 1002 4769 2905 711 6 1 0 0 0 0 5 2 1 0 1002 4903 119 3881 
5 0 2 1 0 10 1 2 1 1 1002 4614 793 853 3 0 0 0 0 6 3 0 1 0 897 2480 376 4042 
5 0 3 1 0 2 2 2 1 0 1295 4614 1863 711 3 0 1 0 2 12 3 0 1 1 1394 4132 82 1749 
0 0 3 1 0 2 2 4 0 1 882 4614 3425 203 6 1 0 1 0 6 4 2 1 0 1002 4903 119 3881 
6 0 3 1 0 2 3 4 1 1 968 4907 2112 711 6 1 0 0 0 6 5 2 1 0 897 2480 119 3881 
0 0 3 1 0 2 5 4 0 1 1002 4769 2905 711 6 0 0 1 0 4 5 2 1 0 862 2734 119 3585 
6 0 3 1 0 2 0 4 1 1 831 4769 2905 945 6 0 0 1 0 12 5 4 1 0 897 525 235 3881 
0 0 3 1 0 2 5 2 0 1 1002 4614 2905 711 7 1 0 2 0 14 5 4 1 0 650 2681 119 3881 
5 0 3 0 0 10 1 2 1 1 1002 4614 3165 853 3 0 0 0 0 6 3 0 1 0 1002 4903 119 3881 
5 0 3 0 0 2 2 4 0 1 1002 4614 3425 711 6 0 0 0 0 4 3 0 1 0 897 2610 119 3881 
0 1 3 1 0 2 5 4 1 1 968 4907 464 711 6 0 0 2 0 4 5 4 1 0 970 2681 235 3880 
0 0 3 1 0 2 5 2 0 1 1002 4614 3425 711 6 1 0 1 0 6 5 0 1 0 970 3275 82 485 
5 1 3 0 0 9 2 0 0 0 1181 4769 1604 711 1 0 0 0 1 15 3 0 1 1 1394 3275 82 485 
7 0 3 1 0 2 3 2 0 1 1002 4614 2106 711 6 1 0 0 0 0 5 4 1 0 1106 2681 119 3880 
0 0 3 1 0 2 0 4 1 1 831 4769 2905 711 6 1 0 0 0 0 5 2 1 0 1002 4903 119 3881 
0 0 3 1 0 8 5 4 1 1 1002 4769 2905 734 6 1 0 1 0 0 4 2 1 0 895 3096 235 3880 
7 0 3 1 0 2 0 4 0 1 972 4769 2905 1775 6 1 0 1 0 0 5 2 1 0 1125 2904 376 2369 
6 0 3 1 0 2 0 4 0 1 972 4769 2905 711 6 1 0 0 0 0 5 2 1 0 895 3096 235 3880 
