0.8887013145326706 0.15944126055610885 0.09909741904584701 
0.8349101839943353 0.22451005238922617 0.1498468233950766 
0.9417504060764472 0.09275905818857155 0.126171141901403 
0.838661232803331 0.20799752196300414 0.16340965024729315 
0.9421721974693487 0.0948511360307519 0.12424440915147994 
0.8357623376027266 0.2254002749595272 0.1435480656778021 
0.8737768091671474 0.1564160651760741 0.16092907456719008 
0.8378536199123474 0.209994016011115 0.16327734670398353 
0.9397653892921692 0.09450755106660669 0.12742064690161004 
0.9367482830535465 0.09511760795944779 0.11869598266705506 
0.9397638089358232 0.09491731862830977 0.1257549377292172 
0.8421597538958622 0.20128896084519277 0.16044905454841185 
0.8723441554075272 0.1581197999142101 0.1597680469570404 
0.917786736730847 0.11145224870052173 0.11631758483964816 
0.8408032699903716 0.2032353519293133 0.15898870272914245 
0.9221580040287173 0.104934057825541 0.12020085697230654 
0.8732582199107615 0.1711490723830641 0.10549260153906692 
0.9320166874638911 0.09993402393561768 0.11377332144105734 
0.9417504060764472 0.09275905818857155 0.126171141901403 
0.8592318834712496 0.18152572358352925 0.11973014675720262 
0.9332624392759689 0.09736402060152449 0.11842039957843764 
0.879545302019398 0.1698738894206392 0.10284940656124586 
0.8843027251687352 0.1432038051850698 0.15446750287018518 
0.9355318668043753 0.09517897921296692 0.1167746680780054 
0.865227445589735 0.16814133603389525 0.13261368270494622 
0.840424684314401 0.20584481692111722 0.14463373280998748 
0.8774385045620533 0.15084897269487307 0.15404352622446982 
0.9342242742915674 0.09678713081844603 0.11894340036086015 
0.880164201532082 0.16884865956495 0.0998265892005814 
0.8866386463893664 0.1558200296008304 0.10038364043798653 
0.8717358835374596 0.17292639883880057 0.10466091833766134 
0.8566739341293477 0.17789022158394774 0.1581601016451425 
0.9228141528791418 0.10582181752462161 0.11739903898021387 
0.9080317059927111 0.11597023811971408 0.1337077476542552 
0.9255468426675588 0.10368166831083092 0.11471622251322755 
0.8379020710502942 0.20985304088679346 0.1547682336791536 
0.8364850483874531 0.2162139997911695 0.15762000394063758 
0.8735105162264276 0.1686537983749462 0.10741583439867142 
0.839514797605333 0.21934331638751947 0.13458277672234065 
0.8489023224100851 0.1895487140696005 0.14089810716082118 
0.8529318729249835 0.1881655257860072 0.1234211345791486 
0.9314672510076546 0.09624640581534871 0.12101625240517411 
0.8418530107911384 0.20209490226493754 0.15841434373193242 
0.8449290541880387 0.19594890900127204 0.15825910436639234 
0.918459283474817 0.1095087218831785 0.12489932678627347 
0.8500125146882797 0.19028553294570993 0.13684302140884586 
0.8964963150903708 0.1295699715854156 0.12961202137582806 
0.8391066443392736 0.21512044502573557 0.14017111844794528 
0.8433601732621385 0.19860747648672228 0.15731006749632004 
0.8371835187977708 0.21192766507679917 0.14741938644535424 
0.9367482830535465 0.09511760795944779 0.11869598266705506 
0.8372070732720637 0.22420187284082627 0.1427551311114561 
0.8666930858237654 0.16639205718764405 0.13966210116473554 
0.9110400490714884 0.11288225002799468 0.1358688023000364 
0.9335819673757395 0.09581430401641378 0.1227166147919212 
0.8616259433387208 0.17248091041199654 0.131486384687988 
0.8596967353221561 0.17559216744046635 0.13747124049049386 
0.9216974864956811 0.1073787132476296 0.11418898421473778 
0.8410943921823106 0.20390842686354782 0.1452405445192958 
0.8370656510448261 0.21774755245407296 0.14818230320643977 
0.8903982373488928 0.13465379607877526 0.14868261916050585 
0.8846510910831966 0.14059752018028504 0.14951183261315748 
0.8970094949256272 0.12999999865090217 0.12754271436280695 
0.9136088946089961 0.11537557587899905 0.11773311946422771 
0.8589189027080789 0.18857966826049388 0.11135670795459252 
0.8366492422174912 0.221682961915607 0.14443222147996226 
0.9264204954716194 0.10219245550364542 0.1152802733645123 
0.9345614238011666 0.09702051946591395 0.11725102295802692 
0.8553628516803987 0.18642939670809622 0.12528099237027646 
0.8804446946963543 0.1684113408981568 0.10049852466928166 
0.837065008963853 0.21590076077555442 0.15584199878739347 
0.8381749583413647 0.21061652547674192 0.14623823257091928 
0.8675847486261075 0.16383436169430432 0.15016519224007763 
0.926940955279535 0.10587654982082395 0.11290598143832653 
0.8446106512542287 0.19638153169355665 0.15658000650297854 
0.8743308905411142 0.15596138955743677 0.1578962126685004 
0.9110132466341889 0.11408282000167336 0.13092502768661973 
0.8518709588760944 0.18886076065652346 0.1316787598742507 
0.9097460601353897 0.12317121958498545 0.10914320790917875 
0.8486096519130827 0.19102692456487913 0.1553497498984482 
0.8747176391678253 0.16511984852432904 0.11016052424607725 
0.8921608203630934 0.14493177256726997 0.1044348611676933 
0.927382330487218 0.10161556572056707 0.1134374546641852 
0.8454546670827319 0.19479990584649143 0.15344863195284353 
0.8909359860300123 0.13539199191571405 0.13915627865060143 
0.8493239022813449 0.18799546928956257 0.1536576832101918 
0.8684361213314994 0.16467659510885369 0.13266657137090698 
0.8831165669627747 0.14448388768896359 0.15168124045234377 
0.8516384523063032 0.18400169093290641 0.15929607060214612 
0.898348580336606 0.1304861177279968 0.12098254285511145 
0.8546593424250154 0.1830974140081214 0.13336020268360516 
0.8787315960605415 0.14964874104488135 0.15050768449963658 
0.835533440252314 0.22212656773782735 0.14935953048651507 
0.9174221011369648 0.10972584356378978 0.12101756297825883 
0.9122828505302418 0.11173592319470882 0.1370422937477973 
0.8638555694012431 0.167704751597744 0.1424120483358886 
0.8932096057226673 0.13172451212220637 0.13829652553876137 
0.89539102504702 0.14466925595537805 0.10321577599658094 
0.8351026192670157 0.2234823726025379 0.1514014370123804 
0.8881287693646513 0.13733764516714564 0.14591370466202214 
0.8772947620214078 0.16077223454792378 0.11600425956225457 
0.8937315291914717 0.13664831283021828 0.12070082042499275 
0.864048365042608 0.17028698053493097 0.12392550717468664 
0.8658420950929457 0.1659546194264997 0.14032693186943979 
0.9244328819711032 0.10435182012767108 0.1152802733645123 
0.864775404318981 0.16825801294933707 0.12656237081534338 
0.8378774669813249 0.22024279245604927 0.13997776660529793 
0.8564421816076877 0.18423522418821536 0.12775650484270884 
0.897500675398294 0.1332067683248218 0.12073400265847078 
0.9295071797162316 0.1016036774847483 0.11279367782061045 
0.8903522777426525 0.15011199443061907 0.10157168091204782 
0.884946678803867 0.14610374833020934 0.1312295911905057 
0.8753638100829673 0.1548392146891524 0.15712731304782557 
0.8836100232491295 0.14390296574375838 0.15247701304971106 
0.9120659127963477 0.12266115627796104 0.10929568316276972 
0.8535132442329356 0.18700920251924713 0.1305010403458342 
0.9204178039607653 0.10744640091537061 0.12287717816226917 
0.8353561507190029 0.22329124421121826 0.144235389788963 
0.8789722675223345 0.16122690493324077 0.10867559852052333 
0.8402715187359705 0.20476836805388132 0.15562518926858748 
0.8397941384024596 0.2113146501587102 0.13398985282829312 
0.8634636655797217 0.17764150149579272 0.11661365514696898 
0.8893441193232104 0.14011810959204474 0.12845260545033377 
0.8812321368130205 0.15885552933374159 0.10211076921957218 
0.8711212141264013 0.15898875451791028 0.13795642163065058 
0.9186914447916087 0.10914132262507004 0.11556492600158441 
0.9283185567396761 0.09959031435444066 0.11499366188527682 
0.8370054655962527 0.22129471449046834 0.14782239377539985 
0.8949113671828454 0.13951681923534742 0.1111768920659566 
0.8609770333790261 0.17964283206654041 0.12230328778660404 
0.8779289277852447 0.16279264138623228 0.10610192185169953 
0.8902976654784733 0.13908216682222785 0.13067636725558096 
0.843485806852622 0.21353155490300613 0.1294362554669366 
0.8353561507190029 0.22288319356559883 0.1479680632047955 
0.8941212576538875 0.14929904007571193 0.10099227822252932 
0.8517486563854618 0.18475942834133752 0.13723719277206825 
0.8506999799941365 0.1858987216198802 0.13780751043973927 
0.9075815386417343 0.11825952819439678 0.12612563255635878 
0.8360338794930353 0.21702099089146742 0.15517244195852997 
0.8844922385925845 0.14534656001649804 0.15083241176235118 
0.893136553207337 0.14358369019074413 0.10423525719935589 
0.8602179284520018 0.18097653853775342 0.11951837557165945 
0.9089943872301491 0.11666458688732051 0.12519807480998268 
0.8715241486938752 0.16961033443624918 0.11078038004096524 
0.8839112300338567 0.14722867097908954 0.13179967106961088 
0.9139881963995159 0.11434989148568919 0.11745573941595577 
0.9014333458438941 0.1252568873879757 0.1244170211657104 
0.8459655803742261 0.19424810812786975 0.15618231101466862 
0.8384784764434168 0.22046918681232286 0.13515290610296538 
0.9065102663191102 0.12299203883802756 0.11815052411008731 
0.8854495827494903 0.16297397684003223 0.09909741904584701 
0.8556574997238909 0.19378526919718686 0.11790608186780649 
0.8846510910831966 0.1410055708259046 0.1470167830089406 
0.9222799767071712 0.10659285084609205 0.11560834469813941 
0.8501688965430951 0.1926424460118784 0.13303473628159557 
0.9288729327795006 0.10053622643455651 0.11416465786259522 
0.8539277094613174 0.1818130646487235 0.14189984353950102 
0.8877714978358642 0.15344371688447045 0.1018702980594417 
0.8860920306370029 0.15445246571711924 0.10256350292065841 
0.8630872552664445 0.1717428219197622 0.13543012395660992 
0.8847568658362366 0.16352309810064236 0.0992942507368465 
0.8768267570716031 0.15519284331350647 0.12321872600691453 
0.8907740691355539 0.15220407227279975 0.09964494816212488 
0.83994865021508 0.20630527167306623 0.13934247039404435 
0.931889042400556 0.0992025909070765 0.11503506404839858 
0.8390174048368112 0.20942803600060078 0.14253555633309622 
0.8700044519193406 0.16582885026118888 0.12825873375583963 
0.9169192492408748 0.1110335478580805 0.11646981793614775 
0.8993669913762983 0.13548368018181522 0.110418490038102 
0.9263828180772011 0.10089822291358341 0.1236225850634719 
0.8495697725263247 0.18935165464633563 0.1411968439429352 
0.8720530644155796 0.17236641593389446 0.10575254146656354 
0.9248651976486734 0.10622243820651689 0.11222837016748444 
0.8526166291922858 0.19708890355592157 0.11930355417603333 
0.8776499191037036 0.1516142032680069 0.14920972428136114 
0.8957823298431239 0.13059825559610538 0.12867646709297598 
0.9149153734997376 0.11600086653371688 0.11364449641484209 
0.87854774043228 0.16059631187276058 0.11026325733297726 
0.8756878471789804 0.15880956084391973 0.117139836696742 
0.8832428200452176 0.14865392424720647 0.12458401343067049 
0.8410271062253099 0.20478952651190996 0.15317672048574182 
0.8483753404211695 0.19152422195343355 0.15239109462313505 
0.8936890984250097 0.13237973208639453 0.1323149917803963 
0.9237503791316 0.10293245890894764 0.12537552129090734 
0.9031777227173622 0.13140269804879756 0.11303197910478147 
0.8364477225695438 0.21643531576475672 0.15800255724017565 
0.9042155198760189 0.12124432366555427 0.1310348295546423 
0.8797091323084055 0.15134816856232147 0.1225190473311486 
0.8817044598355184 0.16175681632112626 0.10137549274132573 
0.8382138949147157 0.2089312204427628 0.15101694942169086 
0.8584007428364754 0.18184400855144423 0.1254291536961154 
0.8424558730715573 0.21465048600874792 0.12999629354253595 
0.9044882498474054 0.13060289022890237 0.1088558671578983 
0.9300507150700393 0.0980624860514 0.11959988026273405 
0.847465724558137 0.1990659270840064 0.13481129345236897 
0.9160192161592614 0.11224439205113934 0.11425494631505884 
0.8497550602969881 0.2017574367167364 0.12205355289994979 
0.8739513734773019 0.16563339714651337 0.11183619451854054 
0.9052546686312257 0.12097948856262164 0.12764786837878062 
0.8971498699643985 0.13112548404782443 0.12616134826821335 
0.850350145335 0.18681885277649413 0.13685107475812297 
0.8612864568783346 0.17867181401213206 0.12119640554064592 
0.8851782122258326 0.15489308240186617 0.10260633769268579 
0.9129412131864575 0.1136668132207147 0.12414330567687504 
0.8603566720836736 0.17417839988049966 0.13634169889757963 
0.8989671776925686 0.13490935621921418 0.11053477234506925 
0.9212768873815249 0.11265425470133916 0.10971015252093064 
0.9114691835018198 0.11698766474872202 0.11431938139757447 
0.9192468565328458 0.11008198570029859 0.11321539240824507 
0.9143830148048152 0.1107623181391083 0.12721652918580784 
0.8482618939880665 0.19168615276878576 0.14395039833051015 
0.8750977057302749 0.15685292249479177 0.1421790137568404 
0.886710654710549 0.13981859777504146 0.14684879803952067 
0.8828987547725747 0.1503774255465824 0.11453025869227784 
0.8382218537599205 0.2116637140873715 0.14278521501711927 
0.8871663489900764 0.15232509865289534 0.10634742162732402 
0.8783394601638814 0.15324088372980416 0.1393406403771651 
0.8599851234282643 0.17493221560231842 0.13011669437536166 
0.8914144913488277 0.1424477242904072 0.12486348224501043 
0.8722174247279395 0.1702620806705577 0.10721900270767204 
0.8453662489994822 0.19489596420041388 0.1559197092119542 
0.8634338455931082 0.17924009610250524 0.1151236869675707 
0.85437379806958 0.17929307751321755 0.14902331177545536 
0.9032433155173596 0.12678788016625775 0.11762223986623777 
0.8624865353990987 0.17414098074151274 0.12743451382983217 
0.8678453835006561 0.16715110987966542 0.12990657228836355 
0.8690334031922591 0.16437658254019805 0.13492561869267194 
0.8612686984162298 0.17357776680637216 0.1350557231355346 
0.8986733717979748 0.1283969417940931 0.1262825622161703 
0.8468470152031117 0.19553241515130848 0.1432742812452742 
0.8357473402799129 0.21897975458161378 0.1511217715244817 
0.890761585512386 0.1357712384237717 0.14646503757929996 
0.8388683913443946 0.20816962549406215 0.15705607416935508 
0.9198077040343201 0.10787647684588564 0.12151789737505414 
0.864533576276532 0.16950723906590537 0.1304076338858211 
0.8432144879937037 0.20234935036647994 0.14307081519025222 
0.8693454020787206 0.17201392409414662 0.10842829917759023 
0.9260892389887297 0.10322384801617868 0.11324062297318582 
0.8419000458515784 0.20331998219572722 0.13611328927327504 
0.8401383494550039 0.20627526993999445 0.150680592756675 
0.8673876473812557 0.16503103718835177 0.1391795729597589 
0.8520064134998696 0.20034075962481113 0.11161621116263776 
0.9006775842867706 0.12855073409371998 0.1215029931594599 
0.9311529084143797 0.09779518411785626 0.11567846509001756 
0.8414451978222632 0.20268475507237804 0.14567135185642222 
0.8443502844736237 0.19781522877760127 0.1480876854433314 
0.9075218996797674 0.11768824165471947 0.13052323925081188 
0.8696898199810148 0.1601656611684128 0.14713329990698165 
0.8555953340746758 0.1814779829556068 0.13281060581737758 
0.9282664670883347 0.10032032602049501 0.11897603530938838 
0.927895767700902 0.10111289216349706 0.11405469349268704 
0.8766135289441248 0.1666704793705588 0.10679384525375146 
0.8589671963473571 0.18253557829897282 0.12181455670968988 
0.8706527599676536 0.17430182160086638 0.10716595211925384 
0.8885158958386575 0.13769491571841708 0.14504345605785596 
0.9124788846652959 0.11346265578151804 0.12464698407618768 
0.8483466223677331 0.19282689559406774 0.13875473360082524 
0.9039685172141806 0.12427146139625 0.12172668455066238 
0.8435807353787043 0.20107311948030682 0.14167433428858323 
0.8945866305641985 0.1321847403668962 0.12816953659430463 
0.8895073420777613 0.14914287885572985 0.10480413933039578 
0.9104180309788816 0.11726554087365793 0.11894819600163697 
0.9106074745256426 0.11481552813308826 0.1279291691049822 
0.9241436125830323 0.10318492204219087 0.11646981793614775 
0.930505415992056 0.0976874028479745 0.11880444107705423 
0.915670159452947 0.11018599267716189 0.12829165910202023 
0.8824454236098311 0.14668156003755395 0.14610229657845786 
0.8360277620301386 0.21846707556532252 0.15124743268976182 
0.9094280867263395 0.13371403995948894 0.10672101668055711 
0.8427944050897904 0.21262562535737073 0.13042271464055144 
0.8610597357314296 0.17644561612289322 0.1249683125547909 
0.8376168069096618 0.21669922945534115 0.14684193031292414 
0.8808805327748401 0.1566320494945318 0.11129586109223844 
0.8526394031892772 0.18504034981242723 0.13501908221345582 
0.8357623376027266 0.2254002749595272 0.1435480656778021 
0.9002048881588839 0.12407577658767 0.13621867937276666 
0.8426906926901968 0.19975955365126663 0.16071942644119297 
0.9117759886306072 0.11462011544666417 0.12394563254637891 
0.8362076861869043 0.21758746212942526 0.1522022549347014 
0.9100902013432629 0.1166169396617982 0.1250602931523459 
0.9165005817231685 0.11371021954734328 0.11171066785941752 
0.8696151070676583 0.17542913884020173 0.1077360319983589 
0.9071781721468841 0.11824881745672067 0.1280262480481984 
0.8492521570692215 0.18862858291298668 0.14309216665405322 
0.9068082172619053 0.12225132004077299 0.11384047695689803 
0.8516297741793526 0.196528627370278 0.12023679556068823 
0.9042442195537166 0.12175321105886772 0.12570979095565604 
0.8772401316983318 0.16421228141110011 0.10957734804132524 
0.9084127478496969 0.11590968285497205 0.13843762736848308 
0.8906229621479462 0.14837777321293333 0.1049098096965081 
0.8424102709399711 0.2002722326675579 0.16059376527591285 
0.9233232160520176 0.1069086640960708 0.11288334291972768 
0.9011339731614851 0.12608647823995023 0.12375740246661904 
0.8858340384706683 0.15641270076753044 0.1018702980594417 
0.90866366311637 0.11954840885767615 0.12163374981942843 
0.8370427584961881 0.21113249418775304 0.15607038256389094 
0.8376200086788839 0.21023837812696533 0.15214985295763372 
0.8577955214785704 0.17739184340102665 0.1341415497571532 
0.8962846034032279 0.1292565986434272 0.13414947105277397 
0.8478106120589396 0.19348859315699085 0.1449098949276616 
0.841438536550588 0.2050074337103993 0.1425594630697269 
0.8780663941094853 0.15618678827795784 0.11719484360864152 
0.8786313608383013 0.16142218517148066 0.10508057883364574 
0.905885080648396 0.11985709975233227 0.12782941635719902 
0.8817035454442318 0.15789990232611018 0.10501057131514002 
0.9210826364467024 0.10616401089863148 0.12391227341651656 
0.8640123492646367 0.17441537782396388 0.11883080139869195 
0.8675838762342014 0.16342725882460785 0.15266029134581416 
0.8749589019660068 0.16802345725153134 0.10599724202327676 
0.8915106739623334 0.14236190975553564 0.125998580357078 
0.8391044053116481 0.20699050730072088 0.1549853436372164 
0.8831333656088605 0.14405758681407166 0.15417189192898662 
0.9259106607380065 0.10395992462223791 0.11440117217245549 
0.9167117641915568 0.10887944055334597 0.12645077698877483 
0.8827464892611651 0.14575862381516125 0.14929400496303957 
0.9301741595091664 0.09871879536050776 0.11676496510732226 
0.8763557220905696 0.15289387828015744 0.14045152073638711 
0.9163104668556918 0.11614646769190728 0.11231164408621108 
0.8826734502263611 0.14443379992539795 0.15624321183836087 
0.8578350689655491 0.18013638614656013 0.12870871567179387 
0.8691507966452879 0.16552805893718903 0.13204048689070458 
0.8440557337842086 0.20785375231536485 0.12696989078186538 
0.8663653631181719 0.1673531787591449 0.13948441983854332 
0.863337181142765 0.17371954452529426 0.12188283887002882 
0.9088983254715003 0.12053677479566371 0.11093449397944777 
0.8583469890985516 0.1762466552884584 0.13315938281136386 
0.874122589428276 0.1570965368746865 0.15903559932246414 
0.8707340771990174 0.1601958624858263 0.13894595396305665 
0.9049399786699336 0.11892393069371421 0.1363977189628991 
0.8550880218895098 0.1828770812716184 0.13653740006819837 
0.8637835488313305 0.16794444412710086 0.14433289125730075 
0.8792108999764641 0.15829969319346593 0.11397910533041733 
0.9107832447170934 0.117934532812916 0.11301255386021669 
0.8619702615533393 0.18046495785370475 0.1152921927852576 
0.8434894650815749 0.21352758056383758 0.12942621366343088 
0.850791041140025 0.1854351188469775 0.14100149623376446 
0.8575323067427255 0.19496641572731666 0.11566210826634304 
0.8762391319641627 0.1536509601092685 0.15069349802773935 
0.9195617100430652 0.11042829662217568 0.11250177981283149 
0.8862687510072114 0.1519923302101176 0.10797293876928038 
0.9191247124622771 0.10905468321098222 0.12268034647127002 
0.8838851207273444 0.15563725744793044 0.10646396160853877 
0.8799244523367895 0.15981390287586905 0.10527741052464523 
0.9236487813995022 0.1062838094600359 0.11263701450971353 
0.8997560241241401 0.1270535730907264 0.12675959110965862 
0.8463310967739922 0.19607130369597847 0.14477344558344174 
0.8836881084084124 0.15960175923699327 0.10137549274132573 
0.8551285577140799 0.1806625264940681 0.13737836919967017 
0.8980697223390555 0.14430129780959455 0.1034173131169196 
0.8730048222719371 0.16892415507798342 0.10819669251554664 
0.8934369271107971 0.1419606593922449 0.109876852621412 
0.8461660614248367 0.20382428274176834 0.12684050646284417 
0.898593836045106 0.12624718996966167 0.14367146017915566 
0.9038907082664656 0.12556905318806177 0.11483069870861884 
0.9208854044230774 0.10884191672996624 0.11412633727592258 
0.8727877510519513 0.1593714082033183 0.11912083805509965 
0.8440953565010653 0.19832199416610263 0.159209475764151 
0.8849138064647397 0.14284978976825713 0.14205664572096743 
0.8919678445940359 0.14707966407912332 0.10396677280177402 
0.9250434706300882 0.10218828386288348 0.12151789737505414 
0.8574397309930688 0.176926235272717 0.15620538010649576 
0.9228786005080494 0.10838069864625521 0.11181216599529875 
0.8467760356808354 0.19461256802994809 0.14547992530524712 
0.8568819184525355 0.18117189908639408 0.13000851510858358 
0.8679992569524564 0.1807219231547751 0.10672524177528986 
0.8874811790718953 0.1403449087058618 0.13717870826037137 
0.8869981642060911 0.1524832419273333 0.10377174572812675 
0.9345555307744571 0.095755738305913 0.11861723126943724 
0.9013757637700259 0.13733171562610635 0.10665727711481199 
0.8430654206916258 0.20198277325059966 0.14325338171523172 
0.9351675235043525 0.09535963611854592 0.12903297769312294 
0.9351675235043525 0.09535963611854592 0.12903297769312294 
0.8424093985480651 0.20068123108910052 0.15686114136160012 
0.8473753040594189 0.19738757796233675 0.1409638738546648 
0.8439951132570231 0.20448404183994628 0.13105209596537482 
0.9242701517062758 0.10824695941081319 0.11238407993245625 
0.884772924172379 0.1634993509495053 0.10115731866805289 
0.8368448921933631 0.2247959465748901 0.14375315095314267 
0.8546324789504789 0.18133685482756112 0.13769899489156 
0.9309343627746586 0.0973654083378448 0.12062040318912048 
0.8845360541875915 0.15496665232372064 0.10765747318927621 
0.8914490196370306 0.13396827153527757 0.14779245545797992 
0.8821585575503925 0.15730956037737664 0.10806194842449246 
0.8759903111837354 0.15555299458481053 0.13624581923347312 
0.8619388191290427 0.18025651570137202 0.1203622259902708 
0.8710291439494775 0.16927447313140864 0.11537557968793344 
0.8929880181634605 0.1341102020988051 0.12636618702325597 
0.9199897773729968 0.10775625147564194 0.124996916955467 
0.9061981889363802 0.11909033073434194 0.13145521808323024 
0.9012627165069002 0.1318317099718005 0.11342402441614363 
0.905217174820622 0.12460032113363928 0.11795369241908804 
0.8763568276052155 0.15235837831407095 0.15306734819721435 
0.8825259239694145 0.15724649126792023 0.10313858404194243 
0.9009554772207684 0.12453403768891036 0.1306474710989306 
0.9019490463723256 0.12352104904390526 0.14155936290778293 
0.9099626398695935 0.11522421045843989 0.13026187345949514 
0.8821466244422805 0.15818663188355875 0.10401177193574485 
0.9232723124774457 0.10688528217998294 0.1143462534952252 
0.8855261901249762 0.1539749684492222 0.1035627733743022 
0.8524781817026191 0.18813370555318176 0.13107112022493939 
0.8927711270554779 0.14215592617162898 0.10874706848131843 
0.9048950162456039 0.12908095533789266 0.10903385759511808 
0.8456903112970058 0.20221030688361308 0.12862450943808568 
0.8415090212938493 0.21179844570527928 0.13225995176936944 
0.8739593241022156 0.15928424140820674 0.13443149579918745 
0.8811424421509961 0.14765370562305247 0.1455834816588979 
0.8951984853754831 0.12994506562044306 0.1398587109422632 
0.839338922613494 0.2112259290805668 0.1368149790336569 
0.8916913288473809 0.13304551378316376 0.1488794508515051 
0.8444110840486694 0.19948403986291618 0.13662535089001981 
0.9009729097713228 0.12363841854039681 0.13779906342673043 
0.8510481517954763 0.20101326167067224 0.11819592898409659 
0.9290152663000292 0.09832330145073276 0.1242244157486917 
0.9131607441282072 0.12011785701645838 0.11255747880558709 
0.9194727600418101 0.10853850409752375 0.1223657707095599 
0.8361376076734133 0.21807600478682632 0.14784762351289327 
0.8477826656017798 0.19900720581197295 0.13505477526737097 
0.9153573693947605 0.1111109435155917 0.12248513049243814 
0.891747653457621 0.138667091342491 0.12927800307096338 
0.8929628395521945 0.13276938660034054 0.13425767505033337 
0.8988613360208004 0.13630080704270908 0.11268080440033668 
0.8909180337238046 0.14147414647248868 0.12727568144906398 
0.8384897090291971 0.2084035806705694 0.15202339966271217 
0.914171579595688 0.11548762795347445 0.11707829726982588 
0.8481067713331945 0.19178439215637144 0.14114776584484423 
0.8683431405936419 0.17516545243003212 0.11239874288956231 
0.8498754633367562 0.18812487300926073 0.14582453450543642 
0.8543291921776583 0.18206229207908187 0.13917014486153345 
0.8512885314497725 0.19230773354177144 0.13586572473657144 
0.9004495054204558 0.12591183366011094 0.1293267244478855 
0.9202200972680309 0.10408039873001129 0.1313395465463002 
0.8924384376929835 0.13825659512582977 0.1205039887339936 
0.8672222663336174 0.16556609073775985 0.13552475868875968 
0.9143772575299481 0.11086017611042986 0.12672619207970182 
0.8769017965345551 0.15279422711911106 0.15003131484372056 
0.889947589261786 0.15280780231996172 0.10198465449963501 
0.8915814872357446 0.13592686590927128 0.1346725695468023 
0.8612864568783346 0.17867181401213206 0.12119640554064592 
0.879765188070559 0.1485258355999708 0.14993760462053152 
0.8627746607455813 0.17501475762369223 0.12213229432893102 
0.8878702542442672 0.13868605983934734 0.14109434195922999 
0.8434820220522546 0.19978422015033714 0.1420685750169175 
0.8949708000545666 0.12935409539393872 0.14078433350557362 
0.8661858235384402 0.1712856074217043 0.12136827342600687 
0.8487194231897914 0.19189381524132154 0.13664618971784648 
0.9110349403096483 0.11633788299762271 0.12400534154197573 
0.8690823475846786 0.17402975731587278 0.10985114249114947 
0.8710707185256474 0.17603061435310963 0.1067841467302536 
0.8777397510399735 0.16183659377441417 0.10875936912112294 
0.9421721974693487 0.0948511360307519 0.12424440915147994 
0.8563168339935379 0.18141728378683042 0.12922115284918734 
0.8360191581879945 0.2174442377716609 0.1526813167013682 
0.8963081169062675 0.14739612856924567 0.10243723793155757 
0.8889065467638598 0.1494136881394862 0.11275396744138322 
0.8991534025362102 0.1256484012007214 0.14027719146449114 
0.8711526773774053 0.16464050818871112 0.1226464144690047 
0.8974274145421912 0.1288797013907731 0.12885125937459962 
0.8718720083101595 0.16366664599777336 0.12193033193683844 
0.9209024655139747 0.10490960990183562 0.12497323488572842 
0.8751352191343746 0.15847654613083872 0.13563883428928203 
0.9026279657555679 0.13391768891819633 0.10818178666927636 
0.8845107621095929 0.15509014182513126 0.10230760091057156 
0.8542075389145252 0.1869842253958225 0.12112876458186128 
0.9037398076989286 0.13254959588755477 0.1095098870979867 
0.8384425627071167 0.21260101094854256 0.14119088884678221 
0.8464288886730612 0.19321433488747153 0.15291877186194391 
0.8698281226279132 0.15973292956397434 0.1418140455465038 
0.8979450921940385 0.1288721133410463 0.12810717650687653 
0.8629569988429078 0.1868715798362992 0.11491050338776132 
0.8383528251419179 0.2180193747300223 0.13859390649373848 
0.8885001406201564 0.13812008300239076 0.14255274665750528 
0.8430692245120476 0.20871668065026738 0.12983143682126497 
0.8976872034038959 0.1381855406568374 0.10990624677135297 
0.9153321541768284 0.11250844791115566 0.12222236968937505 
0.8823510936018102 0.1465778491486488 0.15147662245609828 
0.8863767809521538 0.14257130133021467 0.1455819065459194 
0.8351026192670157 0.22434647985208522 0.14734698140552793 
0.8487124177311514 0.19845729817406887 0.13523156220235732 
0.9004067971901507 0.12633740269660576 0.1253202384304989 
0.9256845125309444 0.10079504829679964 0.1293699865653114 
0.9087028623657278 0.11877546557071195 0.1255737474884686 
0.8891301049714474 0.14822437427303958 0.10584024590923291 
0.8464867054486256 0.19367868829721968 0.15287856083390494 
0.9070411050933922 0.11919672485413435 0.12450681687216392 
0.9055410873793989 0.11943216673634227 0.13383747911070143 
0.8916761546995106 0.14519520276843967 0.11060116886982774 
0.9021902988449847 0.12793188877268213 0.1181965988634478 
0.8390877777012409 0.2074166223606173 0.15125510495412453 
0.8728172401923633 0.16800205214063768 0.1109772117319644 
0.8589248369535136 0.18258482083336502 0.11932154388066019 
0.8981568554023174 0.1266983817084435 0.1338671861137387 
0.8693543355123312 0.16601589884549472 0.12632916548879025 
0.8389115004220986 0.21049565851274998 0.150096666912789 
0.902953291544795 0.12189496118781129 0.13448482356684077 
0.899806128876313 0.1391761439380429 0.10375349860018612 
0.8831177183225304 0.14407458619375701 0.15541431247239312 
0.8391025485516554 0.20699252450469074 0.1549853436372164 
0.9307529281368834 0.09845410247201147 0.11880061280272869 
0.90477306576696 0.12073363203316279 0.1282026394498853 
0.8875099464949531 0.15211966946303823 0.10250720487890908 
