2 1 0 2 1 9 1 2 0 0 1497 4420 2325 612 3 1 1 0 2 11 4 0 1 1 515 3576 1947 209 
0 1 3 0 0 11 4 0 0 1 970 3391 577 1897 7 0 0 2 0 0 5 4 1 1 515 4843 598 4488 
7 1 0 2 0 7 1 2 1 0 1444 925 3639 3344 2 1 3 0 2 11 3 0 1 1 541 2714 4382 209 
0 0 2 0 0 13 0 0 0 0 870 4113 4232 1148 7 0 0 2 0 0 0 3 1 0 666 4843 598 4488 
7 1 0 2 1 7 1 2 1 0 1444 925 3639 3344 2 1 3 0 2 11 3 0 1 1 541 2714 4382 209 
2 1 3 0 1 11 5 0 0 1 751 4485 577 405 7 0 0 2 0 0 5 4 1 1 697 4946 389 4922 
1 0 3 0 0 2 0 0 0 0 568 1793 4500 3201 4 0 0 0 1 8 0 3 1 0 697 4946 598 4488 
0 0 2 0 0 12 0 0 0 0 870 4113 4232 1148 7 0 0 2 0 0 0 3 1 0 666 4843 598 4488 
7 1 0 2 0 7 1 2 1 0 1444 925 3639 3344 2 1 3 0 2 11 3 0 1 0 515 3437 2564 275 
1 1 0 2 0 7 1 2 1 0 1444 925 2874 3344 2 1 3 0 2 11 3 0 1 1 541 2714 1106 209 
7 1 0 2 0 7 1 2 1 0 1444 925 3639 3344 2 1 3 0 2 11 3 0 1 1 541 3933 3187 209 
2 0 2 0 0 13 0 0 0 0 870 3391 4832 2626 7 0 0 2 0 0 0 4 1 0 697 4843 598 4488 
2 0 2 0 0 13 0 0 0 0 857 1373 4695 3201 4 0 0 0 1 8 0 3 1 0 697 4946 598 4488 
1 1 0 2 0 7 1 0 1 0 1497 925 238 3344 3 0 3 0 2 11 4 0 1 0 541 4946 4430 4515 
2 0 2 0 0 13 0 0 0 0 870 3391 4832 1809 7 0 0 2 0 15 0 3 1 0 697 4946 294 4922 
1 1 0 2 0 7 1 0 1 0 1497 1391 1723 3344 4 0 3 0 2 9 4 0 1 0 644 71 1390 209 
2 1 0 2 0 11 5 0 0 0 1487 4564 1602 612 5 0 0 0 1 11 4 0 1 1 515 3576 1947 4109 
1 1 0 2 0 7 1 2 0 0 1487 925 2204 3344 5 1 3 0 2 11 3 0 1 1 541 2714 4382 209 
7 1 0 2 0 7 1 2 1 0 1444 925 3639 3344 2 1 3 0 2 11 3 0 1 1 541 2714 4382 209 
1 1 0 0 0 11 1 0 0 0 1497 4663 591 612 5 0 0 0 1 6 0 3 1 1 515 2547 2572 4488 
2 1 0 2 0 7 1 0 1 0 1338 1487 1993 3344 2 1 3 0 2 11 3 0 1 1 541 2714 2652 209 
1 1 0 2 1 9 1 2 0 0 1497 4420 2325 612 3 1 1 0 2 13 4 0 1 1 515 2524 598 4488 
2 0 0 0 0 2 0 0 1 0 664 1793 4500 3201 5 0 3 0 1 8 0 3 1 0 515 396 294 4375 
1 1 0 2 0 7 1 1 1 0 1497 925 2940 3344 2 1 3 0 2 11 3 0 1 1 541 2714 4382 180 
2 0 0 0 0 11 1 0 0 0 1487 4663 4695 3201 4 0 3 0 1 8 0 3 1 1 515 4946 294 4922 
2 0 0 0 0 2 5 0 0 0 829 4485 577 405 7 0 0 2 0 0 0 4 1 0 515 4946 598 4663 
2 0 0 0 0 13 0 1 1 0 627 1381 4695 3201 4 0 0 0 1 8 0 3 1 0 666 4843 598 4488 
2 1 0 2 0 7 1 1 1 0 1338 1487 1993 3344 2 1 3 0 2 11 3 0 1 1 541 2714 2652 209 
1 1 0 2 1 9 1 2 0 0 1497 4420 2325 612 3 1 0 0 0 11 4 0 1 1 515 4946 2230 4938 
2 1 0 2 1 7 1 0 0 0 1497 4420 2325 612 3 0 0 0 2 11 4 0 1 1 515 3576 1947 3738 
2 1 0 2 0 11 5 0 0 0 1487 4564 1602 612 5 0 0 0 2 11 4 0 1 1 515 3576 4974 4375 
2 0 1 0 0 2 0 0 1 0 857 3280 4695 3201 5 0 0 0 1 8 0 3 1 0 666 157 598 4488 
2 1 0 0 0 7 1 1 0 0 1497 925 2204 3344 4 0 3 0 2 11 4 0 1 1 541 2765 4382 209 
1 0 0 2 0 7 1 0 1 0 1497 925 238 3344 4 0 0 0 1 8 0 3 1 0 666 2714 4382 209 
1 1 0 2 0 7 1 1 1 0 1497 925 2940 3344 4 0 2 0 2 11 4 0 1 1 541 2714 1106 209 
2 0 2 0 0 14 5 0 0 0 829 4485 638 405 7 0 0 2 0 0 0 3 1 0 515 4946 598 4488 
2 0 2 0 0 11 4 0 0 1 970 3391 577 1897 7 0 0 2 0 0 0 3 1 0 666 4843 598 4845 
1 1 0 0 0 11 1 0 0 0 1497 4420 2325 612 3 0 0 0 2 11 4 0 1 1 515 3576 1947 4488 
2 1 0 0 1 11 4 0 0 1 829 4485 577 405 7 0 0 2 0 0 5 4 1 1 515 4843 3739 4488 
2 0 0 0 0 15 5 0 0 0 970 3391 267 2621 5 0 0 0 1 8 0 3 1 1 515 4843 598 4663 
2 1 0 0 0 11 1 0 0 0 1497 4663 591 612 5 0 0 0 1 6 0 3 1 0 666 4843 598 4488 
1 0 0 2 0 7 1 1 1 0 1497 925 1965 3344 4 0 3 0 2 11 3 0 1 1 541 2714 4382 209 
2 0 2 0 0 13 0 0 0 0 870 3391 4832 1809 7 0 0 2 0 15 0 3 1 0 697 4946 3400 4945 
2 0 3 0 0 13 0 0 0 0 870 3391 4832 2626 7 0 0 2 0 15 0 3 1 0 697 4946 3400 4945 
1 1 0 2 0 7 1 0 1 0 1351 925 3105 3344 4 0 3 0 2 11 2 3 1 1 541 3933 3400 4938 
1 1 0 0 0 11 5 0 0 0 988 3391 4695 3201 4 0 0 2 0 15 0 3 1 1 541 4610 1513 4493 
2 1 0 2 0 7 1 0 1 0 1497 925 238 3344 4 0 0 0 1 8 0 3 1 0 666 4843 598 4488 
2 1 0 0 1 11 4 0 0 1 829 4485 577 405 7 0 0 2 0 0 0 3 1 0 515 4946 598 4488 
2 0 3 0 0 13 0 0 0 0 870 3391 4832 2626 7 0 0 2 0 15 0 4 1 0 515 4946 598 4488 
2 0 2 0 0 11 5 0 0 0 765 4485 577 405 7 0 0 2 0 0 0 4 1 1 515 4843 598 4488 
1 1 0 2 0 7 1 2 1 0 1444 925 2874 3344 2 1 3 0 2 11 3 0 1 1 541 2714 1106 209 
2 1 2 0 1 12 5 0 0 1 561 4485 577 405 5 0 0 2 0 0 5 4 1 1 515 4946 4430 4945 
1 0 0 2 0 7 1 0 0 0 870 3391 4832 2626 7 0 1 0 1 8 0 3 1 0 515 4946 598 4488 
2 0 0 0 0 7 1 1 1 0 1497 925 4640 3344 4 0 3 0 1 9 0 1 1 1 515 4946 4382 209 
1 1 0 2 0 7 1 0 1 0 1338 1487 3639 3344 2 1 3 0 2 11 3 1 1 1 541 2714 4382 209 
1 1 0 0 0 13 0 0 0 0 1488 3280 1760 3201 4 0 0 0 1 8 0 3 1 1 666 4843 598 4488 
1 0 0 2 0 11 1 0 0 0 988 3391 4695 3201 4 0 0 0 0 8 0 3 1 0 697 4946 4430 4488 
1 1 0 2 0 7 1 0 1 0 1497 1749 2050 3201 4 0 2 0 2 11 4 0 1 1 541 2714 1106 209 
2 0 0 0 0 11 4 0 0 0 666 3391 577 1974 7 0 0 2 0 15 0 4 1 0 515 4946 598 4618 
2 1 2 0 0 12 5 0 0 1 829 4485 577 405 7 0 0 2 0 0 0 3 1 1 515 4946 4974 4375 
2 0 0 0 0 7 0 0 1 0 664 1793 4500 3201 4 0 3 0 1 8 0 3 1 1 515 4946 294 4922 
2 0 0 0 0 7 0 0 1 0 664 1793 4225 3201 4 0 0 0 1 8 0 3 1 0 515 4946 598 4663 
2 1 0 2 0 7 1 0 1 0 1497 925 238 3344 4 0 0 0 0 8 0 3 1 0 515 4843 598 3415 
1 0 0 2 0 7 1 0 1 0 1497 1018 238 3344 3 1 0 0 2 7 4 0 1 1 515 4946 598 209 
2 1 0 2 1 11 5 0 0 0 1488 4663 1805 612 3 0 1 0 0 8 4 3 1 0 515 4946 598 4488 
1 1 3 0 0 11 5 0 0 1 696 4485 577 405 7 0 0 2 0 0 5 4 1 1 515 4843 598 4488 
1 1 0 2 0 7 1 0 0 0 1351 925 2459 3344 4 0 3 0 2 11 4 0 1 1 515 2714 4382 209 
1 1 0 2 0 7 1 2 1 0 1444 925 2874 3344 2 1 3 0 2 11 4 0 1 1 541 2714 1106 209 
2 0 0 0 0 11 4 0 0 0 1497 4663 591 612 5 0 0 0 1 6 0 3 1 1 515 2547 1947 4488 
2 1 0 2 1 9 1 2 0 0 1497 4420 2325 612 3 1 1 0 2 11 4 0 1 1 515 4843 598 4488 
2 0 3 0 0 11 5 0 0 1 970 3391 577 1693 7 0 0 2 0 0 0 3 1 0 697 4946 3400 4945 
2 0 2 1 0 11 5 0 0 0 829 4485 577 405 7 0 0 2 0 0 0 3 1 1 515 4827 257 4707 
2 0 2 0 0 7 0 0 1 0 857 2602 3246 2607 4 0 0 0 1 8 0 1 1 1 515 4843 598 4488 
1 1 0 2 2 7 1 0 1 0 1497 925 238 3344 3 1 3 0 2 11 4 1 1 1 541 3437 2564 275 
2 0 3 0 0 13 0 0 0 0 870 4113 4232 566 4 0 0 0 1 14 0 3 1 0 666 4843 598 4488 
2 0 2 0 0 13 0 0 0 0 857 1373 2016 3201 4 0 0 0 1 8 0 3 1 0 666 4843 598 4488 
1 0 0 2 0 7 1 1 1 0 1497 925 238 3344 3 0 3 0 1 7 0 1 1 1 666 4843 3816 4488 
1 1 0 2 0 11 5 0 0 0 829 4763 577 405 4 0 0 0 1 8 0 3 1 0 694 4946 598 4488 
1 1 0 2 0 7 1 0 0 0 1497 1749 238 3344 3 1 0 0 0 11 4 0 1 1 515 4946 2230 4938 
2 0 3 0 0 13 0 0 0 0 870 2560 4232 566 4 0 0 0 1 14 0 3 1 0 515 4843 598 3701 
2 1 0 2 0 7 1 0 0 0 1497 4663 591 612 5 0 0 0 2 11 4 2 1 0 697 4946 598 4488 
2 1 0 2 0 7 1 0 0 0 1487 4663 238 3344 3 1 0 0 2 11 4 0 1 1 515 3576 1947 4757 
1 1 0 2 0 7 1 1 0 0 1497 925 2204 3344 4 0 3 0 2 11 4 0 1 1 541 2765 4382 209 
2 0 3 0 0 13 0 0 0 0 1013 4113 4582 2626 7 0 0 2 1 15 0 3 1 1 515 4946 598 4488 
1 1 0 2 0 7 1 0 1 0 664 1391 238 3201 4 0 0 0 1 8 0 3 1 0 666 4843 598 4488 
2 0 2 0 0 13 0 0 0 0 870 3391 4832 2626 7 0 0 0 1 8 0 3 1 1 515 4843 598 4488 
1 1 0 2 0 7 1 0 0 0 988 3391 4695 3201 4 0 0 0 0 8 0 3 1 0 697 4946 4430 4488 
2 0 0 0 0 2 0 0 1 0 664 1793 4500 3201 4 0 3 0 2 8 0 3 1 1 515 4827 257 4707 
2 0 3 0 0 13 0 0 1 0 870 4113 4832 2626 4 0 0 0 1 8 0 3 1 0 666 4843 598 4922 
2 1 0 2 0 7 1 0 0 0 1497 1391 238 3201 4 1 0 0 0 8 0 1 1 1 515 3111 1124 4375 
2 0 0 2 0 11 5 0 0 0 970 3391 267 2621 5 0 0 0 1 8 0 3 1 1 666 4843 742 4922 
1 0 0 0 0 13 0 1 1 0 627 1381 4695 3201 4 0 0 0 1 8 0 3 1 1 515 4843 598 4488 
2 0 3 0 0 11 4 0 0 1 829 4564 577 405 7 0 0 2 0 0 5 4 1 1 541 4843 598 4488 
1 1 0 2 0 7 1 1 1 0 1497 925 2940 3344 4 0 0 0 2 11 0 0 1 1 697 4843 1390 209 
1 1 0 0 0 7 0 0 1 0 1444 903 2847 3344 3 0 3 0 1 7 0 1 1 0 697 3933 4382 2056 
1 1 0 0 0 7 0 0 0 0 857 3280 4695 3201 4 0 0 0 1 8 0 3 1 0 697 4843 598 4488 
2 0 0 0 0 7 1 0 1 0 1444 925 4817 3371 4 0 0 0 1 8 0 3 1 1 515 4843 294 4375 
1 1 0 2 1 7 1 2 0 0 1497 4420 2325 3344 4 1 0 0 2 11 4 0 1 1 515 4966 2943 4945 
2 0 3 0 0 12 5 0 0 1 829 4485 577 405 7 0 0 2 0 0 5 4 1 1 697 4946 389 4922 
1 0 0 1 0 7 1 0 1 0 664 1391 238 3201 4 0 0 0 1 8 0 3 1 0 666 4843 598 4488 
1 1 0 2 0 7 0 0 1 0 1497 4505 238 3201 7 0 0 0 2 4 3 3 1 1 666 4843 4535 4488 
1 1 0 2 0 7 1 0 0 0 1497 1391 238 3201 4 0 0 0 2 4 0 3 1 1 515 4946 4373 4664 
1 0 0 2 0 11 1 0 0 0 1497 4663 591 3201 4 0 0 0 1 8 0 3 1 1 515 4843 598 4488 
1 1 0 0 0 7 0 0 0 0 857 3280 4695 3201 4 0 0 0 1 8 0 3 1 1 697 3154 598 4922 
1 1 0 2 0 7 1 0 0 0 1351 925 2459 3344 4 0 3 0 2 11 4 0 1 1 515 2714 4382 2933 
2 1 0 0 0 8 1 0 0 0 1497 4663 3288 2626 4 0 0 0 2 8 0 3 1 0 666 4843 598 4663 
2 1 0 0 0 11 4 0 0 1 829 4564 577 405 7 0 0 2 0 0 5 4 1 1 894 4843 598 4488 
2 1 0 1 0 2 3 0 0 0 1488 4705 1335 1507 7 0 0 0 1 8 0 3 1 1 515 396 294 4375 
2 0 0 1 0 7 3 0 0 0 1497 931 238 3344 5 0 0 0 2 7 4 0 1 1 515 4946 598 4663 
2 1 0 2 0 7 1 1 0 0 1497 925 2204 3344 5 1 3 0 2 11 3 0 1 1 541 2714 4382 209 
1 1 0 2 0 7 1 0 0 0 1497 4420 2325 410 3 1 0 0 2 11 4 0 1 1 515 3512 1809 2007 
1 1 0 0 0 11 5 0 1 0 1497 925 4695 3201 4 0 0 0 0 8 0 3 1 1 524 3512 2263 2363 
2 0 2 0 0 13 0 0 0 0 857 1373 4695 3201 4 0 0 0 1 8 0 3 1 0 515 3576 1947 4757 
1 0 0 0 0 13 0 0 0 0 664 1793 4500 3201 4 0 3 0 1 8 0 3 1 0 515 396 294 4664 
1 1 0 2 1 7 1 0 1 0 1497 1749 238 3344 3 1 0 0 0 11 4 0 1 1 515 4946 2230 4938 
2 1 0 1 0 2 3 0 0 0 1488 4705 103 1507 7 0 0 0 1 8 0 3 1 0 703 4946 4430 4515 
1 1 0 2 1 7 1 0 1 0 1497 925 1459 3344 4 0 3 0 2 11 0 1 1 1 644 71 3933 3402 
2 1 3 0 0 11 5 0 0 1 696 4485 577 405 7 0 0 2 0 0 5 4 1 1 515 4843 598 4488 
1 1 0 2 0 7 1 0 0 0 1487 4663 1225 465 5 0 0 0 1 11 4 2 0 1 515 4843 3528 3712 
2 0 2 0 0 13 0 0 0 0 666 3391 577 1338 7 0 0 2 0 15 0 4 1 0 515 4946 598 4488 
2 1 0 0 0 11 3 0 0 0 829 4485 577 405 7 0 0 2 0 0 5 4 1 1 515 4946 598 4663 
1 1 0 2 0 11 1 0 0 0 1488 4663 1805 612 3 1 1 0 1 8 0 3 1 1 515 4843 294 4375 
2 1 0 0 0 7 0 0 1 0 1497 1391 238 3201 4 0 0 0 2 4 0 3 1 1 515 4946 4373 4664 
2 1 0 2 0 7 1 0 0 0 1497 4663 591 612 5 0 0 0 2 11 4 0 1 1 515 3576 1947 4757 
1 1 0 0 0 7 0 0 1 0 857 2602 3246 2607 4 0 0 0 1 8 0 1 1 1 515 4843 598 4488 
1 1 0 2 0 7 1 0 1 0 1497 1749 2050 3201 4 0 0 0 2 11 4 1 1 1 541 2714 4382 209 
1 1 0 2 0 7 1 0 1 0 1497 925 2204 3344 4 0 3 0 2 11 4 0 1 1 541 2765 4382 209 
2 1 2 0 1 12 5 0 0 1 829 4485 577 2466 7 0 0 2 0 0 0 4 1 1 515 4946 4430 4663 
1 1 0 2 0 7 1 0 0 0 1455 4663 238 3344 6 0 0 0 2 11 4 1 1 1 515 2714 4382 2180 
2 1 0 0 0 2 0 0 0 0 1497 4420 2325 612 3 0 0 0 0 11 0 3 1 1 541 4610 1513 4493 
1 1 0 2 0 7 1 0 0 0 1497 4663 2218 612 5 0 1 0 2 14 4 0 1 1 515 3576 1947 4757 
2 1 0 0 0 7 0 0 1 0 1497 1391 238 3201 4 0 0 0 2 4 0 3 1 1 666 157 598 4488 
2 1 0 0 1 11 4 0 0 1 761 4485 577 405 7 0 0 0 0 0 4 4 0 1 515 4946 4430 4663 
2 1 3 0 0 11 5 0 0 1 696 4485 577 405 7 0 0 2 0 0 5 4 1 0 666 4843 598 4488 
2 1 0 2 1 7 1 0 0 0 1497 4420 2325 612 3 1 1 0 2 11 4 0 1 1 541 2714 1106 209 
2 0 0 0 0 11 5 0 0 0 970 3391 267 2621 4 0 0 0 1 8 0 3 1 1 515 4507 4749 4488 
2 0 0 0 0 11 5 0 0 0 970 3391 267 2621 4 0 0 0 1 8 0 3 1 1 515 4843 598 4488 
1 1 0 2 0 7 1 1 0 0 1497 925 2134 3344 4 0 0 0 1 8 0 1 1 0 515 4946 598 209 
2 0 3 0 0 11 5 0 0 1 970 3391 577 1693 7 0 0 2 0 0 0 3 1 0 515 4827 598 4488 
1 0 0 2 0 13 0 1 1 0 627 1381 4695 3201 2 0 0 0 1 8 0 3 1 0 697 4843 598 4488 
2 1 0 2 0 7 1 0 0 0 1487 4663 2764 3344 5 1 0 0 2 11 4 0 1 1 515 3576 1947 4757 
1 1 0 0 0 11 1 0 0 0 1497 4663 591 612 5 0 0 0 1 6 0 2 1 1 515 2547 1947 4488 
1 1 0 2 0 7 1 1 1 0 1497 925 1993 3344 4 0 0 0 1 8 0 3 1 1 515 3576 1947 209 
2 1 0 1 0 7 1 0 0 0 1497 4663 591 612 5 0 0 0 1 6 4 2 1 1 515 426 1312 825 
1 1 0 0 0 11 5 0 1 0 1497 925 4695 3201 4 0 0 0 0 8 0 3 1 1 524 3512 598 2363 
1 1 0 2 0 7 1 0 0 0 1497 1391 238 3344 4 0 3 0 2 9 4 0 1 0 524 1861 598 4488 
2 1 0 2 0 7 1 0 1 0 1497 925 238 3344 4 0 0 0 2 8 0 0 1 0 515 4946 598 4663 
2 0 2 0 0 13 0 0 0 0 870 3391 4832 1809 7 0 0 0 1 8 0 3 1 0 515 4843 598 4663 
2 1 0 0 1 11 4 0 0 1 829 4485 577 405 7 0 0 2 0 0 5 4 1 1 515 4946 598 4488 
1 1 0 2 0 7 1 0 1 0 1497 925 238 3344 4 0 1 0 2 11 4 3 1 1 666 4843 598 4488 
2 1 0 2 1 9 1 2 0 0 1497 4420 2325 612 3 1 1 0 2 11 4 0 1 1 515 3576 1947 4109 
1 1 0 2 0 11 5 0 0 0 1488 4663 1447 612 4 0 1 0 0 0 5 4 1 1 515 372 2572 4488 
2 0 0 0 0 7 0 0 1 0 664 1793 4225 3201 4 0 0 0 1 8 0 3 1 1 515 4946 598 4663 
1 1 0 2 0 7 1 0 1 0 1497 1391 238 3344 4 0 0 0 1 11 3 0 1 1 541 2714 4382 209 
2 0 0 0 0 10 0 0 0 0 1487 4663 1805 612 3 0 0 2 0 15 0 4 1 0 515 4946 598 4488 
1 1 0 2 0 7 1 1 1 0 1497 925 1965 3344 4 1 3 0 2 11 4 0 1 1 515 3889 4382 209 
1 0 0 0 0 11 4 0 0 0 970 3391 267 3201 5 0 0 0 1 8 0 3 1 0 697 4843 598 4488 
1 1 0 2 0 7 1 0 0 0 1497 4420 2325 612 3 1 1 0 2 11 4 0 1 1 515 3576 3257 4488 
1 1 0 2 0 7 1 0 0 0 1487 4663 1805 465 5 1 0 0 2 11 4 0 1 1 515 3576 2881 4488 
2 0 0 0 0 13 0 0 0 0 1335 3391 950 3201 4 0 0 0 0 8 0 2 1 1 515 4843 598 418 
1 1 0 2 1 9 1 2 0 0 1497 4420 2325 612 3 1 1 0 2 11 4 0 1 1 515 3576 1947 4707 
2 1 0 2 0 7 1 0 1 0 1497 4663 1805 3201 4 0 0 0 1 8 0 4 1 0 515 4843 598 3701 
1 1 0 2 1 7 1 0 0 0 1497 4420 2325 410 3 1 0 0 2 11 4 0 1 1 515 3512 2410 2007 
2 0 0 0 0 11 5 0 0 0 829 4485 577 405 7 0 0 2 0 0 0 3 1 1 515 4946 294 4922 
1 1 0 2 1 7 1 1 1 0 1497 925 1965 3344 4 0 3 0 2 11 3 0 1 1 541 2714 4382 209 
2 0 0 0 0 15 5 0 0 0 829 4485 390 405 7 0 0 2 0 0 0 4 1 1 515 4843 4177 4488 
2 1 0 2 0 7 0 0 1 0 857 3280 4695 3201 5 0 0 0 1 8 4 4 1 1 515 4946 703 4663 
1 1 0 2 0 7 1 0 1 0 1497 1391 238 3344 4 0 3 0 2 9 4 0 1 1 524 1861 1760 4757 
1 1 0 2 0 7 1 1 1 0 1497 3041 238 3344 3 1 0 0 2 7 4 0 1 1 515 3576 1947 209 
1 0 0 2 0 7 1 0 1 0 1497 925 238 3344 3 0 3 0 2 11 4 1 0 0 541 2714 4382 209 
2 0 0 0 0 15 5 0 0 0 970 3391 267 2621 5 0 1 0 1 8 0 3 1 1 515 4843 598 4663 
1 1 0 2 0 11 5 0 0 0 1488 4663 1447 612 4 0 1 0 2 11 4 0 1 1 515 4946 4430 4664 
1 1 0 2 0 7 1 2 0 0 1497 925 2940 3344 4 0 2 0 2 11 4 0 1 1 541 2714 1106 209 
1 1 0 2 0 11 5 0 0 0 1488 4663 1447 612 4 0 1 0 0 0 5 4 1 1 697 4946 389 4922 
1 1 0 0 0 2 0 0 1 0 664 1793 4500 3201 4 0 0 0 1 8 0 4 1 0 515 4843 294 4515 
1 1 0 0 0 7 1 0 0 0 1338 925 238 3344 5 0 0 0 1 8 0 1 1 1 515 4574 598 4488 
2 1 0 2 0 7 1 0 1 0 1497 1391 238 3201 4 1 0 0 2 11 3 0 1 1 515 2005 4430 4664 
1 1 0 0 0 7 0 0 0 0 1488 4663 1447 612 4 0 1 0 2 11 4 0 1 1 515 4946 4430 4664 
1 1 0 2 0 7 1 0 0 0 1497 4420 2325 2626 7 0 1 0 0 8 0 1 1 1 515 4843 2671 4664 
2 1 0 2 0 11 5 0 0 0 1488 1793 2246 3201 4 0 0 0 1 8 0 3 1 1 515 4946 4430 4664 
2 0 3 0 0 13 0 0 0 0 829 4485 638 405 7 0 0 2 0 0 0 3 1 0 515 4946 598 3487 
0 0 2 0 0 11 5 0 0 0 580 3814 4695 3201 4 0 0 0 0 8 0 3 1 1 515 4843 598 4663 
2 1 0 1 0 7 1 0 1 0 1497 925 238 3344 4 0 0 0 1 8 0 3 1 0 666 4843 598 4488 
2 0 0 0 0 7 1 0 1 0 1351 925 2459 3344 4 0 3 0 2 11 4 0 1 1 515 2714 4382 209 
2 1 0 2 0 7 2 0 0 0 1487 4663 2459 3344 4 0 3 0 2 11 4 0 1 0 515 2714 4382 209 
2 0 2 0 0 14 5 0 0 1 829 4831 638 405 7 0 0 2 0 0 0 3 1 0 515 4946 598 4488 
1 0 0 2 0 7 1 0 1 0 1497 925 238 3344 3 0 3 0 1 8 0 3 1 1 515 4946 598 4663 
2 1 0 2 0 7 1 0 1 0 1497 4663 1805 3201 4 0 0 0 1 9 0 3 1 0 697 3557 3400 4938 
2 1 0 2 1 7 1 0 0 0 1487 4663 1602 612 5 0 0 0 0 11 4 0 1 1 515 3576 2881 4488 
2 0 2 0 0 11 0 0 0 0 765 4485 577 405 7 0 0 2 0 0 0 4 1 0 515 4843 598 4488 
2 0 0 0 0 3 1 0 0 0 1497 4663 591 612 5 0 0 0 1 6 0 3 1 1 515 3448 1947 4488 
2 1 0 0 1 11 4 0 0 1 829 4485 577 405 7 0 0 0 0 0 4 4 0 1 515 4946 598 4488 
2 1 0 2 0 7 1 0 0 0 1351 4485 1602 3344 4 1 3 0 2 11 4 0 1 1 515 3889 4382 209 
1 1 0 2 0 7 1 0 1 0 1444 903 2847 3225 4 0 3 0 1 11 3 0 1 1 541 2714 2652 209 
2 0 0 0 0 11 5 0 0 0 829 4763 577 405 7 0 0 2 0 0 0 0 1 1 515 3576 1947 4757 
1 1 0 2 0 7 1 0 1 0 1497 1811 238 3344 5 0 0 0 2 7 4 0 1 1 515 2714 4382 209 
2 0 0 2 0 11 5 0 0 0 1487 4564 577 405 3 0 0 1 0 0 5 4 1 1 515 4591 598 4664 
2 1 0 2 0 11 5 0 0 0 1487 4564 238 3344 4 0 0 0 2 11 4 3 1 1 594 3576 1947 4757 
1 1 0 2 0 7 1 0 1 0 1497 925 586 3344 3 0 3 0 1 8 0 3 1 1 666 4843 3739 4488 
1 1 0 2 0 7 1 0 1 0 1351 925 3105 2626 7 0 0 0 0 8 0 1 1 1 515 4843 2671 4664 
2 0 0 0 0 11 5 0 0 0 970 3391 267 2621 5 0 0 0 1 8 0 3 1 1 515 4843 598 4663 
1 1 0 2 0 2 1 0 0 0 1497 4663 591 612 5 0 0 0 1 8 1 3 1 1 666 4843 598 4488 
1 1 0 2 0 7 1 0 0 0 1497 4663 2218 612 5 0 1 0 2 11 4 0 1 1 515 3576 1947 4757 
1 1 0 2 0 7 1 1 1 0 1497 925 2940 3344 4 0 0 0 2 11 0 3 1 1 697 4843 1390 209 
1 1 0 0 0 11 1 0 0 0 637 2672 4695 3201 4 0 0 0 0 8 0 3 1 1 515 4843 3528 3738 
1 1 0 2 0 7 1 0 0 0 1497 4420 238 3344 4 0 3 0 2 11 4 0 1 0 541 2507 3257 4488 
1 1 0 2 1 7 1 0 1 0 1497 1749 238 3344 3 1 0 0 0 11 4 0 1 1 541 2714 4382 209 
1 1 0 2 0 7 1 0 1 0 1497 1749 2050 3201 4 0 0 0 2 11 4 1 1 1 515 3437 4430 4664 
1 1 0 2 0 7 1 0 1 0 1497 925 238 3344 4 0 1 0 2 11 4 0 1 1 541 3933 3187 209 
1 1 0 2 0 7 1 1 0 0 1497 925 2134 3344 4 0 3 0 1 8 0 1 1 0 515 4946 2652 209 
2 0 0 0 0 11 5 0 0 0 870 4113 2339 2626 7 0 0 2 1 15 0 3 1 1 697 4946 294 4922 
1 1 0 0 0 7 0 0 1 0 857 2602 3246 2607 1 0 0 0 1 8 0 1 1 0 515 3253 598 4488 
2 0 0 0 0 7 0 0 1 0 664 1793 4225 3201 4 0 0 0 1 8 1 3 1 1 515 4827 598 4488 
2 1 0 2 0 7 1 0 0 0 1488 4705 238 3344 3 1 0 0 2 7 0 1 1 1 515 4946 1272 4488 
2 1 2 0 0 11 5 0 0 0 829 4485 390 405 7 0 0 2 0 0 0 4 1 1 515 4843 4177 4488 
1 1 0 2 0 7 1 0 0 0 1497 4663 2218 612 5 0 1 0 2 11 4 0 1 0 541 2507 3257 4488 
2 1 0 2 0 7 0 0 1 0 857 3280 4695 3201 4 0 0 0 1 8 0 3 0 0 541 2714 4382 209 
2 0 0 0 0 11 1 0 0 0 1487 4663 4695 3201 4 0 0 0 0 8 0 3 1 1 515 4843 598 4018 
0 1 0 2 0 7 1 0 1 0 1497 925 3890 612 5 0 0 0 1 6 0 3 1 1 515 3554 1947 4488 
2 1 0 0 0 11 1 0 0 0 1497 4420 2325 612 3 0 0 0 2 11 4 0 1 1 515 3576 1947 4488 
2 0 3 0 0 13 0 0 0 0 870 4113 4582 2626 7 0 0 2 1 15 0 3 1 1 515 4946 598 4488 
2 1 0 2 1 9 1 1 0 0 1487 4663 1602 612 5 0 0 0 1 8 0 3 1 1 515 4843 598 4663 
2 0 0 0 0 13 0 0 0 0 870 4113 4695 3201 4 0 0 0 1 8 0 3 1 0 697 4843 598 4488 
2 0 0 1 0 7 1 3 0 0 1497 931 238 3344 5 0 0 0 2 7 4 0 1 1 515 3576 1947 4488 
1 1 0 0 0 7 0 0 0 0 1351 4485 1602 612 5 0 0 0 0 8 0 3 1 0 697 4946 598 4488 
2 0 0 2 0 12 1 0 1 0 1497 4663 1805 3201 4 0 0 0 1 8 0 4 1 0 515 4843 598 3701 
1 1 0 2 0 7 5 0 1 0 857 3280 4695 3201 4 0 0 0 1 8 0 3 1 1 515 4843 4430 4515 
2 0 0 0 0 3 1 0 0 0 1497 3280 4178 3089 4 0 0 0 1 8 0 4 1 1 515 4843 598 4488 
1 1 0 2 0 7 1 0 1 0 1497 925 4695 3201 4 0 0 0 0 8 0 3 1 1 524 3512 598 2363 
1 1 0 0 0 11 1 0 0 0 870 3391 4832 2626 7 0 0 2 0 0 0 4 1 0 515 4946 598 4488 
2 1 3 0 0 12 5 0 0 1 829 4485 577 405 7 0 0 2 0 0 0 3 1 0 515 4946 598 4488 
2 1 0 0 0 7 0 0 1 0 664 1793 4500 3201 4 0 3 0 1 8 0 3 0 1 659 4827 257 4707 
2 0 2 0 0 14 5 0 0 0 870 3391 1066 1026 7 0 0 2 0 15 0 4 1 0 515 4946 598 4663 
1 1 0 0 0 7 1 0 1 0 1351 925 2459 3344 4 0 3 0 2 11 4 0 1 1 515 2714 4430 4515 
2 0 0 0 0 11 1 0 0 0 1487 4663 4695 3201 4 0 2 0 1 8 0 3 1 1 515 3576 1947 4488 
2 0 0 0 0 11 5 0 0 0 829 4763 577 405 7 0 0 2 0 0 0 3 1 0 666 4843 598 1869 
1 1 0 2 0 7 1 0 0 0 1497 4663 591 612 5 0 0 0 1 6 4 2 1 1 515 4946 598 4488 
2 1 0 2 0 7 1 1 0 0 1497 925 2204 3344 4 0 3 0 2 11 4 0 1 1 541 2765 4382 209 
2 0 0 1 0 11 5 0 0 0 829 4485 577 405 7 0 0 2 0 15 0 3 1 1 515 4827 257 4707 
2 0 3 0 0 11 4 0 0 0 666 3391 577 1338 7 0 0 2 0 15 0 3 1 1 515 4766 1947 4757 
2 1 0 2 0 7 0 0 1 0 857 3280 4695 3201 5 0 0 0 1 8 0 3 1 0 697 4843 598 4488 
2 1 0 2 1 11 5 0 0 0 1488 4485 577 405 7 0 0 0 0 0 4 4 0 1 515 4946 4430 4663 
2 1 0 0 0 7 0 0 1 0 1497 1391 238 3201 4 0 0 0 2 11 4 2 1 1 515 4843 3528 3738 
1 1 0 2 0 7 1 0 1 0 1497 1749 1443 3344 3 0 3 0 2 11 3 0 1 1 541 2714 4382 209 
2 0 0 0 0 11 5 0 0 0 608 4113 577 1338 7 0 0 2 0 15 0 3 1 0 697 4843 598 4488 
2 0 2 0 0 11 5 0 0 0 829 4485 577 405 7 0 0 0 1 8 0 3 1 0 697 4946 598 4488 
1 1 0 2 0 7 1 0 1 0 1351 925 2459 3344 4 0 3 0 1 8 0 3 1 1 515 627 257 4707 
2 0 0 0 0 7 0 0 1 0 664 3284 4225 3201 4 0 0 0 1 8 0 3 1 0 515 4946 598 209 
1 1 0 2 0 11 0 0 0 0 988 3391 4695 2626 7 0 0 0 1 8 0 3 1 1 515 4843 294 4375 
1 1 0 2 0 7 1 0 0 0 1497 931 2459 3344 4 0 3 0 2 11 2 0 1 1 616 2714 1106 209 
1 1 0 2 0 7 1 0 1 0 1497 1749 238 3344 4 1 3 0 2 11 4 0 1 1 515 2714 4382 209 
1 1 0 2 1 7 1 0 0 0 1497 4420 2325 612 3 1 1 0 2 8 4 3 0 1 515 4946 1947 4488 
2 1 0 0 0 11 1 0 0 0 1497 3174 591 612 5 0 0 0 1 6 0 2 1 1 515 2547 1947 4488 
2 1 0 2 0 11 5 0 0 0 1488 4705 103 1809 7 0 0 0 2 11 4 0 1 1 515 4946 1947 1134 
2 1 0 0 0 7 0 0 0 0 568 1793 4500 3201 4 0 3 0 1 8 0 3 1 0 515 4946 598 4488 
1 1 0 2 0 7 1 0 0 0 1497 925 233 3344 7 0 3 0 2 7 0 1 1 1 697 3154 3691 1207 
2 1 0 0 0 11 5 0 0 0 988 3391 4695 3201 4 0 1 2 0 15 0 3 1 1 697 4843 598 4488 
2 1 0 2 0 7 1 0 0 0 1497 925 1459 3371 4 0 0 1 2 7 0 3 1 1 524 3512 598 2363 
2 0 0 0 0 13 0 0 0 0 829 4485 638 405 7 0 0 2 0 0 0 2 1 1 515 4946 2230 4938 
2 1 0 2 0 7 1 0 0 0 1497 925 4817 3371 4 0 0 0 1 8 0 3 1 0 515 4843 294 4375 
2 1 0 2 0 7 1 0 0 0 1497 2455 591 612 3 0 0 0 2 11 4 0 1 1 515 3576 1947 495 
1 0 0 2 0 7 1 0 1 0 1497 1749 2050 3201 4 0 0 0 2 11 4 1 1 1 515 3437 294 4922 
2 1 0 2 0 7 1 0 1 0 1497 925 238 3344 4 0 0 0 1 8 0 1 0 0 541 2714 4382 209 
1 1 0 2 0 7 1 0 1 0 1497 1391 1723 3344 4 0 3 0 2 9 4 0 1 1 524 1861 4382 209 
1 1 0 2 0 7 1 0 1 0 1351 925 2459 3344 4 0 3 0 2 11 3 0 1 1 541 2714 2652 209 
1 1 0 2 0 7 1 0 1 0 1370 925 238 3344 5 0 3 0 2 11 0 1 1 0 697 3933 1390 4375 
2 1 0 0 0 13 0 1 1 0 627 1381 4695 3201 4 0 0 0 1 8 0 3 1 1 515 944 1947 4488 
2 1 2 0 0 12 5 0 0 1 829 4485 577 405 7 0 0 2 0 0 0 3 1 0 515 4946 598 4488 
1 1 0 2 1 9 1 2 0 0 1497 4420 1993 3344 2 1 3 0 2 11 3 0 1 1 541 2714 2652 209 
2 1 0 2 1 12 5 0 0 0 829 4485 577 1092 7 0 0 2 0 0 5 4 1 1 515 4946 598 4488 
2 1 0 1 0 8 1 0 0 0 1487 4663 3748 612 5 0 0 0 1 8 0 3 1 0 515 4827 257 4761 
1 1 1 0 0 11 5 0 0 1 970 3391 577 1897 7 0 0 2 0 0 0 4 1 1 515 4827 257 4707 
1 1 0 2 0 7 1 0 0 0 1497 4663 591 612 5 0 0 0 1 11 0 0 1 1 541 2714 285 4945 
1 1 0 0 0 11 5 0 0 0 988 3391 4695 3201 4 0 0 0 0 8 0 3 1 1 515 4843 598 4488 
2 1 3 0 1 11 5 0 0 1 751 4485 577 405 7 0 0 2 0 0 5 4 1 1 697 4946 389 4922 
2 0 0 0 0 7 1 0 1 0 1444 925 4817 3371 4 0 0 0 2 7 0 3 1 1 524 3512 598 2363 
2 0 2 0 0 13 0 0 0 0 870 4113 4232 2626 7 0 0 2 0 0 0 3 1 0 666 4843 598 4488 
2 1 0 2 0 7 1 0 0 0 1497 925 1459 3344 4 0 3 0 2 11 0 1 1 0 515 4843 294 4515 
2 1 3 0 0 11 4 0 0 1 970 3391 577 1897 7 0 0 2 0 0 0 3 1 0 515 4827 598 4488 
1 1 0 2 0 7 1 0 1 0 1497 1749 1443 3344 3 1 3 0 1 7 0 3 1 1 515 4946 4430 4945 
1 1 0 2 0 7 1 0 0 0 1497 925 233 3344 7 0 3 0 2 11 4 0 1 1 515 3576 1947 4707 
2 1 0 2 0 11 5 0 0 0 1488 4705 103 1809 7 0 0 0 2 11 4 0 1 1 515 4946 598 2264 
1 1 0 2 0 7 1 0 1 0 1497 1749 2050 3201 4 0 2 0 1 8 0 3 1 0 515 3437 2564 275 
2 0 0 0 0 15 5 0 0 0 970 3391 267 2621 4 0 0 0 1 8 0 3 1 1 666 4843 598 4488 
1 1 0 2 0 7 1 0 1 0 1497 1811 238 3344 5 0 0 0 2 7 4 0 1 1 515 4946 3400 4945 
2 1 0 2 0 11 5 0 0 0 1488 4705 103 1809 7 0 0 2 0 5 0 3 1 1 697 4843 1760 4757 
1 1 0 2 0 7 1 1 1 0 1497 925 1965 3344 4 0 0 0 1 8 0 1 1 1 515 4946 598 4488 
2 1 0 2 1 7 1 0 0 0 1487 4663 1225 465 5 0 0 0 1 11 4 1 1 0 666 4843 598 4488 
2 0 0 0 0 7 1 0 1 0 1444 925 4817 3344 4 0 3 0 2 11 0 1 1 0 515 4843 294 4515 
1 1 0 2 0 7 1 1 1 0 1497 4663 591 612 5 0 0 0 2 11 4 0 1 1 515 3576 1947 209 
2 0 3 0 0 13 0 0 0 0 870 4113 4232 2626 7 0 0 2 0 0 0 3 1 0 666 4843 598 4488 
1 1 0 2 0 7 1 0 1 0 1497 1749 1443 3344 3 1 3 0 2 11 4 0 1 1 515 4843 3528 3738 
1 1 0 0 0 7 1 0 0 0 1497 1749 238 3344 3 1 0 0 2 7 0 1 1 1 515 4946 1272 4488 
1 1 0 2 0 7 1 0 0 0 1497 4420 2325 612 3 1 1 0 0 11 4 0 1 1 515 3576 3257 4488 
1 1 0 0 0 7 0 0 1 0 1497 1749 2050 3201 4 0 0 0 2 11 3 1 1 1 515 3437 4430 4664 
2 0 2 0 0 15 5 0 0 0 988 3298 4695 224 4 0 0 2 0 0 0 3 1 0 515 4843 598 4488 
2 0 3 0 0 11 5 0 0 0 970 3391 267 1897 6 0 0 2 0 0 0 3 1 0 515 4843 294 4515 
2 1 0 0 0 13 0 0 0 0 1488 3280 4695 3201 4 0 0 0 1 8 0 4 1 0 515 4843 294 4515 
1 0 0 2 0 7 1 0 0 0 1370 1487 238 3201 4 0 0 0 1 8 0 3 1 0 666 4843 68 583 
1 0 0 0 0 11 5 0 0 0 870 4113 4832 2626 7 0 1 2 0 15 0 3 1 1 697 4946 3391 4488 
1 1 0 0 0 14 5 0 0 0 829 4485 638 405 7 0 0 2 0 0 0 3 1 0 515 4946 598 4488 
1 1 0 2 1 7 1 0 0 0 1497 4420 1993 3344 4 0 0 0 1 8 0 3 1 1 515 4843 598 4663 
2 1 0 2 0 7 1 0 0 0 1487 4663 1805 465 5 1 0 0 2 7 4 0 1 1 515 4946 4974 4375 
2 1 0 2 0 7 1 0 1 0 1497 1749 2050 3201 4 0 2 0 1 8 0 3 1 0 515 3437 2564 275 
1 1 0 1 0 7 1 0 0 0 1497 4663 2040 612 5 0 0 0 2 11 4 0 1 1 515 3576 1947 4757 
1 0 0 2 0 7 1 0 1 0 1310 1391 238 3344 4 0 3 0 2 11 4 0 1 0 541 2507 3257 4488 
1 1 0 2 0 2 1 0 0 0 1497 4663 591 612 5 0 0 0 1 7 0 1 1 1 515 4827 257 4539 
2 0 2 0 0 7 0 0 1 0 857 2602 3246 2607 4 0 0 0 1 8 0 1 1 0 515 4946 598 4488 
2 1 0 2 1 7 1 0 0 0 1497 4420 2325 612 3 1 1 0 2 8 4 3 1 1 515 4946 1947 4488 
1 1 0 0 0 7 0 0 1 0 857 2602 3246 2607 4 1 0 0 1 11 4 0 1 1 515 2714 4382 209 
2 0 3 0 0 11 4 0 0 0 666 3391 577 1338 7 0 0 2 0 15 0 3 1 0 697 4843 598 4488 
2 0 0 0 0 2 0 0 1 0 664 1793 4500 3201 4 0 3 0 2 8 0 3 1 0 515 4827 598 4488 
1 1 0 2 0 7 1 0 0 0 1497 925 233 3344 7 0 3 0 2 11 3 0 1 1 541 2714 4382 209 
1 1 0 2 0 7 1 1 1 0 1497 925 238 3344 3 0 3 0 2 7 0 1 1 1 697 3154 3691 1207 
2 1 0 0 0 2 0 0 0 0 568 1793 4500 3201 4 0 3 0 1 8 0 3 1 0 515 396 294 4664 
2 1 0 2 0 7 1 1 1 0 1497 925 1965 3344 4 0 3 0 2 11 3 0 1 1 541 2714 4382 209 
1 1 0 0 0 7 0 0 1 0 857 2602 3246 2607 4 0 0 0 1 8 0 1 1 0 515 4946 598 209 
1 1 0 2 1 7 1 0 0 0 1497 925 238 3344 3 0 3 0 2 11 4 0 1 0 541 4946 4430 4515 
2 0 0 0 0 2 0 0 1 0 664 1793 4500 3201 4 0 3 0 1 8 0 3 1 0 697 4946 598 4488 
1 1 0 0 0 11 5 0 0 0 1326 3391 1544 3201 7 0 0 0 0 8 0 3 1 1 515 4843 598 4488 
2 0 0 0 0 11 1 0 0 0 1487 4663 4695 3457 4 0 3 0 1 8 0 3 1 1 515 4946 4430 4664 
2 1 0 0 1 11 4 0 0 0 829 4485 577 405 6 0 0 0 0 0 4 4 0 1 515 4946 598 4488 
1 1 0 0 0 10 0 0 0 0 988 3391 4832 3201 4 0 3 0 1 8 0 1 1 1 666 4843 3816 4488 
2 1 0 2 0 11 5 0 0 0 1487 4564 238 3344 4 0 0 0 2 8 0 3 1 1 697 4946 598 4488 
1 1 0 2 0 7 1 0 0 0 1497 931 238 3344 5 0 0 0 2 7 4 0 1 1 515 3576 1947 4109 
2 1 0 0 0 13 0 0 0 0 1488 3280 4695 3201 4 0 0 0 1 8 0 3 1 1 666 4843 598 4488 
1 0 3 0 0 2 0 0 0 0 568 1793 4500 3201 4 0 0 0 1 8 0 3 0 1 659 4827 257 4707 
1 0 0 2 0 7 1 0 1 0 857 3280 4695 3201 4 0 0 0 1 8 0 3 1 1 515 4843 294 4375 
2 0 0 0 0 7 1 0 1 0 1351 925 2459 3344 4 0 3 0 2 8 0 1 1 1 515 4843 598 4488 
1 1 0 0 0 15 5 0 0 0 970 3391 267 2621 4 0 0 0 1 8 0 1 1 1 515 4843 4749 4488 
2 0 0 0 0 7 0 0 1 0 857 3280 4178 3089 4 0 0 0 1 8 0 4 1 1 515 4843 598 4488 
1 1 0 2 0 7 1 0 0 0 1497 4420 2325 612 3 1 1 0 2 8 0 1 1 1 515 3111 1124 4375 
1 1 0 2 0 7 1 0 1 0 1497 1391 238 3344 5 0 0 0 2 7 4 0 1 1 515 3576 1947 4109 
1 1 0 2 0 11 1 0 0 0 1497 4663 591 612 5 0 0 0 1 6 0 4 1 1 515 2547 2572 4488 
2 1 0 0 1 11 4 0 0 1 829 4485 577 405 7 0 0 0 0 0 4 4 0 1 515 4946 4430 4663 
2 1 0 0 0 13 0 0 0 0 870 3391 267 2621 4 0 0 0 0 8 0 3 1 0 515 4946 598 4663 
2 1 0 2 0 11 5 0 0 0 1487 4564 577 405 0 1 0 1 0 12 5 4 1 1 515 4843 294 4375 
0 1 0 0 0 2 0 0 1 0 664 1793 4500 3201 4 0 0 0 1 8 0 3 1 1 666 4843 598 4488 
2 1 0 2 0 7 1 0 0 0 1497 925 238 3344 4 0 0 0 2 11 3 0 1 1 541 2714 4382 209 
1 1 0 2 0 7 1 0 0 0 1497 4663 2218 4853 5 0 1 0 2 14 4 0 1 1 515 3576 1947 4757 
2 1 0 2 1 7 1 0 1 0 1497 925 1459 3344 4 0 3 0 2 11 0 1 1 1 644 71 3933 3402 
2 0 0 2 0 7 1 0 0 0 1497 4663 2218 612 5 0 1 0 2 11 4 0 1 1 515 3576 1947 4757 
1 1 0 2 0 7 1 0 0 0 1487 4663 1805 465 5 1 0 0 2 7 4 0 1 1 515 4946 4974 4375 
1 1 0 2 0 7 1 1 0 0 1497 925 2204 3344 4 0 2 0 2 11 4 0 1 1 541 2714 1106 209 
1 1 0 2 0 7 1 0 1 0 1497 925 1805 3201 4 0 0 0 0 9 0 3 1 0 697 3557 3400 4938 
2 0 2 0 0 11 5 0 0 0 829 4485 577 405 7 0 0 0 1 8 0 3 1 1 515 627 257 4707 
2 1 0 2 1 7 1 0 0 0 1487 4663 1602 612 5 0 0 0 0 11 4 0 1 1 515 3576 1947 4109 
2 1 0 0 0 11 1 0 0 0 988 3391 4695 3201 4 0 0 0 0 8 0 3 1 0 697 4946 4430 4488 
2 1 0 2 1 7 1 3 0 0 1497 4420 2325 612 3 0 3 0 2 11 4 0 1 1 515 2714 4382 209 
1 1 0 1 0 11 1 0 0 0 1497 4420 2325 612 3 0 0 0 2 11 4 1 1 1 515 3576 1947 4488 
1 1 0 2 0 7 1 0 1 0 1497 3679 238 3344 5 0 1 0 2 11 4 0 1 1 515 4886 1947 3814 
2 1 0 0 0 11 4 0 0 0 1314 4485 191 405 4 0 0 2 0 0 5 4 1 1 515 4946 598 3568 
1 0 0 0 0 7 0 1 1 0 1172 1487 1993 3344 4 0 0 0 2 8 0 3 1 1 666 4843 598 3285 
1 1 0 2 0 7 1 0 0 0 1497 931 238 3344 5 0 0 0 2 7 4 0 1 0 515 4946 598 4663 
1 1 0 2 0 7 1 0 1 0 1497 925 3890 3344 5 0 1 0 2 11 4 0 1 1 541 3933 3187 209 
1 1 0 2 0 7 1 0 0 0 1497 4663 591 3201 4 0 0 0 1 8 0 3 1 1 515 4843 598 4488 
2 0 2 0 0 13 0 0 0 0 870 3391 4832 2626 7 0 0 2 2 0 0 4 1 0 538 4843 598 4663 
1 1 0 0 0 7 5 0 1 0 664 1793 4225 3201 4 0 0 0 1 8 0 3 1 1 515 4946 598 4663 
2 1 0 2 1 7 1 1 0 0 1487 4663 238 3344 3 0 0 0 2 11 4 0 1 1 515 3576 1947 4488 
1 1 0 0 0 7 1 0 1 0 1351 925 2459 3344 4 0 3 0 2 11 4 0 1 1 515 2714 4382 209 
2 0 1 0 0 2 0 0 1 0 857 3280 4695 3201 4 0 0 0 1 8 0 3 1 1 666 4843 598 3285 
1 1 0 2 0 7 1 2 0 0 1497 925 2940 3344 4 0 2 0 2 11 4 0 1 1 541 3933 3187 209 
1 0 0 0 0 11 5 0 0 0 870 4113 4832 2626 7 0 1 2 0 15 0 3 1 1 697 4843 598 4488 
1 1 0 0 0 11 5 0 0 0 1326 3391 4695 3201 7 0 0 0 0 8 0 3 1 1 515 4946 4430 4664 
2 1 0 2 1 11 5 0 0 0 1488 4663 1805 612 3 1 1 0 0 8 4 0 1 0 515 4946 4430 3738 
2 1 0 1 0 7 1 0 1 0 633 1391 238 3201 3 0 0 0 1 8 0 3 1 1 515 4827 257 4707 
2 1 0 2 0 7 1 0 0 0 1497 4663 591 612 5 0 3 0 2 11 4 0 1 1 515 3576 1947 4757 
1 1 0 2 0 7 1 0 1 0 1338 1487 1993 3344 2 1 3 0 2 11 3 0 1 1 541 2714 2652 209 
2 1 0 2 1 7 1 1 0 0 1487 4663 238 3344 3 0 0 0 2 11 3 0 1 1 541 2714 4382 180 
1 1 0 0 0 13 0 0 0 0 988 3391 4695 910 4 0 0 2 0 0 0 4 1 1 697 4946 389 4922 
7 1 0 2 0 7 1 0 1 0 1351 925 2459 3344 4 0 3 0 2 11 2 0 1 1 616 2714 1106 209 
7 1 0 2 0 7 1 0 1 0 1351 925 2459 3344 4 0 3 0 2 11 2 0 1 1 616 2714 1106 209 
2 0 3 0 0 13 0 0 0 0 870 4113 4232 2626 7 0 0 2 0 0 0 3 1 1 515 4946 598 4488 
1 1 0 2 0 11 5 0 0 0 870 3391 4832 2626 7 0 0 2 0 0 0 4 1 0 697 4843 598 4488 
1 1 0 2 0 11 5 0 0 0 766 4485 577 405 7 0 0 2 0 0 0 4 1 1 515 4843 598 4488 
2 1 0 2 0 7 1 1 1 0 1497 925 238 4492 3 1 3 0 2 11 4 0 1 1 515 3512 2410 2007 
1 1 0 2 1 9 1 2 0 0 1497 4420 2325 2262 3 1 1 0 2 11 4 0 1 1 515 3576 1947 4707 
2 1 2 0 1 12 5 0 0 1 561 4485 577 405 7 0 0 2 0 0 5 4 1 1 515 4946 4430 4945 
1 1 0 0 0 2 0 1 0 0 970 3391 267 2621 5 0 0 0 1 8 0 3 1 1 515 4843 598 4663 
1 0 0 2 0 7 1 3 1 0 1497 925 1965 3344 4 0 3 0 2 11 3 0 1 1 541 2714 4382 209 
1 1 0 0 0 7 1 0 0 0 1487 4663 1602 612 5 0 0 0 0 11 4 0 1 1 515 3576 1947 209 
2 1 0 0 0 7 0 0 1 0 568 1793 4500 3201 4 0 3 0 1 8 0 3 1 0 703 4946 4430 4515 
1 0 0 2 0 7 1 0 0 0 1497 4663 2218 612 5 0 1 0 2 11 4 0 1 1 515 4946 598 4488 
2 1 0 2 0 7 0 0 1 0 857 3280 4695 3201 4 0 0 0 1 8 0 3 1 1 515 2714 4382 2933 
4 1 0 0 0 11 1 0 0 0 1497 4663 591 612 5 0 0 0 1 6 0 3 1 1 515 2547 2572 3182 
2 1 0 0 0 11 1 0 0 0 1497 4420 2325 612 3 0 0 0 2 11 0 0 1 1 541 2714 285 4945 
1 1 0 2 0 7 1 0 0 0 1338 1487 238 3201 4 0 0 0 1 8 0 3 1 1 515 4827 257 4707 
1 0 0 2 0 7 1 0 1 0 1497 925 238 3344 7 0 3 0 2 11 4 1 0 0 541 396 294 2007 
1 0 0 2 0 7 1 0 1 0 1497 925 238 3344 3 0 3 0 1 8 0 3 1 1 515 627 257 4707 
2 1 0 1 0 7 1 3 0 0 1497 931 238 3344 5 0 0 0 2 13 4 0 1 1 515 3576 1947 4488 
2 1 0 2 0 7 1 0 1 0 1497 925 238 3344 4 0 1 0 2 11 4 3 1 1 666 4843 598 4488 
2 0 0 0 0 2 0 0 1 0 664 1793 4500 3201 4 0 0 0 1 8 0 4 1 0 515 4843 294 4515 
1 1 0 2 0 7 1 0 0 0 1497 4663 2040 612 5 0 0 0 2 11 4 0 1 1 515 4766 1947 4757 
1 0 0 2 0 7 1 0 1 0 1370 925 238 3344 5 0 0 0 1 8 0 1 1 1 515 4574 598 4488 
2 1 0 2 0 7 0 0 1 0 664 1793 4500 3201 4 0 3 0 1 8 0 3 1 0 515 3437 2564 275 
1 0 0 2 0 7 1 1 1 0 1497 925 238 3344 3 0 3 0 1 7 0 1 1 1 515 4827 257 4539 
1 1 0 2 0 7 1 0 0 0 1497 4663 2218 612 5 0 1 0 2 11 4 0 1 1 515 4946 294 4375 
2 1 0 2 1 7 1 0 1 0 1497 1391 1723 3344 4 0 3 0 2 9 4 0 1 1 524 1861 4382 209 
1 1 0 2 0 7 1 0 0 0 1497 4663 1621 612 4 0 1 0 2 11 4 0 1 1 515 3576 1947 4757 
2 1 0 1 0 2 3 0 0 0 1488 4705 103 1507 7 0 0 0 1 8 0 3 1 0 703 4946 598 4488 
1 1 0 2 0 7 1 0 1 0 1497 3679 238 3344 5 0 0 0 2 11 4 0 1 1 515 3576 1947 4488 
2 1 0 2 0 7 1 0 0 0 1487 4663 2459 3344 4 0 3 0 2 11 4 0 1 1 515 2714 4382 209 
1 1 0 2 0 11 5 0 0 0 1023 4485 577 405 7 0 0 2 0 0 0 2 1 1 515 4843 598 4488 
1 1 0 0 1 11 3 0 0 0 829 4485 577 405 7 0 0 2 0 0 5 4 1 1 515 4946 598 4663 
1 1 0 2 0 7 1 2 1 0 857 3280 4695 3201 4 0 0 0 1 8 0 3 1 1 515 4843 4430 4515 
1 0 0 2 0 13 0 0 0 0 857 1373 2016 3201 4 0 0 0 1 8 0 3 1 0 666 4843 598 4488 
1 0 0 0 0 7 0 3 1 0 1497 1391 1723 3344 4 0 0 0 1 8 0 3 1 0 666 4843 598 4488 
2 0 0 0 0 11 5 0 0 0 829 4485 577 405 7 0 0 2 0 0 5 4 1 1 515 4843 598 4488 
1 0 0 0 0 7 0 0 1 0 664 1793 4500 3201 4 0 3 0 1 8 0 3 1 1 515 4946 294 4922 
1 1 0 0 0 11 5 0 0 0 970 3391 267 1897 6 0 0 2 1 15 0 3 1 1 515 4946 598 4488 
2 1 0 0 0 7 1 0 1 0 1351 925 2459 3344 4 0 3 0 1 8 0 3 1 0 697 4946 598 4488 
1 1 0 2 0 11 5 0 0 0 1487 4564 577 405 3 0 0 1 0 0 5 4 1 1 515 4591 598 4664 
1 0 0 2 0 7 1 0 1 0 1444 903 2847 3225 4 0 3 0 1 11 3 0 1 1 541 2714 598 209 
2 1 0 2 0 7 1 1 0 0 1487 925 2204 3344 5 1 0 0 2 11 4 0 1 1 716 3512 257 4707 
1 0 0 1 0 7 1 0 1 0 1497 1391 238 3344 4 0 0 0 1 11 3 0 1 1 541 2714 4382 209 
2 1 3 0 0 11 4 0 0 1 696 4485 577 405 7 0 0 2 0 0 0 3 1 1 515 4946 294 4922 
1 1 0 2 0 11 5 0 0 0 829 4763 577 405 7 0 0 2 0 0 0 3 1 0 666 4843 598 1869 
1 1 0 2 0 7 1 1 0 0 1497 925 2134 3344 4 0 3 0 1 8 0 0 1 1 541 4851 4382 209 
1 1 0 2 0 7 1 0 1 0 1497 1749 1443 1507 7 0 0 0 1 8 0 3 1 0 703 4946 4430 4515 
1 1 0 0 0 7 1 0 0 0 1338 1487 238 3201 4 0 0 0 1 8 0 3 1 0 666 4843 68 1634 
2 1 0 2 0 7 1 0 0 0 1487 4663 238 3344 3 1 0 0 1 11 1 0 1 1 541 2714 2652 209 
1 1 0 2 0 7 1 1 1 0 1497 1390 1965 612 5 0 0 0 0 8 0 3 0 0 697 4946 598 4488 
2 0 2 0 0 11 5 0 0 0 988 3298 4695 224 4 0 0 2 0 0 0 3 1 0 515 4946 598 4488 
1 1 0 2 0 7 5 0 1 0 1497 1391 238 3344 4 0 3 0 2 9 4 0 1 1 524 1861 1760 4757 
2 1 2 0 0 11 5 0 0 0 970 3391 267 2621 5 0 0 0 1 8 0 3 1 1 515 4843 598 4663 
1 1 0 0 0 11 1 0 0 0 1488 4663 1805 612 3 1 1 0 0 8 4 0 1 0 515 4946 4430 3738 
2 0 0 0 0 13 0 0 0 0 870 4113 2810 2626 7 0 0 2 1 15 0 3 1 1 515 4946 598 4488 
2 1 0 0 0 13 0 0 0 0 870 3391 267 2621 4 0 0 0 1 8 1 3 1 1 515 4827 598 4488 
2 1 0 0 0 11 5 0 0 0 988 3391 4695 3201 4 0 1 2 0 5 0 3 1 1 697 4843 1760 4757 
1 0 0 2 0 7 1 1 1 0 1497 925 238 3344 3 0 0 0 1 8 0 3 1 1 515 4843 4749 4488 
1 0 0 2 0 7 1 1 1 0 1497 925 238 3344 3 0 3 0 1 7 0 1 1 1 666 2714 4382 209 
2 1 0 2 0 7 1 0 0 0 1497 1391 238 3201 4 0 0 0 2 4 0 3 1 1 515 4946 4373 4664 
2 0 0 0 0 11 1 0 0 0 1487 4663 4695 3201 4 0 3 0 1 8 0 3 1 0 515 396 294 4375 
1 1 0 2 0 7 1 0 1 0 1497 925 379 3344 7 0 3 0 2 7 0 1 1 1 697 3154 3691 1207 
2 0 0 0 0 13 0 1 1 0 627 1381 4695 3201 4 0 0 0 1 8 0 4 1 1 515 4843 598 4488 
1 1 0 2 0 7 1 2 0 0 1497 4420 2325 612 3 1 1 0 2 11 4 0 1 1 515 3576 1947 4707 
1 1 0 2 0 7 1 0 1 0 633 1391 238 3201 3 0 0 0 1 8 0 3 1 1 515 4827 257 4707 
1 1 0 2 0 2 1 0 0 0 1497 4663 591 612 5 0 0 0 1 8 1 3 1 1 666 4843 598 4488 
1 0 0 0 0 13 0 1 1 0 627 1381 4695 3201 4 0 0 0 1 8 0 3 1 1 515 4843 1003 4663 
2 1 0 2 0 11 5 0 0 0 1487 4564 238 3344 6 0 0 0 2 8 0 3 1 1 697 4843 598 4488 
2 1 0 1 0 7 1 0 1 0 664 1391 238 3201 4 0 0 0 1 8 0 3 1 0 697 4946 4430 4488 
2 1 0 0 0 2 0 0 0 0 666 3391 577 1338 7 0 0 2 0 15 0 3 1 1 515 4843 598 4663 
2 0 0 0 0 7 1 0 1 0 1444 925 4817 3371 4 0 0 0 2 7 0 3 1 0 697 4843 598 4488 
2 1 0 2 0 7 1 0 0 0 1351 4485 1602 612 5 0 0 0 0 8 0 3 1 0 697 4946 598 4488 
2 1 0 0 0 11 5 0 0 0 988 3391 4695 3201 4 0 0 2 0 15 0 3 1 1 541 4610 1513 4493 
1 1 0 2 0 7 1 0 1 0 1497 925 3890 3344 5 0 1 0 2 11 0 3 1 1 515 2547 2572 4488 
1 1 0 0 0 11 1 0 0 0 1497 4663 591 612 5 0 0 0 1 6 4 0 1 1 541 3933 3187 209 
1 1 0 2 0 11 5 0 0 0 1497 4420 2325 612 3 1 1 0 2 13 4 0 1 1 515 2524 598 4488 
2 1 0 2 0 7 1 0 0 0 1497 4663 591 612 5 0 0 0 2 11 4 2 1 0 697 3576 1947 4488 
7 1 0 2 1 7 1 2 1 0 1444 925 3639 3344 2 1 3 0 2 11 3 0 1 1 541 2714 4382 209 
1 1 0 2 0 11 5 0 0 0 970 3391 267 2621 4 0 0 0 1 8 0 3 1 1 515 4507 4749 4488 
2 0 3 0 0 11 5 0 0 1 970 3391 577 1897 7 0 0 2 0 0 0 3 1 1 515 4827 257 4707 
2 1 0 2 1 7 1 0 0 0 1497 4420 2325 612 3 1 1 0 2 11 3 0 1 1 541 2714 4382 209 
1 1 0 2 0 7 1 0 0 0 1497 4663 591 612 5 0 3 0 2 11 2 3 1 1 541 3933 3400 2853 
1 0 0 0 0 7 0 3 1 0 1497 1391 1723 3344 4 0 0 0 1 8 0 3 1 0 666 2674 389 4922 
1 1 0 2 0 7 1 0 0 0 1497 3814 4695 2904 4 0 0 0 0 8 0 3 1 1 515 4843 598 4663 
1 1 0 2 0 7 1 0 1 0 1497 1391 238 3344 5 0 0 0 1 8 0 3 1 0 666 4843 598 4488 
4 1 0 0 0 7 1 0 0 0 1497 4420 2325 2626 7 0 1 0 0 8 0 1 1 1 515 4843 2671 4664 
1 1 0 2 0 7 1 0 1 0 1370 925 238 3344 5 0 3 0 2 11 0 1 1 1 515 2714 4382 2180 
1 1 0 0 0 7 2 0 0 0 870 4113 4832 2626 3 0 0 0 1 8 0 0 1 0 515 3437 2564 209 
2 1 0 2 1 7 1 0 0 0 1497 1739 591 612 5 0 0 0 2 11 4 3 1 1 515 3576 1779 209 
1 1 0 2 0 7 1 0 0 0 1497 4663 2040 612 5 0 0 0 2 11 4 0 1 1 515 3576 1947 4757 
1 1 0 0 0 11 1 0 0 0 1497 4663 591 612 5 0 0 0 1 6 0 3 1 1 697 4946 389 4922 
1 1 0 2 0 7 1 1 1 0 1487 4515 2204 3344 3 1 0 0 2 11 3 0 1 1 515 4843 4382 209 
2 0 0 0 1 15 5 0 0 0 970 3391 267 405 7 0 0 2 0 0 0 4 1 1 515 4843 598 4488 
2 0 3 0 0 13 0 0 0 0 988 3391 4695 224 4 0 0 0 1 8 0 3 1 0 697 4843 598 4488 
2 0 0 0 0 7 0 0 1 0 857 2602 3246 2607 4 0 0 0 1 8 0 1 1 1 515 4843 598 4488 
2 1 0 2 0 7 0 0 1 0 1370 925 238 3344 5 0 0 0 1 8 0 1 1 1 515 4574 598 4488 
1 1 0 2 1 7 1 0 0 0 1487 4564 577 405 3 0 0 1 0 0 5 4 1 1 515 4591 598 4664 
2 0 0 1 0 11 5 0 0 1 829 4485 577 405 7 0 0 2 0 0 5 4 1 1 515 4946 598 4488 
2 1 0 0 0 7 0 0 0 0 568 1793 4500 3201 4 0 3 0 1 8 0 3 1 1 515 4827 257 4707 
2 1 0 2 0 11 3 0 0 0 829 4485 577 405 7 0 0 2 0 0 5 4 1 1 515 4946 598 4663 
2 1 0 2 0 7 1 1 1 0 1497 2779 2204 3344 5 0 0 0 2 11 4 0 1 1 515 4966 2943 1601 
2 1 0 2 0 7 1 1 0 0 1497 925 2204 3344 4 0 3 0 1 11 0 0 1 1 697 2877 294 4922 
1 0 0 0 0 13 0 0 0 0 664 1793 4500 3201 4 0 0 0 1 15 0 1 1 0 697 4843 598 209 
1 1 0 2 0 2 0 0 0 0 568 1793 4500 3201 4 0 3 0 1 8 0 3 1 0 703 4946 4430 4515 
2 1 3 0 0 12 5 0 0 1 829 4485 577 405 7 0 0 2 0 0 5 4 1 1 697 4946 389 4922 
2 1 0 0 1 11 5 0 0 0 829 4485 577 4066 7 0 0 2 0 0 0 3 1 1 515 4827 257 4707 
1 1 0 2 0 7 1 0 1 0 1497 1749 1443 3344 3 0 0 0 1 8 0 3 1 1 515 4827 257 4707 
1 0 0 2 0 7 1 0 1 0 1351 925 3105 3344 4 0 3 0 2 11 2 3 1 1 541 2714 1315 275 
1 1 0 2 0 7 1 1 1 0 1497 925 2940 3344 4 0 2 0 2 11 0 3 1 1 697 4843 598 4488 
2 1 0 2 0 7 1 0 0 0 1487 4663 238 3344 3 1 0 0 2 11 4 0 1 1 515 4843 294 4375 
2 0 3 0 0 13 0 0 0 0 1013 4113 4582 2626 7 0 0 2 1 15 0 3 1 1 515 4966 2943 4945 
1 1 0 2 0 7 1 0 1 0 1444 925 4817 3371 4 0 0 0 2 7 0 0 1 1 515 3576 1947 4488 
1 1 0 2 0 7 1 0 1 0 1351 925 2459 3344 4 0 3 0 1 8 0 3 1 0 697 4946 598 4488 
2 1 0 2 1 7 0 0 1 0 1497 4663 1805 3201 6 0 0 0 1 9 4 0 1 1 541 2765 4382 209 
2 0 0 1 0 7 1 3 0 0 1497 931 238 3344 5 0 0 0 2 7 4 0 1 1 515 3576 294 4922 
2 0 3 0 0 11 4 0 0 0 666 3391 577 1338 7 0 0 2 0 15 0 3 1 1 515 4827 257 4707 
1 1 0 1 0 7 1 0 0 0 1497 4663 591 612 5 0 0 0 1 6 4 2 1 1 515 426 1312 825 
2 1 0 0 0 11 1 0 0 0 1497 4663 591 612 5 0 0 0 1 6 0 2 1 1 515 2547 1947 4488 
1 0 0 2 0 7 1 0 1 0 1497 925 238 3201 4 0 0 0 1 8 0 3 1 0 666 4580 68 1634 
1 1 0 2 0 7 3 0 0 0 1326 3391 4695 3201 7 0 0 0 0 8 0 3 1 1 515 4946 4430 4664 
2 0 2 0 1 11 5 0 0 0 988 3298 4695 224 4 0 0 2 0 0 0 3 1 0 515 4946 598 4488 
2 1 0 0 0 7 1 0 1 0 1351 925 2459 3344 4 0 3 0 1 8 0 3 1 1 515 627 257 4782 
2 1 0 2 1 7 1 0 0 0 1487 4663 238 3344 3 1 0 0 2 11 4 0 1 1 541 2765 4382 209 
2 0 0 0 0 2 0 0 1 0 664 1793 4500 3201 4 0 3 0 2 8 0 3 1 0 666 4843 68 4488 
2 0 3 0 0 11 4 0 0 0 666 3391 577 1338 7 0 0 2 0 15 0 3 1 0 697 4843 598 4663 
1 0 0 2 0 7 1 0 1 0 1497 1018 238 3344 3 1 3 0 2 11 3 0 1 1 541 2714 2652 209 
1 1 0 2 0 7 1 0 1 0 1444 925 4817 3371 4 0 0 0 2 7 0 3 1 1 524 3512 598 2363 
1 1 0 2 0 7 1 0 0 0 1497 4420 2325 612 3 0 0 0 2 11 4 0 1 1 515 3576 1947 3738 
