0.678431129899381 0.3510860970423604 0.28318700680569475 
0.678817133317858 0.3513223425541223 0.2831343440531565 
0.7837703922391431 0.23561902094579557 0.19236263582863766 
0.808629389087665 0.21144754097844976 0.21236837101427786 
0.6881755873065846 0.3387372594554904 0.2883660698184549 
0.8064862747247528 0.21208249448799565 0.20968041802640058 
0.8052444165395427 0.2133495496840102 0.2086990055849085 
0.8040562608891221 0.21424478515449885 0.20871353177313856 
0.6997498283978361 0.32542628411122776 0.2671736953709203 
0.6900637224387765 0.33668765337385376 0.2776039466220238 
0.8082785511839776 0.21194707134973512 0.2113324964164709 
0.6950326274599286 0.3312255027727624 0.2731646440245049 
0.7623773305432916 0.25335521795684424 0.21518711872018448 
0.705659436236691 0.3176100155850895 0.25884804192817157 
0.7010997151384438 0.3240677009209392 0.2748573000044371 
0.7209278748313206 0.30120447037829146 0.24550988451536604 
0.7028948293685268 0.3213630115943459 0.2609078774841308 
0.704618196438322 0.3203136228472675 0.2527388661571984 
0.6850166427609143 0.3419578145828005 0.28682685078061787 
0.6854472702366226 0.3415186221087907 0.2855400262465807 
0.7950306653788349 0.22219845775454106 0.20391298833803884 
0.8046806666071671 0.21329410444881014 0.20981426244142742 
0.7238759479327148 0.2970443626177115 0.24486713450928344 
0.687022406551873 0.3399325667167342 0.28709067255484877 
0.7723112857193852 0.24262233125049315 0.21640091479288204 
0.72451309286181 0.296382400664029 0.25063213457048694 
0.7983570754303131 0.21925412819965606 0.20359029477788748 
0.780412215554482 0.23925668596567062 0.19323461141064457 
0.7770434024516826 0.2417307934332148 0.19491614807923818 
0.7964679699622225 0.2205206388795674 0.2033872623580384 
0.7422537462736541 0.27686373618366933 0.2210205991515869 
0.7810963294642794 0.2362431098640131 0.19555608194719976 
0.7907729079595927 0.226623720874075 0.19834882071300863 
0.7024643549557266 0.3234365242227363 0.2584466800179154 
0.7002692807708806 0.3250351022774042 0.27388615553640716 
0.7039890346909651 0.32166005586959856 0.25389800682502606 
0.7775031025869303 0.23750806352615628 0.20005341304593793 
0.7759748912031716 0.2424606398085707 0.20044567850513884 
0.7259176079333447 0.294523153665993 0.24788075734023063 
0.7220916775545932 0.30194000657908027 0.2380060277108378 
0.7709000149522451 0.2443160281118708 0.21151006076488765 
0.7810496500627193 0.2378918605855338 0.19530097681733638 
0.7823475276772985 0.23449227305416254 0.19692790920676806 
0.7138555045672317 0.30918847912520075 0.24975595777956294 
0.7749122137341847 0.24057434253845034 0.20165080435844474 
0.7553101855990136 0.2622906796311727 0.21049069528128506 
0.7938335696573069 0.2225656524333799 0.2017326293301137 
0.7079197897379228 0.3144070167960714 0.2658221717915046 
0.7017224797915911 0.32314606009267466 0.26300415499639374 
0.7335426689838442 0.28523164102028276 0.23454221307169543 
0.6840448861916251 0.34337535090130233 0.28375004304193063 
0.7100743546411975 0.3121160220577911 0.26378715423455446 
0.7978559645264411 0.21832979619845438 0.2061164824687376 
0.7827797851742548 0.23321525622095585 0.20144350161059033 
0.7842411847855395 0.23540286577834757 0.1928293722132054 
0.7582766692266097 0.26160184632830963 0.20428044633463271 
0.7052342800783129 0.3196192192493834 0.25199038044617417 
0.7154139369433834 0.30631031364837125 0.25689162909530494 
0.7354641274085361 0.2832431022535893 0.22770492314286583 
0.6956688538376675 0.3307672385031505 0.28180122470023083 
0.7188415774959602 0.3025487650931953 0.261867241931408 
0.7017378195293007 0.32280405757717956 0.2625594107262039 
0.6822647084005952 0.345664851952042 0.2803458356355988 
0.7427596414920519 0.2756133086184315 0.22796684382808508 
0.7200276170991514 0.30232885677722166 0.24608644534372315 
0.6788041940124484 0.35071478750527785 0.2841704448455593 
0.7920237071050865 0.22564693710214978 0.19986492084278396 
0.6937785654585672 0.33247490595543017 0.27636300731330654 
0.8032668128768109 0.2168661144029993 0.20615486728502375 
0.785131247705443 0.23255260172455394 0.19863299489730535 
0.8045067421145614 0.21560126722420403 0.20715447586803193 
0.7360157044511386 0.2827084976555937 0.2353682126745491 
0.7532334055563099 0.2641857110220762 0.21715222665766387 
0.7799472821192015 0.23867533038827304 0.1946575767898061 
0.7505145162373672 0.2675418697689048 0.21300141159427277 
0.7225237330922498 0.29947988418093285 0.2442083419316844 
0.7591456131450387 0.25818103635076173 0.21025897578806663 
0.7387370015379744 0.28010830579201873 0.22826666471116053 
0.7334600678347982 0.2857151493731015 0.23561958639969116 
0.7792207846342953 0.23941529858023158 0.1940052988510239 
0.7177155647708402 0.30595611776686304 0.24328695441860737 
0.7123768653514218 0.3096690986193308 0.26128795643051017 
0.7968688099842132 0.220102465496836 0.20374259432926833 
0.7684226864552831 0.24720622350020693 0.2156929352240965 
0.7834116931928112 0.23598494377438473 0.19236263582863766 
0.6915686164159887 0.33515597530403696 0.279839431125093 
0.7338171259781419 0.28621176912047164 0.22908058384238217 
0.7872939883132027 0.23175122003941018 0.1939075432064431 
0.697795039687275 0.3279831808461291 0.27123030155353567 
0.7543774314440531 0.2630184731178582 0.21745244729609925 
0.7050196172820746 0.31799387748550234 0.2625164498095296 
0.724629003677793 0.2983777606655753 0.24264132815798722 
0.7079291640764731 0.3144161809943521 0.26567926378659856 
0.7284268748423245 0.29145470696581055 0.23268223708504132 
0.6812220893282724 0.3469507140758529 0.2819011025020689 
0.6881849616451349 0.3387464236537707 0.2882231618135489 
0.7599280563242525 0.25691510451080846 0.20868661306929537 
0.7191261292931279 0.3030764103746997 0.24931572632581656 
0.7060330565106411 0.3170691266778828 0.26051693567537926 
0.7853487433930515 0.23298535084361538 0.19439023969615965 
0.681877187873398 0.3461682070942427 0.28338067907235864 
0.8017311573741716 0.2150360566318381 0.2078199506559557 
0.6993035646168198 0.3262010443082367 0.268165323450237 
0.7849144181268863 0.23445178304157754 0.19266285646707282 
0.7332815425212974 0.28819849443085843 0.2286168568262078 
0.7036203493531907 0.3197984296458304 0.26332035181176394 
0.6934184618576994 0.33284455789155 0.276128406720198 
0.7873761397373426 0.23040643630441104 0.19597670096044006 
0.6969039915420641 0.3289764189289237 0.282323699145718 
0.7479793357287582 0.26964952272364473 0.2212558569997949 
0.7034427522395676 0.32197196781722015 0.25749004288006117 
0.6897587324660442 0.33709523400585273 0.2797756868336414 
0.690548618234839 0.3377848493003327 0.2734925734907113 
0.7579239184406704 0.2589505819219904 0.20763247031565324 
0.7280535984098511 0.29183461206372574 0.23170275660085993 
0.7619819789415643 0.254298959820487 0.2214536445435361 
0.7730203538985914 0.24168145708252164 0.2162416932955996 
0.761155430164633 0.25524992270483904 0.21191995363236837 
0.679971698030913 0.3484293864568624 0.28311113496859375 
0.7270709056467664 0.2973984593524278 0.2324166812840689 
0.770554230297428 0.24530599949884546 0.21460185271250232 
0.737334280576286 0.28131820955243103 0.22637480745400018 
0.6871560688620549 0.3396847494703943 0.2851053833520901 
0.7074620088786843 0.31518847776345815 0.2587146510899665 
0.6861183147797568 0.34083620414733373 0.28631901079652666 
0.7474354757574251 0.27215228904841127 0.2205433705832589 
0.748992354045503 0.26796708321037876 0.22040359484789973 
0.6943525561686128 0.33223645426683723 0.27199544332990877 
0.7753353248053676 0.2401366573880941 0.2018837365842865 
0.7386296421551507 0.27961650900214796 0.23388436913898525 
0.778147278369627 0.23716906076621047 0.20070310966335558 
0.7525152280062497 0.2668743746282678 0.21170879495994 
0.6795814586861453 0.349250192967697 0.2839714266724276 
0.7351459084984387 0.2835956018818757 0.22983585181508592 
0.7372978223591657 0.28097759302668057 0.2334511668062057 
0.7197803970588328 0.3033447513238602 0.24062878185201464 
0.7700911975323295 0.2487316744648015 0.19998071791152872 
0.7452682333773357 0.2728012371191868 0.2257870982285215 
0.7250724042194148 0.29598582105953175 0.23615539890319548 
0.7987936616797349 0.21810241672254127 0.20501309829543712 
0.6982681501728274 0.32736080395627787 0.2699599388372036 
0.8007870892659437 0.21709183753315298 0.20455718103114973 
0.7786514670594425 0.23667217060126766 0.20086082891960266 
0.7764424295173462 0.23901532095436762 0.2030277432879526 
0.7122553072058355 0.31104209486163625 0.25103909557848625 
0.7230846166925292 0.2978453286233713 0.24456628858227725 
0.7719190554176218 0.24371617617652708 0.2029578038790104 
0.7794558179790789 0.23758840350184074 0.19732466751843203 
0.7035384970061693 0.32104457397043584 0.25988963080594063 
0.7415243842824172 0.2763526081128759 0.22234079442331078 
0.7925825743158905 0.22421516686516563 0.2012181183530346 
0.7400795133646143 0.27793384586080594 0.2260807180458937 
0.6888727008937261 0.337999242950601 0.2791504592010974 
0.7232783901090309 0.2991911514944823 0.23909719817554165 
0.7910631205293177 0.22720817684476113 0.19740794218077817 
0.7694791160694503 0.2464856083907132 0.20841434951967708 
0.7298299540836246 0.2897591467802766 0.2310256670641878 
0.7588054435080208 0.2592676787108825 0.20513153039955467 
0.7010287593275386 0.32413785449078003 0.27261999843557916 
0.726234230628626 0.2952408661350855 0.23492059215896888 
0.6909566912407861 0.3354957528772745 0.28596419103807813 
0.7643308657910013 0.25169185471950883 0.2175531029003278 
0.6910210651251101 0.33541063019658046 0.28463529265247534 
0.7274237985920711 0.29261686504428486 0.23515253857643748 
0.7541487189499712 0.26381334670790146 0.21058537973892377 
0.7638526981051481 0.25186881396701943 0.2126130331388899 
0.6825608090813657 0.3448860820505407 0.2829164659655108 
0.6815100224089166 0.3465428222597333 0.2839559632103823 
0.6970632294030035 0.32859138629634455 0.26913804161994026 
0.7550236097359126 0.2630874237387667 0.212770050645247 
0.7892567225881427 0.2277262711949215 0.20154892201828567 
0.6869815721088739 0.3402457157359857 0.27831154479298736 
0.6909123778532256 0.33581020951025886 0.2771955609899902 
0.7694328760989322 0.24800665093348573 0.20620611531168798 
0.6865729797324813 0.34036974782388774 0.2814950190664004 
0.7646479015757262 0.2555613435139438 0.2023274124716099 
0.7714192822070515 0.24319985027929425 0.21660177807747227 
0.7916973243424825 0.22527404776832238 0.20163356232052942 
0.6849680870343076 0.34502722607587244 0.2788816428233597 
0.7238571514154123 0.29810784168310134 0.24296259841681178 
0.7319897285333391 0.2873981572640537 0.23072543438321547 
0.7227336408773936 0.300222416824921 0.23956598078269153 
0.7156672803945721 0.3062619790903335 0.25623417980284835 
0.7999497518653711 0.21845938649086327 0.20491189774411533 
0.6930852175487289 0.3335015912281777 0.2751271829495471 
0.7191536041470092 0.30389718554618494 0.24217012554053774 
0.7236251755119092 0.2976649111280699 0.24502828752562067 
0.788038713185176 0.22994494890642037 0.19665743290602655 
0.7200403688256807 0.3013647230435721 0.2465327302061876 
0.6803282869691779 0.3477485348338971 0.2826914611572544 
0.80250207803071 0.21598955681011056 0.206852691144767 
0.6863556327880085 0.3411475312632496 0.279190085778959 
0.7044427187711172 0.31916487253595005 0.2636409809968414 
0.7025665811112367 0.3224483179846095 0.2699500397702441 
0.713452378746356 0.30863918405731006 0.2571753226484451 
0.7059582455222927 0.31888060152265807 0.25364119092903137 
0.794045963792843 0.22308566544406305 0.20113982699821575 
0.7367427450020088 0.28154169085520286 0.23331602434623877 
0.7132419265932595 0.3103927009751619 0.2500738086507712 
0.7928559798884098 0.2231176243767714 0.20418321639927695 
0.7933565141833143 0.2240167590359703 0.20191641577886899 
0.7214812918264579 0.3004496081349932 0.2559175900760907 
0.7253826407348694 0.29586779681013287 0.23728039016875002 
0.7292458192983855 0.29046069350567716 0.23176654490355364 
0.72440963875547 0.29761451691096885 0.24282670484886137 
0.6893930120371006 0.33746607876146095 0.27977883207661225 
0.7426115856231523 0.2751243394729721 0.23100742193165613 
0.7816593167409321 0.2351075733800475 0.19772177785521772 
0.7924883471163181 0.2248304023667601 0.20536977586522065 
0.7345608513642186 0.28659959075630304 0.22406692324836275 
0.7528826845818997 0.2637908071912245 0.21997422154007495 
0.7912786790639922 0.22623280926421685 0.19931653669123262 
0.7606644899792181 0.256275399973258 0.20809195272153158 
0.6962365058503788 0.3296574477484685 0.2816910216267712 
0.7438492902130724 0.27403541615744553 0.22363165233309357 
0.6910790131220863 0.3358001027036758 0.27964304384941796 
0.75672091081099 0.26292250558709973 0.20832644083119478 
0.7118359424746672 0.3105284300431599 0.25924266341400637 
0.7678750120783651 0.2515630037468619 0.20105800123593587 
0.6942615497813761 0.33198569951480295 0.2778756654123452 
0.6986093835728128 0.3271534716801381 0.2708204734342622 
0.7664644984471031 0.2508219669188786 0.20406180303832544 
0.7380584658632434 0.28204920985633875 0.2195857830432515 
0.71282700838024 0.3101303490714755 0.25522014291687556 
0.7466962829124293 0.2714847223668446 0.2213194359565095 
0.7303481265414385 0.288915370778407 0.2322128295134377 
0.7302672216396255 0.28971526639983003 0.23778264214077127 
0.7172926029458917 0.30802686134181023 0.24142785601508754 
0.6844315183501687 0.34287398258835 0.2800502657489934 
0.796151611268386 0.22107292178222382 0.20210855019731433 
0.7903399014944783 0.22598947748821563 0.19996665345441356 
0.7662196699932733 0.2511915748558895 0.20574343305854526 
0.7097692588372173 0.31251968272134223 0.25934861690008015 
0.7083655560157652 0.3139498946961876 0.264373736397415 
0.703164992152603 0.32201744196371684 0.26009107859084 
0.6979134571070278 0.328039818293566 0.26858898914014673 
0.6942670562616233 0.3319800854546472 0.2769008660469472 
0.8005656641891912 0.21761828807144545 0.20559170764353862 
0.7125111498482043 0.31113960795076134 0.24843140753254644 
0.7878675504470052 0.2312800391455141 0.19504958634714076 
0.6790475561171021 0.34975041603277335 0.28203247910171747 
0.6939735663218045 0.33262088813245305 0.2721476353199359 
0.7260260238996779 0.29580327110604177 0.24140070012418824 
0.7066049279844245 0.31637645533858605 0.26349667520793596 
0.7111451346219456 0.3115661873198954 0.25516320483842325 
0.7389913424399281 0.2794246153548958 0.22498482241313011 
0.7638512473608932 0.252708325683785 0.22075979769969656 
0.716718520038323 0.30523856487060763 0.25777870886470544 
0.714230537158538 0.30751735854122175 0.25656459668146747 
0.7113802040412077 0.3109960843168369 0.26631246255538166 
0.6931102288167497 0.3331568029906854 0.27573100720695654 
0.7143981969786442 0.30901807421419447 0.25068059858248537 
0.7415278541317325 0.2760321584770983 0.2227301945525143 
0.7595209379180755 0.25645165787829116 0.22068479901530713 
0.7395470203684971 0.2788563194252677 0.22440678832478722 
0.7050283845160502 0.31809768183314024 0.26166247526103525 
0.7040492651772039 0.31937009837369135 0.2627487126913248 
0.7756940238516995 0.23977073455950504 0.2018837365842865 
0.699847563468059 0.32649164828790644 0.26643016115751295 
0.7329258035247818 0.2866873723214741 0.22883164742149764 
0.7807903914264083 0.23483691123299344 0.1992575096101563 
0.7203971415852997 0.30265894325233933 0.23988715134919336 
0.778582921685922 0.23848021320272927 0.19814376211338947 
0.7264690313079791 0.2948074508943407 0.23652301762221772 
0.6947682742983754 0.33193912530413083 0.2705834072093465 
0.7218473074627538 0.3015527442421191 0.23943710405338403 
0.7458020163883964 0.2719618830864695 0.22201710721979184 
0.7310816690817468 0.2884913046010027 0.23185227234279004 
0.6801905130299343 0.3487322220897515 0.28191840762672093 
0.6921578863736924 0.3342437668124304 0.28367557393870446 
0.7105295834503322 0.3134884826075731 0.2530769335926749 
0.692445396530248 0.3344476735515004 0.27299702784227053 
0.7441352187362621 0.2736889186362633 0.22375142889250232 
0.7223199900701065 0.30063639237078166 0.23886683576542 
0.7294680552404822 0.29013032609821143 0.23201377363560505 
0.7405410872856681 0.27977001102368604 0.21811360398343116 
0.778199432337844 0.2370780191055144 0.20951683388686648 
0.749813764580967 0.2706165914023525 0.20892072725470545 
0.7596090303971403 0.2571395872601765 0.20589871205486965 
0.7459915136707617 0.27105555330404707 0.2270402822768799 
0.7149489575409138 0.3077528356656053 0.2499765797296022 
0.7951997279996323 0.22180541276273502 0.20253098106566703 
0.7552796698326956 0.26407440277073324 0.2074499405451664 
0.7743550049215834 0.2448930916997969 0.19688244036383795 
0.7862825904059727 0.23290642747546564 0.19643056859857344 
0.7691097421851123 0.24631121238158415 0.21309014376077606 
0.7133860985901435 0.3099535150056826 0.24868762444438486 
0.8019793500725771 0.21701858575931865 0.20644974249442505 
0.7416434403030454 0.27780225015092497 0.21929716892398976 
0.7123187441452792 0.30949386328095796 0.2643724028808564 
0.7614465447233075 0.2546924857283033 0.2208961026399896 
0.7322918541837136 0.2870899015552173 0.23027112720903375 
0.7535107259395413 0.2678744785444419 0.20993658278187244 
0.7229610926161942 0.29902213544194456 0.242473639839756 
0.7627284735705339 0.2583415257388493 0.1998013641459866 
0.7499465643714172 0.2691628618815739 0.21095135543249588 
0.7282315558900232 0.29281795380460074 0.23039344091385916 
0.7483709078842598 0.2686011383682255 0.2198649010782251 
0.727705966194083 0.29327406414912005 0.23281117643075433 
0.7562697773271772 0.2608923340395607 0.2168323580694279 
0.7450056427824208 0.27305116393027984 0.2208670813662753 
0.696016804786161 0.33035672976555974 0.2688068661176706 
0.6831917989936651 0.34536437530128583 0.2821005788919768 
0.7572098866046248 0.2620296201707557 0.20393956916771627 
0.7901984912989092 0.22912224280512317 0.1961432158824049 
0.6844315183501687 0.34287398258835 0.2800502657489934 
0.7157490720573187 0.3073226116531229 0.2457347182009122 
0.7601363751060712 0.2557204281596447 0.2251597862288408 
0.7181379407796782 0.3040762729356048 0.2475291301781798 
0.7256450046816851 0.2951054274591114 0.2571657422769097 
0.7004765491950693 0.3246860750039072 0.267831144663377 
0.744735178695461 0.27234303005448546 0.2260423435826625 
0.7897374016290001 0.22959287066370915 0.19488721520516405 
0.7062814255066586 0.31823625096321817 0.25488407493907705 
0.7337965593487312 0.28497227487168564 0.22943921955660462 
0.7159844938962436 0.30563304358450094 0.2543256381179214 
0.808416906877221 0.2118068005537157 0.21216105162628562 
0.7739710973706457 0.24127633972430962 0.21094430021974298 
0.7589170165601261 0.2579567166610881 0.221827753876648 
0.6906281894821128 0.33620808177408923 0.28077107142937785 
0.7231879143070308 0.29868047008489573 0.24379160495822805 
0.7844696154692226 0.23119911079415867 0.19883281833843702 
0.7316840162029061 0.28893614596034123 0.22873182715005846 
0.7186952520677714 0.3035279340570861 0.25361219189994355 
0.6992401378146629 0.32632724603115304 0.2726543985992037 
0.7130347819421398 0.3095302275849906 0.2555442651843126 
0.7838406655536938 0.23153559969166526 0.2056693947103133 
0.7656836103118776 0.24998784380350914 0.21538682930416309 
0.7454414058402719 0.2741891725165825 0.21851643918303598 
0.7884007840018561 0.22838197126840465 0.2002952015588758 
0.7817398880389647 0.23410422489298455 0.20256308386158217 
0.6989680826191447 0.3267875488515488 0.2708204734342622 
0.7496337369704102 0.2682807950685523 0.21345600705315815 
0.7089883053531416 0.3133145793322698 0.26506904469180825 
0.7506391683965729 0.26639676492988995 0.21916797414014622 
0.7957254782560294 0.22308497506221203 0.20120881075376884 
0.7382176306419097 0.2804168823844011 0.22736443668431272 
0.7173563123555999 0.3054576337945222 0.25323401154537806 
0.7703796779281514 0.24582715594438764 0.20892410906392656 
0.7501776807126515 0.26666382658330323 0.21868809640571374 
0.7445388039393541 0.2732771989213394 0.22586374131576403 
0.7170735348324042 0.308555389561878 0.2433818176006518 
0.7348220882850585 0.2839447363453449 0.23080909860719734 
0.7302112769582065 0.2909693149633965 0.2299339742460701 
0.7830676045005834 0.23423176562359194 0.1960543685644276 
0.716718520038323 0.30523856487060763 0.25777870886470544 
0.7953353763608911 0.2215742581086083 0.20965612948492485 
0.6836628341282487 0.34376272738940017 0.2835147458796863 
0.790194563631984 0.2281693065195738 0.1968295433448637 
0.7589891698251638 0.2586377665516012 0.2147066493483809 
0.6927415262208338 0.3353059074228667 0.2713620973132549 
0.7195009464108647 0.3027058923650683 0.25452733648477366 
0.6967822352183721 0.33067233466179624 0.26825431505897135 
0.7565937459269811 0.2644813868798124 0.20481612163868135 
0.6918860652303335 0.3347250740653739 0.2752894924483579 
0.6909073172811709 0.33741892647174354 0.2734925734907113 
0.7730270055665049 0.24515130977327948 0.19874948376370183 
0.7567819472641472 0.26039318520877364 0.21877742517006837 
0.7290350196530878 0.2911526016478845 0.231550548047046 
0.7896909824970579 0.2280329628324026 0.1996928618902708 
0.753615588873055 0.2689078891890405 0.20915920874144223 
0.7196308679191122 0.3043428465402488 0.23887472871442628 
0.7934245176315997 0.2235083688826277 0.20113982699821575 
0.6877678947357074 0.3390463537815295 0.28304427615464245 
0.6829165798973464 0.34452309272829174 0.28279782977522383 
0.6876102052725126 0.3396283866053792 0.281433658929356 
0.6789641743350872 0.35016180416558407 0.284296656774107 
0.7625498088209439 0.25744009273771806 0.20355961033791437 
0.701340207790841 0.3248606284530674 0.26663248472237955 
0.7289026598058232 0.2909706194664289 0.23234650494835596 
0.7412754949283575 0.2792531893136855 0.22178350901646715 
0.7860066568345261 0.23381292443556512 0.19312959285164055 
0.7741086192246671 0.2440088961782756 0.20029098479719998 
0.7980218904925404 0.21962817447748872 0.2046136401881088 
0.7196562371879598 0.3035466190902 0.243583970090527 
0.7859184950032576 0.23206959212862732 0.19867858709342212 
0.7219365021178912 0.2999907699345381 0.2520514305241798 
0.7509912565828463 0.2660355953247472 0.2181841516385704 
0.7048497026372741 0.3185441330724481 0.2633275339540605 
0.7492420526508928 0.26771237241606893 0.22059203527671878 
0.6965900847845772 0.32907301395059096 0.26947088041276723 
0.7885933757412569 0.23076010856792728 0.1945869945667288 
0.7123122338648376 0.3107276066359276 0.25828001747053175 
0.8013807260615763 0.2163410917999291 0.2066905509803687 
0.7164495041282021 0.3067341720232969 0.24825847251035005 
0.7145673304882647 0.3083524743189694 0.2547504383497149 
0.7574423720357129 0.2586861981990429 0.2194105819188359 
0.7650955904276346 0.2506007036513259 0.21360754471367382 
0.6919361785331628 0.3356694331381338 0.2738304294486189 
0.7500133846194924 0.2712492376007468 0.2070154488880962 
0.7429987133861187 0.2750621311871364 0.22381547216745679 
0.7989847848447045 0.21775063020099772 0.20542241297359987 
0.7193240446640528 0.30413438150062655 0.24092986496931457 
0.7756045275019472 0.24309214016541514 0.19739031794483064 
0.7381431513693066 0.28183342853972193 0.2245386209565281 
0.7094665694859857 0.31305311678663117 0.2668087894785456 
0.7602732921426835 0.2588102771883699 0.20351041723368135 
0.7230859914125825 0.30092551832652537 0.23840383234075135 
0.6803400421696547 0.3477341268733628 0.2836724607643092 
0.7407884430859691 0.2775276427648443 0.22599261031226803 
0.725414715537064 0.2953685501790705 0.24907279565779605 
0.766088962700531 0.2500627174567893 0.2133799901618929 
0.6886209126245051 0.3382965410399743 0.2870029035984458 
0.7340928365349352 0.2846715999881694 0.23638562809772 
0.774136367707071 0.24332789417934975 0.19795178876152564 
0.7312487499677569 0.2879945362820764 0.23307282392208017 
0.7796659949583555 0.23572585506995358 0.20312756876463123 
0.696493539574772 0.3301075519934935 0.2695529955855642 
0.6959611379788218 0.33042346135741174 0.27160381789412325 
0.7670562682359546 0.24817659478332688 0.21592627898712036 
0.8023625665912391 0.21622111447717818 0.207638437046341 
0.7314780186681435 0.28776183139273503 0.23211066529296165 
0.6874751706013605 0.34001660933273714 0.2785777235127582 
0.7876195951842344 0.22929648198253683 0.19878833974008991 
0.7117634677172898 0.31178011010962836 0.2550936380885983 
0.7867443565571588 0.23019071414793058 0.1980596117881871 
0.7266858940153393 0.2938225133146799 0.26519218732747873 
0.7680173555093794 0.2489323169349098 0.20314577825526636 
0.7063783059660561 0.3184519813451654 0.25229060108460943 
0.7805355999179007 0.23502943410050758 0.19952082244880087 
0.6838870804439425 0.344011804278906 0.2801624662939183 
0.7213064896056947 0.30165834820350423 0.24023360155655304 
0.7001085274441681 0.3250603612826385 0.2671736953709203 
0.7410172144772408 0.2771537500258324 0.2268609775159538 
0.720328481028364 0.30240511376465085 0.24072878836428357 
0.7008743508555151 0.3245984413229295 0.2670377883942673 
0.6965676567996715 0.3300470202716258 0.2690247966536188 
0.8013807260615763 0.2163410917999291 0.2066905509803687 
0.7360113596586777 0.2833836326296536 0.2272476674857944 
0.7363031280272121 0.2845561924002451 0.222122191461103 
0.7522437363006662 0.26476697290979245 0.21900593257580692 
0.6927404619951205 0.33625661726238587 0.2707658366712603 
0.6946176472872492 0.33162104127138203 0.2759660973576571 
0.7108326059996437 0.3134581822069544 0.24813060942141718 
0.7658274447998012 0.25412369584023553 0.19899910372916918 
0.7855988277851875 0.23083031162342127 0.20596403309366063 
0.7560278695457416 0.26131695626927 0.20964552552432203 
0.7160005915295933 0.3068656854300007 0.24728390612806161 
0.7180753550833626 0.3055797402402619 0.24394675761404838 
0.6861330733173219 0.34081857983685526 0.28063356562161124 
0.685017227818346 0.34434279951636526 0.27965154388173474 
0.747794174803757 0.2710818604888813 0.2183459735799268 
0.7411210198339243 0.27824366751056473 0.2241968572308488 
0.7106243832047014 0.31280036843288617 0.2557085029208602 
0.6836516564282122 0.3445901677434545 0.2809822430499572 
0.7234121240486924 0.298991298608821 0.23991379040978889 
0.7264056685992681 0.2953984160234766 0.23438662710835267 
0.7968688099842132 0.220102465496836 0.20374259432926833 
0.7140653912105193 0.30810766781173404 0.256435450002507 
0.7886803135589788 0.2287587523821314 0.19771480777394745 
0.7685331123428918 0.24686577388734476 0.2229422722392187 
0.6963497040980164 0.32944801863752327 0.28001849052367156 
0.7438704262993023 0.2736611786296481 0.2306718724372162 
0.7828673341919961 0.23203718238470694 0.20644075556424135 
0.7114014736061496 0.31087341912013355 0.26478475556402914 
0.7671850000902347 0.24920769752162875 0.21395556737618693 
0.7213064896056947 0.30165834820350423 0.24023360155655304 
0.7070199061519873 0.3157472182796588 0.26373108866553086 
0.7397324611533329 0.2784463709614482 0.22286575912543838 
0.7999497518653711 0.21845938649086327 0.20491189774411533 
0.766969337591958 0.24845868844476537 0.2153062604755046 
0.7068794809448484 0.31611383631110923 0.26017222764933867 
0.7683187107007289 0.24690442202382457 0.21576171986037362 
0.7338915946184388 0.2848732215167402 0.23591574314567487 
0.6936415425530447 0.33343273866615664 0.2751128375310231 
0.6807331619856548 0.3473354449984607 0.2830804584339234 
0.7688316907412082 0.2470647483704803 0.21378920601671314 
0.681727475843644 0.3463209567459059 0.28347826306383683 
0.7182380710685422 0.30477441935928273 0.2467617078950065 
0.7093438422738265 0.3146889950407915 0.2526170878975077 
0.793418968481596 0.22371286981593463 0.20278240726714603 
0.7269073204701079 0.29409132845699537 0.23273171697586126 
0.7091117085120433 0.31330994196002426 0.25988911524533376 
0.7266858940153393 0.2938225133146799 0.26519218732747873 
0.7511745455681031 0.2667087238264234 0.21414366672542706 
0.7411563568476849 0.27720569194667943 0.22559541804584138 
0.6859223193281925 0.34159187846915506 0.2788319541700113 
0.752367472809605 0.2651607890357758 0.2185512561609133 
0.7625037898296998 0.2545433713308862 0.20938700020605971 
0.802814402703912 0.2155118403505134 0.20773211933164648 
0.708426187494545 0.31473334905088 0.2583317691466316 
0.7537101046363632 0.26391145149325435 0.2133846915183345 
0.7688777471185729 0.24620067148911118 0.2165054359648072 
0.7480955270743204 0.27075038933459716 0.21399960565543563 
0.7864590092170691 0.2295774557821212 0.20101881033887103 
0.7914218195756497 0.22684225401617208 0.19740794218077817 
0.7147038303918589 0.307033571410841 0.2557306070276604 
0.7487296069305917 0.2682352155396365 0.2198649010782251 
0.7529020277511791 0.2636080994401556 0.2210787874078285 
0.700743959897759 0.324632657595212 0.26806899548021534 
0.7736975170188928 0.24087539061838947 0.21775168208581608 
0.7655800309397319 0.24966644578045216 0.21834852951894745 
0.7462791781677077 0.2734507184219648 0.21162025984901556 
0.6796744009962554 0.3493244462553772 0.28202726949838086 
0.7068715690276872 0.3158048811802874 0.2604743500589144 
0.7074298407622956 0.3164840981910104 0.2533791193626024 
0.678431129899381 0.3510860970423604 0.28318700680569475 
0.7886803135589788 0.2287587523821314 0.19771480777394745 
0.7614742685631277 0.2558564029958994 0.20785448425501474 
0.7806240993117225 0.23464107533721112 0.20269674400803916 
