0 0 3 1 0 2 5 4 1 1 1103 4728 1688 1878 7 0 0 2 0 3 5 4 1 0 928 2607 51 3851 
0 0 3 1 0 2 5 4 0 1 1103 4916 1031 1878 7 0 0 2 0 3 5 4 1 0 928 2607 51 3851 
5 0 3 0 0 12 1 2 1 1 954 4694 1110 1333 3 0 0 0 0 2 3 0 1 1 974 2329 418 4112 
5 1 2 0 0 11 2 1 0 0 1242 1588 4947 3792 3 1 0 0 1 0 3 0 1 1 1312 3594 4207 1353 
0 1 3 1 0 2 5 3 0 0 1103 4728 1688 1878 6 1 0 1 0 9 5 2 1 0 657 2607 63 1353 
5 1 3 0 0 12 2 1 0 0 720 4943 4947 3792 3 1 1 0 2 4 3 0 1 1 1312 3594 1309 511 
5 1 3 0 0 12 2 1 0 0 720 4943 4947 3792 3 1 1 0 2 4 3 0 1 1 1312 4610 1309 511 
5 1 3 0 0 12 2 1 0 0 720 4943 4947 3792 3 1 0 0 2 4 3 0 1 1 1312 3594 1309 511 
7 0 3 1 0 2 5 2 0 1 1145 4943 2651 1878 6 0 0 0 0 12 5 2 1 0 974 2607 51 3851 
0 0 3 1 0 2 5 2 0 1 857 4943 2913 750 6 1 0 1 0 9 4 0 1 0 716 2607 51 3851 
5 1 2 0 0 11 2 1 0 0 1248 1588 4947 4726 3 1 0 0 2 0 3 0 1 1 1312 3594 1309 511 
1 1 3 1 0 2 5 4 0 1 1103 4728 1688 1878 6 0 0 1 0 3 5 2 1 0 897 2655 51 3851 
6 0 3 1 0 1 2 2 0 1 1103 4943 1688 943 6 1 0 0 0 2 3 2 1 0 974 2607 51 3851 
6 0 3 1 0 2 5 2 1 1 1103 4916 2439 943 6 1 0 0 0 2 5 4 1 0 928 2607 51 3851 
7 0 3 1 0 2 5 4 0 1 1103 4728 4046 1878 6 1 0 1 0 7 5 2 1 0 675 2607 456 948 
5 0 3 1 0 2 5 1 0 1 1103 4728 1688 1878 6 0 0 1 0 3 4 2 1 0 974 2607 51 3851 
6 0 3 1 0 2 5 4 0 1 1103 4916 1688 1878 6 1 0 1 0 3 5 4 1 0 974 2377 51 3851 
0 0 3 1 0 2 0 4 0 1 1145 4728 1688 750 7 0 0 1 0 3 5 4 1 0 928 2607 51 3851 
0 0 3 1 0 2 5 4 0 1 857 4943 2913 750 6 0 0 1 0 3 5 2 1 0 663 2607 51 1563 
0 0 3 1 0 2 5 2 0 1 1103 4916 1688 1878 6 0 0 1 0 14 5 2 1 0 974 2607 51 1106 
5 1 3 0 0 12 2 1 0 0 720 4943 4947 3792 3 1 0 0 2 4 3 0 1 1 595 2605 418 4112 
5 1 3 0 0 12 2 2 0 0 1242 1588 4947 3792 3 1 1 0 2 2 3 0 1 0 1407 4776 63 1353 
6 1 3 1 0 2 4 4 0 1 1103 4550 3355 987 6 0 0 0 0 15 5 2 1 0 974 2607 51 3851 
0 0 3 1 0 2 5 3 0 1 1103 4728 3541 750 6 1 0 1 0 12 5 2 1 0 1227 3113 465 1563 
6 0 3 0 0 2 2 1 1 1 1145 4943 1688 943 6 1 0 0 0 0 3 0 1 0 644 4957 465 2223 
6 0 3 1 0 2 4 4 0 1 857 4728 2342 1155 6 0 0 1 0 12 5 2 1 0 663 4920 205 1513 
5 1 2 0 0 12 1 1 0 0 1145 4943 3739 139 3 1 0 0 2 0 3 0 1 1 1362 4776 456 948 
5 0 3 1 0 12 1 2 1 1 954 4694 1110 1333 3 0 0 0 0 2 3 0 1 1 974 2329 418 4112 
5 0 3 1 0 12 1 2 1 1 954 4694 1110 1333 3 0 0 0 0 3 3 2 1 0 974 2607 51 3851 
5 1 3 0 0 12 2 1 0 0 1145 4943 4947 3792 3 0 0 0 2 10 3 0 1 0 1312 4776 418 4112 
5 0 3 1 0 2 0 2 0 1 709 4728 2342 480 6 1 0 1 0 12 5 2 1 0 897 2655 205 3732 
5 0 2 0 0 12 1 2 1 1 1103 4916 2198 750 6 0 0 0 0 3 3 0 1 0 974 2581 51 3851 
5 1 2 0 0 12 1 1 0 0 1145 4943 3739 139 3 1 0 0 0 2 3 0 1 0 778 4776 63 3875 
0 0 3 1 0 1 3 4 0 1 1111 4728 2342 1155 7 0 0 1 0 12 5 4 1 0 595 2607 51 4112 
1 0 3 1 0 2 5 2 0 1 1145 4943 2651 1878 6 0 0 0 0 4 5 2 1 0 928 2607 51 1731 
0 0 3 1 0 2 0 4 0 1 1103 4728 1688 1878 7 0 0 2 0 3 5 4 1 0 928 2607 51 3851 
5 0 3 0 0 2 2 2 0 1 1145 4943 1913 943 6 1 0 0 0 2 3 0 1 0 1016 2607 51 4112 
5 0 3 1 0 12 1 0 1 1 1103 4916 2439 750 6 0 1 1 0 12 3 1 1 1 778 2607 51 3851 
6 0 3 1 0 2 4 4 0 1 1103 4916 3355 987 6 0 0 0 0 7 5 2 1 0 974 2607 51 530 
7 0 3 1 0 2 0 4 0 1 1103 4728 1688 750 4 0 0 1 0 3 5 4 1 0 897 2377 51 4112 
5 1 3 1 0 2 2 4 0 1 857 4728 2511 1878 6 0 0 0 0 11 2 0 1 0 1070 2655 205 130 
5 1 3 0 0 12 1 2 1 1 1173 4694 4409 1333 3 0 0 0 0 2 3 4 1 0 974 2377 51 3851 
5 0 3 0 0 12 1 4 0 1 1103 4916 2439 750 6 0 1 0 0 3 3 0 1 0 878 2655 205 3851 
5 0 3 1 0 2 5 4 1 1 857 4728 2342 1155 6 1 0 1 0 12 5 2 1 0 595 2605 253 3851 
5 0 3 1 0 2 2 0 0 1 1103 4916 1688 943 6 1 0 0 0 2 3 0 1 1 928 2607 51 3851 
5 1 3 1 0 2 2 2 1 1 1145 4943 1688 2606 6 1 0 0 0 3 5 0 1 0 878 2655 205 3851 
5 1 3 0 0 12 2 1 0 0 1478 4943 3019 199 3 1 0 0 2 2 3 0 1 0 1312 4776 51 3851 
6 0 3 1 0 2 5 4 0 1 1103 4728 1688 1878 6 1 0 1 0 9 5 2 1 0 657 2607 63 1353 
6 0 3 1 0 2 5 4 1 1 1103 4728 1688 1878 7 0 0 2 0 3 5 4 1 0 595 2605 418 4112 
6 0 3 1 0 2 0 2 0 1 857 4728 2342 1371 6 0 0 1 0 3 5 2 1 0 928 2607 51 1309 
0 1 3 1 0 2 5 4 0 1 578 4728 2887 750 6 0 0 1 0 10 5 2 1 0 1040 2655 205 3777 
6 0 3 1 0 2 5 4 0 1 857 4728 1772 879 6 0 0 1 0 4 5 0 1 0 974 2607 205 1513 
5 1 3 0 0 12 2 1 0 0 720 4943 4947 3792 3 1 0 0 0 2 3 0 1 1 1222 4938 418 2071 
5 1 2 0 0 13 2 0 0 1 1103 4728 1688 2416 6 0 0 0 0 4 3 2 1 0 758 2957 205 4112 
5 0 2 0 0 12 1 2 1 1 954 4694 1110 1333 3 0 0 0 0 2 3 0 1 0 974 2329 418 4112 
5 0 3 0 0 12 1 2 1 1 578 4728 2887 750 6 0 0 0 0 10 5 2 1 0 974 2329 418 4112 
0 0 3 1 0 2 0 2 1 1 857 4943 2811 750 6 0 0 1 0 3 5 4 1 0 974 2607 51 3851 
6 0 3 1 0 2 5 2 0 1 1103 4916 2439 83 6 0 0 0 0 4 4 2 1 0 897 2655 205 3732 
6 0 3 1 0 2 0 4 0 1 1145 4815 1688 750 6 0 0 1 0 3 4 2 1 0 974 2607 51 3851 
0 1 3 1 1 2 5 4 0 1 1103 4728 1688 1878 6 1 0 0 0 6 4 2 1 0 1227 3113 465 1563 
6 0 3 1 0 2 5 3 0 1 1103 4943 3674 2506 6 0 0 1 0 3 0 2 1 0 897 2655 205 3732 
6 0 3 1 0 2 5 4 0 1 1103 4728 1688 1878 7 0 0 2 0 3 5 4 1 0 928 2607 51 3851 
0 0 3 1 0 2 5 4 1 1 1103 4916 2439 943 6 1 0 0 0 2 5 4 1 0 928 2607 51 3851 
6 0 3 1 0 2 2 0 0 1 1103 4916 3355 987 6 0 0 1 0 3 5 2 1 0 974 2329 205 1513 
6 0 3 1 0 2 4 4 0 1 1083 4943 736 1912 6 1 0 1 0 10 5 2 1 0 841 2655 205 4091 
0 0 3 1 0 2 5 4 1 1 1103 4728 1688 1878 7 0 0 2 0 3 5 4 1 0 595 2605 418 4112 
5 0 3 0 0 12 1 1 0 0 1145 4943 3894 139 3 1 0 0 2 0 3 0 1 1 1362 2607 51 4112 
0 1 3 1 0 2 5 4 0 1 534 4916 3011 750 6 0 0 0 0 11 4 0 1 0 928 2607 51 3851 
5 1 2 0 0 12 1 2 1 1 1358 4943 4947 3792 3 1 0 0 2 4 3 0 1 1 1312 3594 1309 511 
5 0 2 0 0 12 1 1 1 1 906 4694 1803 1333 6 0 0 0 0 2 3 0 1 0 974 2329 418 930 
5 1 2 0 0 12 1 2 1 0 1412 4943 4947 4726 3 1 0 0 2 0 3 0 1 1 1312 3594 1309 511 
6 0 3 1 0 2 0 2 0 1 857 4728 2342 1371 6 0 0 1 0 3 5 2 1 0 1312 4776 63 1353 
5 0 3 1 0 2 2 2 0 0 604 4916 3259 1878 6 1 0 1 0 7 5 2 1 0 1009 2607 51 2371 
5 0 3 1 0 12 1 2 1 1 954 4694 1110 1333 3 0 0 0 0 2 3 0 1 0 1040 2655 205 3777 
5 0 3 1 0 2 2 0 0 1 1059 4916 1688 750 6 0 0 0 0 3 5 4 1 0 595 2978 63 3732 
5 0 3 1 0 2 5 2 0 1 857 4943 2913 750 6 1 0 1 0 9 4 0 1 0 716 2607 51 3851 
5 1 3 1 0 2 2 3 1 1 1145 4943 1688 750 6 0 0 0 0 15 4 4 1 0 974 2607 63 1353 
6 0 3 1 0 2 3 4 0 1 1045 4728 3541 750 6 0 0 0 0 12 4 0 1 0 974 4698 51 3851 
6 0 3 1 0 2 0 2 0 1 709 4728 2174 750 7 0 0 1 0 9 5 2 1 0 644 2843 465 1563 
5 0 3 1 0 12 1 2 1 1 954 4694 1110 1333 3 0 0 0 0 2 3 0 1 0 1040 2655 51 3851 
1 0 3 1 0 2 0 2 1 1 1083 4943 2351 1912 6 0 0 1 0 3 5 4 1 0 595 2605 418 4112 
6 0 3 1 0 2 5 4 1 1 1103 4728 1688 750 6 0 0 0 0 10 5 0 1 0 974 2528 418 948 
5 1 3 0 0 12 2 1 0 0 720 4943 3019 3792 3 1 0 0 2 6 3 0 1 0 1312 3598 63 4112 
6 0 3 1 0 2 2 0 0 1 1103 4916 4178 1371 6 0 1 0 0 3 3 0 1 0 878 2655 205 3851 
5 0 3 0 0 12 1 2 1 1 954 4694 1110 1333 3 0 0 0 0 2 3 0 1 1 974 2329 418 3851 
0 0 3 1 0 2 5 3 0 0 1103 4728 1688 1878 6 0 0 1 0 8 4 0 1 0 644 2978 205 4068 
6 0 3 1 0 2 0 3 0 1 1103 4728 1688 750 6 0 0 2 0 10 4 4 1 0 974 2607 51 3851 
5 0 3 0 0 12 1 2 1 1 906 4694 1110 1333 3 0 0 0 2 6 3 0 1 1 973 4672 418 4112 
1 0 3 1 0 2 5 2 0 1 1145 4943 2651 1878 6 0 0 0 0 12 5 2 1 0 897 2614 205 3732 
5 1 3 1 0 2 2 2 0 0 604 4916 3259 1878 6 1 0 1 0 7 5 2 1 0 1009 2607 51 2371 
6 0 3 1 0 1 5 4 0 1 1103 4728 1688 1878 6 0 0 1 0 14 5 2 1 0 764 2607 51 3851 
1 0 2 1 0 2 0 1 0 1 1103 4728 2342 1155 6 0 0 1 0 12 5 0 1 0 778 4776 63 3875 
6 0 3 1 0 2 5 4 0 1 1103 4728 1688 1878 6 0 0 1 0 12 5 2 1 0 644 2843 465 1563 
6 0 3 1 0 2 0 4 0 1 1145 4815 1688 750 6 0 0 1 0 12 5 4 1 0 595 2607 51 4112 
0 0 3 1 0 2 5 4 1 1 1103 4916 3514 1313 7 0 0 1 0 3 5 2 1 0 758 2957 205 4112 
0 1 3 1 0 2 5 3 0 0 1103 4728 1688 1878 6 0 0 1 0 12 5 2 1 0 644 2843 465 1563 
5 0 3 1 0 2 2 2 0 1 604 4916 3259 2361 6 0 0 0 0 1 4 2 1 0 595 4672 418 4112 
0 0 3 1 0 2 2 2 0 1 1103 4728 1688 1878 6 1 0 1 0 7 5 2 1 0 1009 2607 51 2371 
6 0 3 1 0 2 5 2 1 1 1103 4916 3674 1878 6 1 0 1 0 3 5 2 1 0 974 4753 51 3851 
5 1 3 0 0 12 2 2 1 1 954 4694 1110 1333 3 0 0 0 0 2 3 0 1 1 974 2329 418 4112 
0 1 3 1 0 2 5 4 0 1 604 4728 2264 1878 6 1 0 1 0 3 5 4 1 0 974 2607 51 4112 
5 1 3 0 0 12 2 1 0 0 1145 4943 4947 3792 3 1 1 0 2 2 3 0 1 0 1312 4776 63 1353 
7 0 3 1 0 2 5 4 1 1 578 4728 2887 750 6 0 0 0 0 10 5 2 1 0 657 2607 51 3851 
5 1 3 0 0 12 1 2 1 1 954 4694 1110 1333 3 0 0 0 0 2 3 0 1 1 974 2329 418 4112 
6 0 3 1 0 11 0 0 0 1 1103 4916 2913 750 6 0 0 1 0 10 5 4 1 0 974 2329 418 4112 
6 0 3 1 0 2 5 4 0 1 1103 4728 1688 1878 6 1 0 1 0 9 5 4 1 0 595 2978 63 3732 
0 1 3 1 0 2 5 4 0 1 1103 4728 3541 750 6 0 0 0 0 8 4 0 1 0 716 2607 51 3851 
5 0 2 0 0 12 1 2 1 1 1145 4943 3739 139 3 1 0 0 0 2 3 0 1 0 778 4776 63 3875 
0 1 3 1 0 2 5 4 0 1 1059 4916 2913 2535 6 0 0 0 0 12 4 2 1 0 1227 2843 465 1563 
6 0 3 1 0 2 2 0 1 1 906 4694 4809 1333 6 1 0 1 0 11 4 0 1 0 974 2715 51 3851 
0 0 3 1 0 2 3 4 0 1 1083 4943 2351 1074 6 0 0 2 0 9 5 2 1 0 878 2638 51 3911 
0 0 3 1 0 2 5 3 0 0 1103 4728 1688 1878 6 0 0 1 0 2 4 2 1 0 974 2607 51 4112 
1 0 3 1 0 2 5 4 1 1 1103 4728 1688 1878 7 0 0 2 0 10 5 4 1 0 974 2607 51 3851 
5 0 3 1 0 2 2 2 0 1 1059 4916 2913 2535 6 0 0 0 0 12 4 2 1 0 1088 2607 51 3851 
6 0 3 1 0 2 0 4 0 1 1103 4916 3355 750 6 0 0 1 0 3 5 4 1 0 974 2607 51 3851 
6 1 2 1 0 1 2 2 0 1 1103 4916 3355 987 6 0 0 0 0 11 1 0 1 0 897 2655 63 3875 
6 0 3 0 0 3 2 2 0 1 1103 4916 1688 943 6 1 0 0 0 0 3 0 1 0 1499 2638 63 1270 
5 0 3 1 0 2 2 2 0 1 1059 4916 2913 2535 6 0 0 0 0 12 4 2 1 0 644 2843 465 1563 
0 0 3 1 0 2 5 4 1 1 1045 4728 1688 1878 6 0 0 1 0 14 5 4 1 0 663 2607 51 4112 
2 0 3 1 0 2 1 4 1 1 1103 4728 1688 1878 7 0 0 2 0 3 5 4 1 0 928 2607 51 3851 
6 0 3 0 0 6 2 2 0 1 1145 4818 1688 1878 6 0 0 1 0 3 3 0 1 0 1222 3323 51 3894 
6 0 3 1 0 2 2 4 0 1 604 4728 2264 1912 6 0 0 1 0 3 5 4 1 0 595 2607 51 4112 
0 0 3 1 0 2 5 4 0 1 857 4728 1772 879 6 1 0 1 0 4 5 0 1 0 974 2607 205 1513 
6 0 3 1 0 2 5 2 1 1 1103 4916 2439 943 6 1 0 0 0 8 5 2 1 0 974 2607 51 3851 
0 1 3 1 0 2 5 4 0 1 1103 4728 1688 1878 6 1 0 1 0 7 5 2 1 0 1009 2607 51 2371 
6 0 3 1 2 0 2 2 1 1 1145 4943 1688 943 6 1 0 0 0 4 4 2 1 0 974 2329 418 3851 
6 0 3 1 0 2 2 1 0 0 1103 4916 3514 1313 6 0 0 0 0 1 4 2 1 0 974 2607 51 3851 
1 0 3 1 0 2 5 2 1 1 1103 4728 1688 1878 6 0 0 1 0 8 5 2 1 0 974 3197 51 4112 
5 0 3 1 0 1 2 2 0 1 1103 4943 1688 943 6 1 0 0 0 2 3 0 1 0 974 4013 51 3851 
6 1 3 1 0 2 0 2 0 0 1103 4916 3259 750 6 0 0 0 0 3 5 2 1 0 974 3197 51 948 
5 0 3 0 0 2 2 1 1 1 1174 4943 1688 943 6 1 0 0 0 0 3 0 1 0 1040 2655 205 3777 
5 1 3 0 0 2 2 2 1 1 1145 4943 2342 2371 6 0 0 1 0 10 5 4 1 0 974 2329 418 4112 
0 0 3 1 0 2 5 4 1 1 1103 4728 1688 750 6 0 0 1 0 3 5 4 0 0 595 2607 51 3851 
6 0 3 1 0 2 0 0 0 1 1103 4728 1688 1878 6 0 0 0 0 10 5 2 1 0 974 4098 51 4112 
6 1 3 1 0 2 0 4 0 1 604 4728 3355 987 6 0 0 0 0 15 5 2 1 0 974 2607 51 1648 
7 0 3 1 0 2 0 4 0 1 1145 4728 1688 750 7 0 0 1 0 12 5 4 1 0 595 2607 51 4112 
5 1 3 0 0 12 1 2 1 1 1173 4694 4409 1333 3 0 0 0 0 11 4 0 1 0 1070 2655 205 3851 
6 0 3 1 0 12 2 4 0 1 1145 4943 1688 1878 6 0 0 1 0 3 5 2 1 0 897 2607 51 1831 
6 0 3 1 0 2 3 4 0 1 1103 4916 3514 1313 7 0 0 1 0 9 5 4 1 0 595 2605 418 4112 
5 1 2 0 0 12 2 1 1 0 545 4943 3739 139 3 1 0 0 2 0 3 0 1 1 1362 4776 456 948 
7 0 3 1 0 2 5 2 0 1 1145 4943 2651 1878 6 0 0 1 0 13 5 2 1 0 595 4738 63 3875 
5 1 2 0 0 12 1 1 0 0 1145 4943 3739 139 3 1 1 0 2 0 3 0 1 1 1362 4776 456 948 
5 0 3 0 0 2 2 1 1 1 1145 4943 1688 943 6 1 0 0 0 0 3 0 1 0 644 4957 465 3851 
5 0 3 0 0 2 2 4 0 1 1456 4728 2264 1878 6 0 0 1 0 2 3 0 1 0 778 4776 51 3851 
0 0 3 1 0 2 0 4 0 1 709 4728 2342 1371 6 0 0 0 0 10 5 0 1 0 663 2607 51 3851 
6 0 3 1 0 2 4 4 0 1 1103 4916 3355 987 6 0 0 0 0 7 5 2 1 0 974 2607 418 4112 
5 0 3 1 0 1 2 2 0 1 1103 4943 1688 943 6 1 0 0 0 2 3 2 1 0 974 2607 51 3851 
5 1 3 1 0 13 1 3 1 1 906 4694 1597 1333 6 1 0 0 0 1 3 0 1 0 974 4013 51 4112 
6 0 3 1 0 2 5 2 1 1 1083 4728 2342 1155 6 0 0 1 0 10 5 4 1 0 974 2329 418 4112 
6 0 3 1 0 2 2 2 1 1 1145 4943 1688 943 6 1 0 0 0 8 5 2 1 0 974 3197 51 4112 
5 1 3 0 0 12 1 3 0 1 1145 4943 4235 1545 3 1 1 0 0 0 3 0 1 0 644 4957 465 2223 
6 0 3 1 0 2 2 0 0 1 1103 4916 3355 987 6 0 0 1 0 3 5 2 1 0 897 2655 205 3732 
0 1 3 1 0 2 5 4 0 1 1103 4728 1688 1878 6 1 0 1 0 2 4 2 1 0 974 2607 51 4112 
7 0 3 1 0 2 0 4 0 1 1145 4916 3045 1878 5 1 0 1 0 9 5 2 1 0 974 2607 51 4112 
5 1 2 0 0 12 1 2 1 1 1173 4943 3019 199 3 1 0 0 2 0 3 0 1 0 1312 4776 51 3851 
5 0 3 0 0 2 2 1 1 1 1145 4943 1688 943 6 1 0 0 0 0 0 0 1 0 644 4957 51 3851 
6 0 3 1 0 2 0 4 1 1 1103 4728 1688 674 6 0 0 1 0 9 5 2 1 0 974 2607 51 4112 
5 0 3 0 0 2 2 2 0 1 1145 4943 1913 943 6 0 0 0 0 15 4 4 1 0 974 2329 418 4112 
7 0 3 1 0 2 5 4 0 1 1103 4916 3514 1878 6 0 0 1 0 0 5 2 1 0 897 4776 456 948 
6 0 3 1 0 2 3 0 0 1 1103 4728 1688 1878 6 0 0 1 0 3 5 4 1 0 897 2377 205 4091 
0 0 3 1 0 2 5 3 0 0 1103 4728 1688 1878 6 0 0 0 0 6 5 2 1 0 1227 3113 465 1563 
6 0 3 1 0 1 2 2 0 1 1145 4818 1688 1878 6 0 0 1 0 3 3 0 1 0 1222 3323 51 3894 
0 0 3 1 0 2 5 2 0 1 534 4916 2439 750 6 0 0 0 0 11 5 2 1 0 974 3568 228 2071 
6 0 3 1 0 2 3 4 0 1 857 4728 1688 1878 6 0 0 1 0 8 5 2 1 0 974 3197 51 4112 
5 0 3 1 0 1 2 2 0 1 1148 4728 1688 1878 7 0 0 1 0 15 4 2 1 0 571 2607 51 4112 
6 0 3 1 0 2 2 2 1 1 1145 4943 1688 943 6 1 0 0 0 0 3 0 1 0 974 2655 205 4091 
0 0 3 1 0 2 5 4 0 1 801 4916 3045 1878 6 1 0 1 0 9 5 2 1 0 1016 2607 51 4112 
0 1 3 1 0 2 5 4 0 1 1103 4728 3541 750 6 0 0 1 0 14 5 4 1 0 663 2607 51 4112 
7 0 3 1 0 2 5 2 0 1 1145 4943 2651 1878 6 0 0 1 0 13 5 2 1 0 1070 2655 205 3851 
5 0 3 1 2 3 2 4 0 0 1145 4943 2651 1878 6 0 0 0 0 12 5 0 1 0 974 2607 51 3851 
5 1 3 0 0 12 2 4 0 0 1103 4916 2198 750 3 0 1 0 1 0 3 1 1 0 595 2605 418 4112 
0 0 3 1 0 2 5 4 1 1 1103 4728 1688 1878 6 1 0 1 0 2 4 2 1 0 974 2607 51 3851 
0 0 3 1 0 2 5 4 1 0 1103 4916 3514 1313 6 0 0 0 0 1 4 2 1 0 974 2607 51 3851 
5 1 3 0 0 12 2 1 0 1 1103 4916 4178 1371 6 0 0 0 1 1 4 2 1 0 1115 2607 253 3851 
0 0 3 1 0 2 5 2 0 1 534 4916 2439 62 6 0 0 0 0 15 5 2 1 0 974 2607 51 3851 
5 1 2 0 0 12 1 2 1 1 906 4694 928 1333 6 1 0 1 0 9 4 0 1 0 716 2607 51 3851 
6 0 3 0 0 2 2 2 0 1 806 4694 1597 1333 6 1 0 0 0 0 3 0 1 0 685 2607 51 1563 
5 1 2 0 0 12 1 4 0 0 1145 4943 4947 1485 3 1 0 0 0 0 3 0 1 0 644 4776 456 948 
0 0 3 1 0 11 5 1 1 1 1103 4916 3355 750 6 0 0 1 0 3 5 4 1 0 1151 2329 418 4112 
5 0 3 1 0 2 5 2 1 1 1103 4916 2439 852 6 0 0 0 0 4 4 2 1 0 928 3323 51 3851 
6 0 3 1 0 2 0 4 0 1 1145 4728 1688 852 6 0 0 0 0 10 5 4 1 0 1461 2607 51 3851 
7 0 3 1 0 2 0 4 0 1 1145 4728 1688 750 6 0 0 1 0 3 5 2 1 0 974 1595 418 4112 
6 0 3 1 0 2 5 2 0 1 1103 4916 2439 83 6 0 0 0 0 4 4 2 1 1 969 2607 51 4112 
5 1 2 0 0 12 1 1 0 0 1412 4943 4947 3792 3 1 0 0 2 12 3 0 1 0 1312 3594 238 3581 
0 0 3 1 0 2 5 4 1 1 1045 4728 3541 750 6 0 0 0 0 12 4 0 1 0 974 4698 51 3851 
1 0 3 1 0 2 0 2 1 1 1083 4943 2351 1912 6 0 0 1 0 10 5 2 1 0 764 2607 51 3851 
6 0 3 1 0 2 4 0 0 1 791 4916 3514 1313 7 0 0 0 0 3 5 2 1 0 928 2607 51 3851 
5 0 2 0 0 12 1 2 1 1 1173 4694 4409 1333 3 0 0 0 0 2 3 0 1 1 1222 3323 51 3894 
6 0 3 1 0 2 4 4 0 1 1103 4916 3355 987 6 0 0 1 0 3 5 2 1 0 974 3197 51 3851 
0 0 3 1 0 2 5 4 0 1 1103 4728 1688 1878 6 0 0 1 0 3 5 4 1 0 974 2607 51 4112 
5 1 2 0 0 12 2 1 1 0 545 4943 4093 139 3 1 0 0 2 4 3 0 1 1 1312 3594 1309 511 
0 0 3 1 0 2 5 4 0 1 801 4916 3045 1878 6 1 0 1 0 2 4 4 1 0 974 2607 51 4112 
6 0 3 1 0 1 5 4 0 1 1103 4728 1688 1878 6 0 0 1 0 14 5 4 1 0 1461 2607 51 3851 
7 0 3 1 0 2 5 2 1 1 1145 4943 2651 1878 6 0 0 0 0 8 5 2 1 0 974 2978 205 1513 
6 0 3 1 0 2 5 0 0 1 1103 4916 3033 750 6 1 0 1 0 11 4 0 1 0 974 2607 51 3851 
0 0 3 1 0 2 0 2 1 1 1083 4943 2351 1912 6 0 0 1 0 3 5 4 1 0 595 2978 63 3732 
5 1 2 0 0 12 1 2 0 1 1173 4694 4409 1387 3 0 0 0 0 2 3 0 1 1 1222 3568 418 2071 
6 0 3 1 0 2 0 0 0 1 1103 4916 3514 1155 6 0 0 0 0 4 5 2 1 0 928 2607 51 1731 
5 0 3 1 0 2 5 2 1 1 1103 4916 2439 852 6 0 0 1 0 3 5 4 1 0 595 2978 63 3732 
5 1 3 0 0 12 2 2 1 0 1412 4694 2264 1878 6 0 0 0 2 1 3 0 1 1 1362 4776 456 948 
5 1 3 0 0 10 2 1 0 0 915 4943 3019 3792 3 1 0 0 2 6 3 0 1 0 973 4672 418 4112 
6 0 1 0 0 2 5 2 0 0 604 4728 1688 750 6 0 0 0 0 11 4 0 1 0 928 2607 51 3851 
6 0 3 1 0 1 3 4 0 1 1111 4728 2342 1155 7 0 0 1 0 12 5 4 1 0 595 2607 51 4112 
6 0 3 1 0 2 0 4 0 1 1145 4815 1688 750 6 0 0 1 0 3 5 3 1 0 974 2655 205 3851 
7 0 3 1 0 2 0 4 0 1 1103 4916 3514 856 7 0 0 1 0 3 5 2 1 0 974 2607 51 2223 
0 0 3 1 0 2 5 3 0 1 1103 4916 4178 750 6 0 0 1 0 3 4 2 1 0 974 2607 51 3851 
6 0 3 1 0 2 0 4 0 1 1249 4815 1688 750 6 0 0 0 0 12 4 2 1 0 644 2843 465 1563 
5 1 3 0 0 12 2 2 0 1 1103 4916 997 1371 6 0 0 0 0 2 3 1 1 0 778 4189 51 3851 
5 1 3 1 0 12 2 1 0 0 1145 4943 4947 3792 2 0 0 0 2 10 3 0 1 0 1312 4776 418 4112 
5 0 3 1 0 1 3 4 0 1 1111 4728 2342 1155 7 0 0 1 0 12 5 4 1 0 928 2607 51 3851 
6 0 3 0 0 2 2 2 0 0 806 4694 1597 1333 6 1 0 0 0 4 4 2 1 0 1040 2655 205 3777 
5 0 2 0 0 12 1 2 1 1 1173 4694 4409 1333 3 0 0 0 0 2 3 0 1 1 1222 4386 456 2223 
5 1 3 0 0 2 2 2 0 1 1145 4728 1688 1878 6 0 0 1 0 8 4 0 1 0 644 2978 205 4068 
0 0 3 1 0 2 5 2 0 1 1059 4916 2913 2535 6 0 0 0 0 12 4 2 1 0 1227 2843 465 1991 
6 0 3 0 0 2 2 2 0 1 1145 4818 1688 1878 6 0 0 0 0 3 5 4 1 0 595 2607 51 3541 
0 0 3 1 0 2 5 4 1 1 1145 4943 1688 750 6 0 0 0 0 15 4 4 1 0 974 2607 63 1353 
5 0 2 0 0 12 1 1 0 1 1103 4916 2439 987 6 0 0 1 0 3 5 2 1 0 974 3197 51 3851 
6 0 3 1 0 2 5 4 0 1 604 4728 2264 723 6 0 0 0 0 13 5 0 1 1 969 3323 51 3851 
5 0 2 0 0 12 1 2 1 1 1173 4694 4409 1333 3 0 0 0 0 2 4 2 1 0 1115 2607 253 3851 
0 0 3 1 0 2 5 3 0 0 1103 4728 1688 1878 6 0 0 0 0 8 4 0 1 0 644 2978 205 4068 
1 0 3 1 0 2 5 3 0 1 1103 4728 1688 1878 6 0 0 0 0 10 5 2 1 0 974 4098 51 3851 
5 1 3 0 0 12 2 1 0 1 1103 4916 2439 750 6 0 0 0 0 15 4 2 1 1 969 2607 51 4112 
5 0 3 1 0 2 0 2 1 1 1083 4943 2351 1912 6 0 0 1 0 3 5 4 1 0 595 2605 418 4112 
0 0 3 1 0 2 0 4 0 1 1103 4728 1688 1155 6 1 0 0 0 4 5 2 1 0 535 2607 51 1303 
5 0 3 1 0 2 0 0 0 1 604 4728 3355 987 6 0 0 0 0 15 5 2 1 0 776 2607 51 1648 
6 0 3 1 0 2 0 2 0 1 857 4728 2342 1155 6 0 0 1 0 12 5 2 1 0 595 2605 253 3851 
6 0 3 1 0 2 3 4 0 1 857 4728 1688 1878 6 0 0 1 0 8 5 2 1 0 974 3197 51 3109 
0 0 3 1 0 8 1 4 1 1 1103 4728 3803 879 6 0 0 1 0 3 5 4 1 0 928 2607 51 3851 
0 0 3 1 0 2 5 4 1 1 1045 4728 1688 1878 6 0 0 0 0 10 5 2 1 0 974 2505 51 4112 
5 1 2 0 0 12 2 1 1 0 545 4943 4093 139 3 1 0 0 1 8 3 0 1 1 1362 4776 418 4112 
5 1 3 0 0 12 2 1 0 0 1103 4916 2198 750 3 0 0 0 1 0 3 0 1 0 1264 2607 51 3851 
5 1 3 0 0 12 2 1 0 1 1103 4728 1688 750 6 1 0 1 0 11 4 0 1 0 974 3302 85 3851 
6 0 3 1 0 2 5 3 0 1 1103 4728 1688 1878 6 0 0 0 0 10 5 2 1 0 974 4098 51 4112 
6 0 3 1 0 2 5 2 0 1 1103 4916 1688 1878 6 0 0 1 0 14 5 2 1 0 974 2607 51 1106 
6 0 3 1 0 2 5 4 1 1 1103 4728 1688 1878 7 0 0 1 0 15 5 4 1 1 974 2329 418 4112 
7 0 3 1 0 2 5 2 1 1 1103 4916 3674 1878 6 1 0 1 0 3 5 2 1 0 974 4753 51 3851 
0 0 3 1 0 2 5 3 0 0 1103 4728 1688 1878 6 0 0 0 0 8 4 0 1 0 841 2655 205 4091 
5 1 2 0 0 12 1 1 0 0 1074 4943 4947 3792 3 1 0 0 2 0 3 0 1 1 1362 4776 51 2135 
5 0 3 1 0 2 5 2 1 1 1103 4916 2913 750 6 0 0 1 0 10 5 4 1 0 841 2655 205 4091 
5 1 2 0 0 12 1 2 1 1 906 4694 1110 1333 3 0 0 0 1 6 3 0 1 0 928 2607 51 4112 
0 0 3 1 0 2 5 4 1 1 1103 4916 3514 1313 7 0 0 1 0 3 5 4 1 0 928 2607 51 3851 
1 0 3 1 0 2 5 2 1 1 1103 4916 1688 1878 6 1 0 1 0 12 5 2 1 0 974 2978 51 4091 
5 0 3 1 0 2 5 2 1 1 1103 4728 3541 750 6 0 0 0 0 12 4 0 1 0 974 4698 51 3851 
6 0 3 1 0 1 5 4 0 1 1103 4728 1688 1878 6 0 0 1 0 12 5 2 1 0 1227 2843 51 4112 
6 0 3 1 0 2 5 4 1 1 1103 4728 1688 750 6 0 0 0 0 15 4 4 1 0 974 2607 51 4112 
6 0 3 1 0 2 2 3 0 1 1103 4916 3514 1313 7 0 0 1 0 3 5 2 1 0 758 2957 205 4112 
6 0 3 1 0 2 2 0 0 1 1173 4694 4409 1333 3 0 0 0 0 11 1 0 0 0 1070 2655 205 3851 
6 0 3 2 0 2 5 4 0 1 1103 4728 3541 750 6 0 0 0 0 8 4 0 1 0 716 2607 51 3851 
6 0 3 1 0 2 5 4 0 1 1040 4815 2913 2535 6 0 0 0 0 12 4 2 1 0 1088 2607 51 3851 
6 0 3 1 0 3 5 4 0 1 857 4728 1772 879 6 1 0 1 0 13 5 2 1 0 595 3568 228 2071 
0 0 3 1 0 2 5 2 0 1 534 4916 2439 750 6 0 0 0 0 11 4 0 1 0 928 2607 51 3851 
5 0 3 1 0 2 5 4 0 1 801 4916 3045 1878 6 1 0 2 0 9 5 2 1 0 974 2607 51 4112 
6 0 3 1 0 2 2 2 0 1 1103 4916 3355 987 6 0 0 0 0 7 5 2 1 0 974 2607 51 3851 
6 0 3 0 0 2 2 0 1 1 1145 4728 1688 1878 6 0 0 0 0 3 2 2 1 0 897 2655 205 3732 
6 0 3 1 0 2 2 2 0 1 1103 4916 3514 1313 7 0 0 1 0 3 5 2 1 0 974 4776 51 3851 
6 0 3 1 0 2 5 4 1 1 1103 4728 1688 1878 6 1 0 1 0 3 5 2 1 0 897 2655 205 3732 
6 0 3 1 0 2 5 3 0 1 1103 4728 3541 750 6 1 0 1 0 3 5 4 1 0 595 2605 418 4112 
5 0 3 1 0 1 2 2 0 1 1103 4943 1688 943 6 1 0 0 0 1 3 0 1 0 974 4013 51 4112 
7 0 3 1 0 2 5 4 1 1 578 4728 2887 750 6 0 0 0 0 10 5 2 1 0 974 2329 418 4112 
6 0 3 1 0 2 0 4 0 1 1145 4728 1688 852 6 0 0 0 0 10 5 2 1 0 897 2377 51 4112 
5 1 3 0 0 12 2 1 0 1 1017 4728 1798 1878 6 1 0 0 0 4 3 2 1 0 758 2957 205 4112 
7 0 3 1 0 2 0 2 1 1 1083 4943 2351 1912 6 0 0 1 0 3 5 4 1 0 595 2605 418 4112 
5 1 3 1 0 13 1 3 1 1 906 4694 1597 1333 6 1 0 0 0 0 3 0 1 0 974 2607 205 3732 
6 0 1 1 0 2 3 4 0 1 857 4728 1688 1878 6 0 0 1 0 8 5 4 1 0 974 3197 51 4112 
7 0 3 1 0 2 5 4 0 1 1103 4728 1688 1878 6 1 0 1 0 3 5 4 0 0 974 2607 51 3851 
1 0 3 1 0 2 0 2 1 1 1083 4943 2351 1912 6 0 0 0 0 9 5 2 1 0 878 2377 51 3851 
6 0 3 1 0 2 2 0 1 1 1103 4916 4178 1371 6 0 0 1 0 3 4 2 1 0 974 2607 51 3851 
6 0 3 1 0 2 0 4 1 1 1083 4728 3541 750 6 0 0 1 0 14 5 2 1 0 595 4672 418 4112 
0 0 3 1 0 2 5 4 0 1 857 4943 2913 750 6 0 0 1 0 10 5 4 1 0 974 2329 418 3851 
0 1 3 1 0 2 5 4 0 1 604 4728 2264 1878 6 1 0 1 0 12 4 2 1 0 644 2843 465 1008 
0 0 3 1 0 2 0 1 0 1 1295 4728 1688 1878 6 0 0 0 0 4 5 4 1 0 595 2605 418 4112 
1 0 3 1 0 2 5 4 0 1 1103 4728 1688 1878 6 0 0 1 0 3 5 4 1 0 974 2607 51 4112 
6 0 3 1 0 2 2 0 1 1 1103 4916 4178 1371 6 0 0 0 0 10 5 2 1 0 974 4698 51 3851 
7 0 3 1 0 2 0 4 0 1 1145 4728 1688 750 6 0 0 1 0 3 5 2 1 0 974 2329 418 4112 
6 0 3 1 0 2 0 4 1 1 1083 4728 2342 1155 6 0 0 1 0 12 5 2 1 0 595 2605 253 3851 
5 0 3 1 0 2 0 4 0 1 1103 4916 3355 750 3 0 0 1 0 3 5 4 1 0 974 2607 418 4112 
5 1 3 0 0 2 2 2 1 1 1145 4943 1688 943 6 1 0 0 0 0 1 0 1 1 897 4386 456 2223 
5 0 3 1 0 12 1 2 1 1 1083 4728 2342 1155 6 1 0 1 0 3 5 4 1 0 595 2605 418 4112 
5 0 3 1 0 2 2 4 0 1 1045 4728 3541 750 6 0 0 0 0 12 4 0 1 0 974 4698 51 3851 
6 0 3 1 0 2 2 2 0 0 1103 4916 3259 750 6 0 0 0 0 3 5 2 1 0 974 3197 51 948 
5 0 3 1 0 2 5 4 0 1 1103 4916 2342 1371 6 1 0 1 0 3 5 2 1 0 897 2655 205 3732 
5 1 3 0 0 12 2 1 0 1 1017 4943 3019 3792 3 1 0 0 2 6 3 0 1 0 1312 3598 63 4112 
5 1 3 0 0 2 1 3 1 1 906 4728 1688 1878 6 1 0 0 0 3 5 2 1 0 974 2329 418 3851 
5 0 3 1 0 12 1 2 1 1 1103 4916 1167 750 3 0 0 1 0 12 3 2 1 0 974 2607 51 3851 
5 0 2 0 1 12 1 2 0 1 1280 4694 1110 1333 3 0 0 0 0 2 3 0 1 1 595 2605 418 4112 
6 0 3 0 0 2 2 1 1 1 1145 4943 1688 943 6 1 0 0 0 0 3 0 1 0 644 4957 465 3851 
0 0 3 1 0 2 0 2 0 1 857 4943 2913 1878 6 1 0 1 0 2 4 2 1 0 974 2607 51 4112 
5 1 2 0 0 12 2 1 1 0 545 1588 4947 3792 3 1 0 0 1 8 3 0 1 1 1312 3594 51 4112 
5 1 3 1 0 2 0 1 1 1 857 4728 1688 1878 6 0 0 1 0 8 5 2 1 0 974 3197 51 4112 
6 0 3 1 0 2 5 2 0 1 1103 4916 2439 83 6 0 0 0 0 9 5 2 1 0 657 2607 63 1353 
6 0 3 1 0 2 2 0 1 1 1103 4916 4178 1371 6 1 0 0 0 11 1 0 1 1 928 2607 51 3851 
6 1 3 1 0 2 0 4 0 1 604 4728 2264 1444 6 0 0 0 0 13 5 4 1 0 974 2607 51 3851 
5 0 2 0 0 12 1 2 0 1 1103 4916 2439 1878 7 0 0 2 0 3 5 4 1 0 595 2605 418 4112 
5 0 3 1 0 2 5 2 1 1 1103 4916 2439 852 6 0 0 0 0 4 4 2 1 0 928 2607 51 4112 
5 0 3 1 0 12 1 2 1 1 954 4694 1110 1333 3 0 0 0 0 3 4 2 1 0 974 1253 51 3851 
5 0 3 0 0 2 2 2 0 1 1103 4728 1688 1878 6 0 0 1 0 3 5 4 1 0 897 2377 205 4091 
6 0 3 1 0 2 0 4 1 1 1083 4728 2342 1155 6 0 0 1 0 10 5 4 1 0 974 2329 418 4112 
6 0 3 1 0 2 2 2 0 0 1103 4916 3514 1313 6 0 0 0 0 1 4 2 1 0 974 2607 51 3851 
6 0 3 1 0 2 0 3 0 1 857 4943 2913 1878 7 0 0 2 0 3 5 4 1 0 928 2607 51 3851 
5 0 3 0 0 2 2 2 0 0 1103 4916 3496 750 6 0 0 1 0 12 5 2 1 0 675 2607 456 948 
6 0 3 1 0 2 2 2 0 1 782 4916 3514 1313 7 0 0 1 0 1 4 2 1 1 1115 2607 253 3851 
7 0 3 1 0 2 5 4 1 1 1103 4916 3514 1313 7 0 0 1 0 3 5 2 1 0 1077 2957 205 4112 
0 1 3 1 0 4 5 4 0 1 1103 4728 1688 1878 6 0 0 1 0 3 5 4 1 0 974 2607 51 4112 
5 0 3 1 0 12 1 2 1 1 1103 4728 1688 1878 6 1 0 1 0 2 4 2 1 0 974 2607 51 4112 
5 0 2 0 0 12 1 2 1 1 906 4694 1110 1333 3 0 0 0 1 6 3 0 1 1 973 4672 418 3481 
0 0 3 1 0 2 5 4 1 1 1045 4728 1688 1878 6 0 0 0 0 10 5 2 1 0 974 2505 51 4112 
0 0 3 1 0 2 2 2 0 1 1103 4916 3514 1313 7 0 0 1 0 3 5 2 1 0 974 2607 51 4112 
6 0 3 1 0 2 2 4 0 1 857 4728 2511 1878 6 0 0 1 0 8 1 0 1 1 974 2607 372 1712 
5 0 3 1 0 2 5 2 0 1 1145 4943 2651 1878 6 0 0 0 0 12 5 2 1 0 897 2614 205 3732 
6 0 3 1 0 2 5 2 0 1 1103 4916 2439 83 6 0 0 0 0 2 2 0 1 1 928 2607 51 3851 
7 0 3 1 0 2 5 2 0 1 1145 4943 2651 1878 6 0 0 0 0 12 5 2 1 0 897 2655 205 3732 
6 0 3 1 0 2 2 2 0 1 1103 4916 3355 987 6 0 0 0 0 7 5 2 1 0 974 2607 372 1712 
5 1 2 0 0 12 1 2 1 1 906 4694 1110 1333 3 0 0 0 1 6 3 0 1 1 973 4672 418 4112 
0 0 3 1 0 2 0 4 0 1 709 4728 2342 1371 6 1 0 1 0 3 5 4 1 0 595 2978 63 3732 
6 0 3 1 0 2 0 4 0 1 1145 4728 1688 852 6 0 0 0 0 10 5 2 1 0 974 4698 51 3851 
6 0 3 1 0 2 5 2 0 1 904 4916 2439 750 6 0 0 0 0 11 4 0 1 0 928 2607 51 4112 
5 1 2 0 0 11 2 1 0 0 1248 1588 4947 4726 3 1 0 0 2 0 3 0 1 1 1312 3594 3060 511 
5 1 3 1 0 2 2 2 0 1 1103 4916 3355 987 6 0 0 0 0 11 1 0 1 1 974 2607 372 1712 
6 0 3 1 0 2 0 4 0 1 1295 4728 1688 1878 6 0 1 0 0 3 3 0 1 0 878 2655 205 3851 
0 0 3 1 0 2 5 3 0 0 1362 4728 3541 750 6 0 0 1 0 3 4 2 1 0 974 2607 51 3851 
6 0 3 1 0 2 4 2 0 1 1103 4916 1209 987 6 1 0 0 0 9 5 2 1 0 974 2655 205 4091 
5 1 3 0 0 12 2 1 0 1 1017 4728 1798 1878 6 1 0 0 0 2 3 0 1 1 969 3323 51 3851 
6 0 3 1 0 2 0 2 0 1 709 4728 2174 750 7 0 0 0 0 9 5 4 1 0 974 2329 418 4112 
5 0 3 1 0 2 5 4 0 1 1103 4728 3541 750 6 1 0 1 0 12 5 2 1 0 1227 3113 465 1563 
7 0 3 1 0 2 5 4 0 1 1103 4916 3514 856 7 0 0 1 0 3 5 2 1 0 974 2607 51 2223 
6 0 3 1 0 2 5 4 0 1 1103 4916 2439 750 6 0 0 0 0 15 4 4 1 1 969 4087 51 3851 
5 0 3 1 0 3 2 4 0 0 1145 4943 4947 1485 3 1 0 0 0 0 3 0 1 0 644 4776 456 948 
6 0 3 1 0 2 2 0 0 1 1103 4916 4178 1371 6 0 0 0 0 2 3 1 1 0 778 4189 51 3851 
5 1 2 0 0 2 0 2 1 1 1103 4916 3045 1878 6 1 0 1 0 9 5 2 1 0 974 2607 51 4112 
5 1 3 0 0 12 2 2 1 0 1412 4694 1803 1333 3 0 0 0 1 4 3 2 1 0 928 3323 51 3851 
5 0 3 1 0 3 2 1 0 0 1145 4943 4947 1485 3 1 0 0 0 0 3 0 1 0 644 4957 465 3851 
1 0 3 1 0 2 5 3 0 1 1103 4728 1688 1878 6 0 0 0 0 10 5 2 1 0 974 4098 51 4112 
5 0 3 1 0 2 2 2 0 1 1059 4916 2913 2535 6 0 0 1 0 10 5 2 1 0 764 2607 51 3851 
6 0 3 1 0 2 5 1 0 1 1103 4916 3045 1878 6 1 0 1 0 9 5 2 1 0 974 2607 63 1353 
6 0 3 0 0 2 2 0 1 1 1145 4728 1688 1878 6 0 0 0 0 12 4 2 1 0 595 2605 253 3851 
5 1 2 0 0 12 1 2 1 0 1412 4943 4947 4726 3 1 0 0 2 0 3 0 1 0 974 4698 51 3851 
6 0 3 1 0 2 2 4 0 1 604 4728 3915 1912 6 0 0 1 0 3 5 4 1 0 595 2607 51 3851 
5 0 3 1 0 2 5 2 0 0 857 4728 2342 1371 6 0 0 1 0 3 5 4 1 0 974 2607 51 2532 
5 0 2 1 0 1 2 2 0 1 1103 4916 3355 987 6 0 0 0 0 11 1 0 1 0 897 2655 63 3875 
6 0 3 1 0 2 2 0 0 1 1103 4916 3355 987 6 0 0 0 0 11 4 0 1 0 974 2607 51 4112 
6 0 3 1 0 2 2 0 1 1 1103 4916 4178 2431 6 0 0 0 0 0 5 2 1 0 663 2607 51 4112 
5 0 3 1 0 8 5 4 1 1 1103 4728 1688 1878 4 0 0 1 0 3 5 4 1 0 897 2377 205 4091 
6 0 3 1 0 2 0 0 0 1 1103 4728 1688 1878 6 0 0 0 0 2 5 2 1 0 644 4957 465 3851 
6 0 3 1 0 2 0 4 0 1 1103 4728 1688 750 4 0 0 1 0 3 5 4 1 0 897 2377 51 4112 
5 0 2 0 0 12 1 2 1 1 1103 4916 2198 750 6 0 0 0 0 3 3 0 1 0 974 4013 51 3613 
6 0 3 2 0 2 5 4 0 1 1103 4728 3541 750 6 0 0 0 0 8 4 0 1 0 716 2607 51 3851 
5 1 2 0 0 3 2 1 0 0 720 4943 3019 3792 3 1 0 0 2 3 3 2 1 1 1362 3827 456 1513 
0 1 3 1 0 2 5 4 0 1 879 4943 3674 1878 6 0 0 1 0 3 5 2 1 0 897 2655 205 3732 
5 0 2 0 0 12 1 2 1 1 906 4694 3907 1333 3 0 0 0 1 6 3 0 1 1 973 4672 205 3732 
5 0 3 0 0 13 2 0 0 1 1103 4728 1688 852 6 0 0 1 0 12 5 2 1 0 675 2607 456 948 
1 0 3 1 0 2 5 2 1 1 1103 4916 2913 750 6 0 0 1 0 10 5 4 1 0 974 2329 418 4112 
5 0 3 1 0 2 5 3 0 0 1103 4728 1688 1878 6 0 0 1 0 12 5 2 1 0 644 2843 465 1563 
7 0 3 1 0 2 5 4 0 1 1083 4943 736 1912 6 1 0 1 0 10 5 2 1 0 974 2329 418 3851 
5 0 2 0 0 12 1 2 1 1 906 4694 1031 1878 6 0 0 0 0 3 5 4 1 0 928 2607 51 3851 
0 0 3 1 0 2 5 4 1 1 1103 4728 3541 749 6 0 0 0 0 8 4 0 1 0 716 2607 51 3851 
1 0 3 1 0 2 5 4 1 1 1103 4728 1688 1878 7 0 0 2 0 10 5 4 1 0 974 2607 51 4112 
5 0 3 1 0 12 1 2 1 1 1103 4916 2439 750 6 0 0 1 0 12 3 1 1 1 778 2607 51 3851 
6 0 3 0 0 12 2 1 0 1 936 4916 4178 1371 6 1 0 0 0 0 4 2 1 0 595 2607 51 3541 
6 0 3 1 0 2 0 0 1 1 857 4728 1772 1878 6 0 0 1 0 3 5 4 1 0 974 2607 51 4112 
5 1 2 0 0 12 1 2 0 1 1173 4694 4409 1387 0 0 0 0 0 2 3 0 1 1 1222 3568 418 4112 
5 0 3 0 0 14 1 2 1 1 605 4694 2111 1333 4 1 0 2 0 3 5 4 1 0 897 2377 205 4091 
7 0 3 1 0 2 0 4 0 1 1145 4728 1688 750 7 0 0 1 0 12 5 4 1 0 974 2329 418 3851 
5 1 2 0 0 12 1 2 0 1 1173 4694 4409 1387 3 0 0 0 0 2 3 0 1 0 1222 3568 418 2071 
0 0 3 1 0 2 5 2 1 1 1145 4943 2651 1878 6 0 0 0 0 8 5 2 1 0 974 2978 205 1513 
0 0 3 1 0 2 5 3 0 1 1103 4916 3045 1878 6 1 0 1 0 9 5 2 1 0 974 2607 51 4112 
0 1 3 1 0 2 5 3 1 1 1145 4943 2651 1878 6 0 0 0 0 8 5 2 1 0 1378 2607 51 4112 
0 0 3 1 0 2 5 4 1 1 1103 4728 1688 1878 6 0 0 2 0 3 5 4 1 0 595 2607 51 3851 
5 1 2 0 0 12 1 2 1 1 954 4694 3514 1313 7 0 0 1 0 1 4 2 1 1 1115 2607 253 3851 
7 0 3 1 0 2 5 2 0 1 660 4943 2651 1878 6 0 0 0 0 12 5 2 1 1 974 2329 418 4112 
6 0 3 1 0 2 0 2 0 1 857 4728 2342 1371 6 0 0 1 0 12 5 4 1 0 595 2607 51 4112 
5 1 3 1 0 2 0 4 0 1 1103 4916 3514 1313 7 0 0 1 1 9 5 4 1 0 595 2605 418 4112 
5 1 2 0 0 12 1 2 1 1 954 4694 1110 1333 3 0 0 0 0 2 3 0 1 1 974 2329 418 4112 
5 0 3 1 0 12 1 2 1 1 1103 4728 1688 750 6 1 3 1 0 11 3 0 1 0 1040 2655 51 3851 
5 1 3 0 0 12 2 1 0 0 1103 4916 2198 750 3 0 0 0 1 0 3 0 1 1 1312 4627 3319 511 
7 0 3 1 0 2 3 4 1 1 578 4728 2887 750 6 0 0 1 0 10 5 2 1 0 1040 2655 205 3777 
5 0 3 1 0 12 1 2 0 1 954 4694 1110 1333 3 0 0 0 0 2 3 0 1 1 1263 4776 456 948 
5 1 3 0 0 2 5 4 0 1 1103 4728 1688 1878 6 1 0 1 0 7 5 2 1 0 1009 2607 51 2371 
6 0 3 0 0 2 2 0 1 1 1145 4728 1688 1878 6 0 0 0 0 12 4 2 1 0 974 2607 51 4112 
6 0 3 1 0 2 5 4 0 1 1103 4728 1688 1878 6 1 0 1 0 9 5 4 1 0 1479 2978 63 3732 
6 0 3 1 0 2 2 0 0 1 1103 4916 4178 1371 6 0 0 0 0 2 4 2 1 0 974 2607 51 4112 
7 0 3 1 0 2 5 4 0 1 1103 4916 3514 1878 6 0 0 1 0 0 5 2 1 0 974 3197 51 3851 
5 0 2 0 0 12 1 2 1 1 906 4694 1110 1333 3 0 0 0 1 0 3 0 1 1 973 4672 418 4112 
6 0 3 2 0 2 5 4 1 1 1103 4728 1688 750 6 0 0 0 0 10 4 4 1 0 974 2607 51 3851 
5 1 3 0 0 12 2 1 0 0 1478 4943 3019 199 3 1 0 0 2 2 3 0 1 1 1312 3594 1309 511 
0 0 3 1 0 2 0 2 0 1 857 4943 2913 750 6 1 0 1 0 11 4 0 1 0 974 3302 85 3851 
0 0 3 1 0 2 0 2 0 0 1103 4916 3259 750 6 0 0 0 0 3 5 2 1 0 974 3197 51 948 
6 0 3 1 0 2 2 2 1 1 1145 4943 1688 943 6 1 0 0 0 0 2 0 1 0 974 2607 51 4112 
6 0 3 1 0 2 2 2 1 0 1145 4943 1688 943 6 1 0 0 0 0 3 0 1 0 974 2655 205 4091 
1 0 3 1 0 2 5 2 0 1 1103 4916 2913 750 6 0 0 2 0 10 5 4 1 0 974 2607 51 3851 
5 0 3 1 0 12 1 2 1 1 1083 4728 2342 1155 6 0 0 1 0 10 5 4 1 0 974 2329 418 4112 
6 0 3 0 0 2 2 1 1 1 857 4728 3731 1878 6 0 0 1 0 8 5 2 1 0 974 3197 51 4112 
5 1 2 0 0 12 2 1 1 0 545 4943 4093 139 3 1 0 0 1 0 3 0 1 1 1362 4776 63 1353 
7 0 3 1 0 2 0 4 0 1 1145 4728 1688 750 6 0 0 2 0 10 5 4 1 0 974 2607 51 3851 
5 0 3 1 0 12 1 2 1 1 1103 4916 2439 750 3 0 0 1 0 12 3 1 1 1 778 2607 51 3851 
6 1 3 1 0 2 0 2 1 1 1083 4728 2342 1155 6 0 0 0 0 15 4 4 1 0 974 2329 418 4112 
6 0 3 1 0 1 5 4 0 1 1103 4728 1688 1878 6 0 0 1 0 12 5 2 1 0 1227 2843 465 1563 
5 0 3 1 0 12 1 2 1 1 1103 4728 1688 750 6 1 0 1 0 11 4 0 1 0 974 3302 85 3851 
7 0 3 1 0 2 0 0 0 1 1103 4728 1688 750 4 0 0 1 0 3 5 4 1 0 897 2377 51 4112 
0 0 3 1 0 2 5 4 0 1 857 4943 2913 750 6 0 0 1 0 10 5 4 1 0 595 2607 51 4112 
6 0 3 1 0 2 2 4 0 1 1103 4916 2439 750 6 0 1 1 0 10 5 2 1 0 841 2655 205 4091 
6 0 3 1 0 2 4 4 0 1 857 4728 1772 879 6 1 0 1 0 4 5 0 1 0 974 2607 205 1513 
6 1 2 1 0 2 2 2 1 1 1145 4943 1688 943 6 1 0 0 0 0 3 0 1 0 974 2655 205 4091 
0 1 3 1 0 2 5 4 0 0 879 4916 3514 1878 6 0 0 1 0 0 5 2 1 0 897 4776 456 948 
6 0 3 1 0 2 0 0 0 1 1103 4728 1688 1878 6 1 0 1 0 12 5 2 1 0 663 2607 205 1513 
5 0 3 0 0 2 1 2 1 1 1103 4916 164 750 6 0 0 0 0 3 3 2 1 0 974 2607 51 3851 
6 0 3 1 0 2 0 0 0 1 1103 4728 1688 1878 6 1 0 1 0 12 5 2 1 0 663 2607 51 4112 
5 1 3 1 0 2 2 2 0 0 604 4916 3259 750 6 0 0 0 0 2 3 0 1 1 1312 4581 238 3851 
7 0 3 1 0 2 5 2 1 1 1083 4524 2351 1912 6 0 0 1 0 3 5 4 1 0 595 4474 418 4112 
7 0 3 1 0 2 5 4 0 1 857 4728 2342 1155 6 0 0 2 0 12 5 2 1 0 595 2605 253 3851 
6 0 3 1 0 2 2 2 1 1 1145 4943 1688 943 6 1 0 0 0 0 3 0 1 0 878 2638 63 1270 
5 1 2 0 0 12 2 1 1 0 545 1588 4876 3792 3 0 0 0 1 0 3 0 1 1 897 4386 456 2223 
6 0 3 1 0 2 0 2 0 1 709 4728 2174 750 6 0 0 1 0 10 5 2 1 0 1040 2655 205 3777 
0 0 3 1 0 2 5 4 0 1 1103 4916 3514 1313 7 0 0 1 0 1 4 2 1 1 1115 2607 253 3851 
5 1 1 0 0 12 2 0 1 0 760 4694 1803 1333 3 0 0 0 0 2 3 0 1 0 897 2607 51 4112 
6 0 3 1 0 2 5 4 1 1 1103 4728 1688 750 6 0 0 0 0 15 4 4 1 0 974 1025 51 4112 
5 1 1 0 0 12 2 2 1 0 760 4694 1803 1333 3 0 0 0 0 2 3 0 1 0 897 2655 205 3851 
6 0 3 1 0 2 5 2 0 0 1103 4916 4178 750 6 1 0 1 0 6 1 2 1 0 675 2607 456 948 
5 1 3 0 0 12 2 1 0 1 904 4916 2439 750 6 0 0 0 0 11 4 0 1 0 928 2607 51 4112 
0 1 3 1 0 2 0 2 1 1 857 4943 2811 750 6 0 0 1 0 3 5 4 1 0 974 2607 51 3851 
5 0 3 0 0 13 2 0 0 1 1103 4728 1688 852 6 0 0 0 0 4 3 2 1 0 758 4269 205 4112 
0 1 3 1 0 2 5 2 1 1 1103 4728 2342 1155 6 0 0 0 0 10 5 4 1 0 974 2607 51 3851 
1 0 3 1 0 2 0 2 1 1 1083 4943 2351 1878 7 1 0 0 0 3 5 2 1 0 897 2655 51 3851 
7 0 3 1 0 2 5 2 0 1 1145 4943 2651 1878 6 0 0 0 0 12 5 2 1 0 974 2607 51 4112 
6 1 3 1 0 2 0 2 0 0 1103 4916 3259 750 6 1 0 0 0 12 4 2 1 0 1088 2607 51 3851 
7 0 3 1 0 2 0 4 0 1 1103 4728 1688 750 6 0 0 1 0 14 5 4 1 0 663 2607 51 4112 
7 0 3 1 0 2 5 4 1 1 578 4728 2887 750 6 0 0 0 0 10 5 2 1 0 974 4098 51 4112 
7 0 3 1 0 2 5 4 0 1 1083 4943 736 1912 6 1 0 1 0 10 5 2 1 0 841 2655 205 4091 
5 1 3 0 0 12 2 1 0 0 1478 4943 3019 199 3 1 0 0 2 2 3 0 1 1 1312 3594 1309 511 
6 0 3 1 0 2 0 1 1 1 1148 4728 1688 1878 7 0 0 1 0 15 4 2 1 0 974 2607 51 4112 
6 0 3 1 0 2 1 4 1 1 1083 4728 2342 1155 6 0 0 1 0 10 5 4 1 0 974 2329 418 4112 
6 0 3 0 0 2 2 0 1 1 1145 4728 1688 1878 6 0 0 0 0 12 4 2 1 0 595 4672 418 4112 
1 0 3 1 0 2 5 2 1 1 1103 4916 928 750 6 0 0 1 0 10 5 4 1 0 974 2329 418 4112 
0 1 3 1 0 2 5 4 0 1 1045 4728 3541 750 6 0 0 0 0 12 4 0 1 0 974 4698 51 3851 
0 0 3 1 0 2 0 2 1 1 857 4943 2811 750 6 0 0 1 0 10 4 4 1 0 981 2607 51 3851 
5 0 3 0 0 12 1 2 1 1 954 4694 1110 1333 3 0 0 0 0 2 4 2 1 0 974 2607 51 4112 
5 1 3 0 0 2 2 1 1 1 1145 4943 1688 943 6 1 0 0 0 0 3 0 1 0 644 4957 3091 2223 
5 0 3 1 0 2 2 2 0 1 713 4943 3674 1878 6 0 0 1 0 12 4 2 1 0 595 4672 418 4112 
0 0 3 1 0 2 0 4 0 1 709 4728 2342 1371 6 1 0 0 0 4 4 2 1 0 928 2607 51 4112 
1 0 3 1 0 2 0 2 1 1 1083 4943 2351 1912 6 0 0 1 0 3 5 4 1 0 595 2978 63 3732 
0 0 3 1 0 2 5 4 0 1 801 4916 1688 1878 6 0 0 0 0 10 5 2 1 0 974 4098 51 3851 
0 0 3 1 0 11 5 1 1 1 1103 4916 3355 750 6 0 0 1 0 3 5 4 1 1 1151 2607 51 3851 
6 0 3 1 0 0 2 2 1 1 1145 4943 1688 943 6 1 0 0 0 4 4 2 1 0 974 2329 418 4112 
6 0 3 1 0 2 2 0 0 1 1103 4916 3355 750 3 0 0 1 0 3 5 4 1 1 974 2607 418 4112 
0 0 3 1 0 2 0 2 0 1 857 4728 2342 1371 6 0 0 1 0 3 5 2 1 0 928 2607 51 1309 
0 0 3 1 0 2 5 4 1 1 1103 4728 1688 1878 7 0 0 1 0 15 5 0 1 1 974 2607 51 3851 
7 0 3 1 0 2 0 2 1 1 1390 4916 3045 1878 6 1 0 1 0 9 5 2 1 0 974 2607 51 4112 
6 0 3 1 0 2 3 0 1 1 1103 4916 2913 750 6 0 0 1 0 10 5 4 1 0 974 2329 418 4112 
5 1 3 0 0 12 2 1 0 0 720 4943 3019 3792 3 1 0 0 2 6 3 0 1 0 1312 3598 63 4112 
6 0 3 1 0 2 5 2 0 1 1103 4916 2439 83 6 0 0 0 0 4 4 3 1 0 928 2607 51 3851 
5 1 2 0 0 12 1 1 0 0 1145 4943 3367 139 3 1 0 0 0 2 3 0 1 0 1016 2607 51 4112 
6 0 3 0 0 2 2 2 0 1 1145 4818 3674 863 6 0 0 0 2 6 1 0 1 0 974 2607 205 948 
0 0 3 1 0 2 5 2 0 1 534 4916 2439 750 6 0 0 0 0 11 4 0 1 0 644 2843 465 1563 
6 0 3 1 0 2 2 0 0 1 1103 4916 4178 1371 6 0 0 1 0 9 5 2 1 0 672 2843 465 1563 
5 1 3 1 0 2 2 2 0 0 604 4916 3259 750 6 0 0 0 0 2 3 0 1 1 1312 4581 238 1369 
6 0 3 1 0 2 5 3 0 1 1103 4728 1688 1155 6 1 0 0 0 4 5 2 0 0 644 2843 465 1563 
6 0 3 1 0 2 2 0 0 1 1103 4916 4178 1371 6 0 0 0 0 6 3 0 1 1 974 2329 418 4112 
1 0 3 1 0 2 0 2 1 1 1083 4943 2351 1878 7 1 0 0 0 3 5 2 1 0 897 2655 51 3851 
6 0 3 1 0 2 5 1 0 1 1408 4916 3045 1878 6 1 0 1 0 9 5 2 1 0 595 2605 253 3851 
6 0 3 1 0 2 2 2 0 1 1103 4916 3355 987 6 0 0 0 0 2 5 4 1 0 928 3115 51 3851 
5 1 2 0 0 12 1 1 0 0 1412 4943 4947 3792 3 1 0 0 2 15 3 0 1 0 1312 3594 238 3581 
6 0 3 0 0 1 2 2 0 1 1103 4943 1688 943 6 1 0 0 0 2 3 2 1 0 1459 2607 51 3851 
6 0 3 1 0 2 5 4 1 1 642 4728 1688 750 6 0 0 1 0 0 5 0 1 0 974 2607 51 3851 
6 0 3 1 0 2 2 2 1 1 1145 4943 1688 943 6 1 0 0 0 0 3 0 1 0 974 3827 456 1513 
6 0 3 1 0 2 0 3 0 1 857 4943 2913 750 6 0 0 1 0 3 5 2 1 0 663 2607 51 1563 
1 0 3 1 0 1 5 4 0 1 1103 4728 1688 1878 6 0 0 1 0 14 5 4 1 0 1461 2607 51 3851 
0 0 3 1 0 2 5 4 0 1 604 4728 2264 1878 6 1 0 1 0 3 5 4 1 0 974 2607 51 4112 
6 0 3 0 0 6 2 2 0 1 1145 4818 1688 1878 6 0 0 1 0 3 3 0 1 0 1040 2655 205 3777 
0 0 3 1 0 2 5 0 0 1 604 4728 2264 1878 6 1 0 1 0 3 5 4 1 0 974 2607 51 4112 
0 0 3 0 0 2 2 2 0 1 1145 4818 1688 1878 6 0 0 1 0 3 5 4 1 0 595 2607 51 3541 
0 0 3 1 0 2 0 3 0 1 1103 4728 1617 1176 6 0 0 0 0 3 5 4 1 0 595 2978 63 3732 
5 1 2 0 0 12 1 1 0 0 1145 4943 3739 139 3 1 0 0 0 2 3 0 1 1 663 2607 51 1563 
6 0 3 1 0 2 0 4 0 1 1103 4728 1688 1878 7 0 0 2 0 3 5 4 1 0 928 2607 51 3851 
6 0 3 1 0 3 5 4 0 1 857 4728 1772 879 6 1 0 0 0 12 5 2 1 0 897 2655 205 3732 
6 0 3 1 0 2 5 2 0 0 1103 4916 4178 750 6 1 0 1 0 6 1 2 1 0 675 2607 456 948 
5 1 3 1 0 2 2 2 0 0 604 4916 3259 1878 6 1 0 1 0 7 5 2 1 0 928 2607 51 3851 
6 0 3 0 0 2 2 2 0 1 1145 4818 1688 1878 6 0 0 1 0 3 5 4 1 0 595 2607 51 3541 
0 0 3 1 0 2 5 4 0 1 1103 4728 1688 750 6 0 0 1 0 10 4 4 1 0 974 2607 51 4112 
6 0 3 0 0 2 2 2 0 0 806 4694 1597 1333 6 1 0 0 0 4 4 2 1 0 974 2329 418 3851 
5 1 3 0 0 2 2 3 1 1 1145 4943 1688 750 6 0 0 0 0 15 4 4 1 0 974 2607 63 1353 
5 1 3 0 0 12 2 1 0 0 720 4943 4947 3792 3 1 0 0 2 4 3 0 1 1 1312 4610 1309 511 
6 0 3 1 0 2 5 2 0 1 1103 4916 2887 750 6 0 0 0 0 10 5 2 1 0 974 2329 418 4112 
5 0 3 0 0 2 2 2 0 1 1145 4943 2342 480 6 1 0 1 0 12 5 2 1 0 897 2655 205 3732 
6 0 3 0 0 2 2 1 1 1 1145 4943 1688 943 6 1 0 0 0 0 3 2 1 0 974 3197 51 1747 
5 1 3 1 0 2 2 2 1 1 1145 4818 1688 1878 6 0 0 1 0 3 5 4 1 0 595 2607 51 3541 
5 1 2 0 0 13 2 0 0 1 1103 4728 1688 2416 6 0 0 0 0 2 3 0 1 1 969 3323 51 3851 
5 1 2 0 0 12 1 2 1 1 1173 4943 3019 199 3 1 0 0 2 0 3 0 1 0 1312 4776 51 4112 
6 0 3 1 0 2 5 2 0 1 1103 4916 2439 852 6 0 0 0 0 4 4 2 1 0 928 3323 51 3851 
6 0 3 1 0 2 2 2 0 0 1103 4916 3514 1313 6 0 0 0 0 1 4 2 1 0 974 2607 51 4112 
6 0 3 1 0 2 2 2 1 1 1145 4943 1688 943 6 1 0 0 0 8 0 2 1 0 974 3197 51 4112 
7 0 3 1 0 2 5 2 0 1 1145 4943 2651 1878 6 0 0 0 0 12 5 1 1 0 595 2605 418 4112 
6 0 3 0 0 2 2 2 0 0 806 4694 1597 1333 6 1 0 0 0 0 3 0 1 0 1262 2607 51 1563 
6 0 3 1 0 1 2 2 0 1 1103 4943 1688 943 6 0 0 0 0 2 3 2 1 0 974 2607 205 948 
5 0 3 1 0 2 2 4 1 1 1083 4728 2342 1155 6 0 0 1 0 10 5 4 1 0 974 2329 418 4112 
0 0 3 1 0 2 5 4 1 1 1103 4728 1688 1878 7 0 0 1 0 15 5 4 1 1 974 2607 51 3851 
6 0 3 1 0 2 5 4 0 1 857 4728 1772 879 6 0 0 1 0 4 5 0 1 0 974 2607 51 3851 
0 0 3 1 0 2 0 2 0 1 857 4728 2342 1155 6 0 0 1 0 12 5 2 1 0 595 2605 253 3851 
0 0 3 1 0 2 5 4 1 1 1103 4728 1688 1878 7 0 0 2 0 3 5 4 1 0 928 2607 51 3851 
5 1 2 0 0 12 1 1 0 0 1145 4943 3367 139 3 1 0 0 0 2 3 0 1 0 1016 2607 51 4112 
5 1 3 0 0 2 2 2 1 1 1145 4943 1688 2606 6 1 0 0 0 4 4 3 1 0 603 2607 51 3851 
5 0 3 0 0 2 2 1 1 1 1174 4943 1688 943 6 1 0 0 0 0 3 0 1 0 1040 2655 205 2885 
