0.7833205347467672 0.23421948955632 0.19265461147969998 
0.6793811663266736 0.34973529196173403 0.28298674238213506 
0.8079953699487541 0.21274452807679323 0.2118678424959255 
0.6792915528231818 0.34950969612323335 0.2848428005489695 
0.6939293217804503 0.33264924090771897 0.2892286263467597 
0.8079953699487541 0.21274452807679323 0.2118678424959255 
0.8032187137689932 0.2142133125876272 0.20744437046344022 
0.8066052667515851 0.21295181629706628 0.21154612381360016 
0.7344586810353524 0.2842978440715044 0.23487128935770563 
0.69170769072569 0.33491664256239173 0.288005086619324 
0.7022176087387997 0.32193547693824576 0.26367685052773493 
0.8066052667515851 0.21295181629706628 0.21154612381360016 
0.6953886847059079 0.33117914527921766 0.2718343926091057 
0.6871989774911145 0.3397341134525277 0.28085486135494875 
0.7280397901624587 0.2921491341581204 0.23800153448454364 
0.736210799660774 0.28250688577632976 0.233561658844885 
0.6838693954261855 0.34355354474973976 0.2832677010176833 
0.7018501659202169 0.3226264651680538 0.26313741989022843 
0.781490836853285 0.23572797975791693 0.19432256732367936 
0.8021264750613535 0.21485217119363942 0.20697763407887237 
0.7596122911398362 0.25714026646591714 0.22091601490542545 
0.7318861898876288 0.287345485194487 0.22993148499068727 
0.7988416659287978 0.2181549074214374 0.20472319051154875 
0.7202597042528276 0.30182451739735694 0.24331234996311957 
0.7350617226555161 0.28397963346176514 0.23638791625863098 
0.6849758665644572 0.34200167524218317 0.28602472245831423 
0.680781534443905 0.3485526217174598 0.2813985621217353 
0.7706951590985425 0.24414998971180812 0.2184697869083091 
0.7367181331768249 0.2832315970121202 0.22308062091775083 
0.6854049258049655 0.34156268366623 0.281147258441208 
0.8079945989930053 0.21274694585621756 0.21170785971782424 
0.6920828796744677 0.33552244112857577 0.2748164663358238 
0.7857064240089635 0.23178763723630758 0.19494503039112487 
0.8014864420941319 0.2147237343645415 0.20719903524659744 
0.7912867878144014 0.22491888558276063 0.20078093128902885 
0.694181977657199 0.33215938112470156 0.2758402982003635 
0.762358532450884 0.25364823638481926 0.21612885536097204 
0.7692574476667183 0.2463861210235534 0.21020608394444784 
0.7722127599516434 0.24369843125518298 0.2112000462751208 
0.7353676959968007 0.2832647095504194 0.23237739849341454 
0.7444627582787322 0.273927984872111 0.2214881224710059 
0.6887526581940819 0.33812063918138957 0.2785389018229555 
0.6948671590137263 0.3317973820021233 0.2691375319366157 
0.7273441957601141 0.29269792535325945 0.2353149812151646 
0.7295345991982656 0.290325700526447 0.23153843079072212 
0.8012431630636825 0.2149045111685225 0.20788950757389701 
0.7146259765048326 0.30734791514978865 0.2668387967701584 
0.7179606690730505 0.30818948690369363 0.24208546740010262 
0.7042473976570456 0.3219901531557654 0.2552607872607444 
0.735744209379328 0.28256311857680116 0.2340581375178532 
0.6836241223208984 0.3439637847173609 0.2871694853668937 
0.7402038615290475 0.2792713956757278 0.21962604383972273 
0.7114763466622072 0.31075042584070856 0.2573726119737899 
0.7871398629311129 0.22784175466068846 0.20203654086210354 
0.7806552424145909 0.2361848839486732 0.19963369818904675 
0.7245565082589658 0.29725081891848903 0.2372919711701308 
0.7961510313409047 0.22014560871511935 0.2041389052025253 
0.7481405254591023 0.2696056577664513 0.23176852029468642 
0.7795630037069513 0.23682374255468563 0.1991669618044789 
0.6990355298072362 0.3265839597572563 0.2709124189437635 
0.7876095347097191 0.22856654514487995 0.19811263373508625 
0.7475713772625041 0.2711259427898495 0.21308977174793342 
0.6861071773928191 0.34225962898325657 0.2791760799649514 
0.7831034191513689 0.23344337460956344 0.1994244053470493 
0.7796756136483101 0.23759140623142494 0.19672512544646492 
0.6842822131938375 0.343133315309356 0.28059073957478076 
0.7837563662581402 0.23383918673228543 0.19390242789235346 
0.6810436771025172 0.3470175474958045 0.28368246315648815 
0.7647531136750556 0.25286180074132747 0.2127579759204994 
0.7259070229397695 0.2963740410220562 0.24066054967010841 
0.6957055722438535 0.3305605501106319 0.2696865277200978 
0.6862144085527061 0.3407380035279868 0.28571413176205585 
0.6876836317509094 0.33914380921456344 0.2800450136697181 
0.7391948039843539 0.2802994866181907 0.21879765667535023 
0.7336869365587679 0.2856075070744857 0.23002840722895856 
0.7200679533870723 0.3023592944828455 0.24750798042261213 
0.7622177318727759 0.25641664729181846 0.204267700718065 
0.6971076355521255 0.32896887784011053 0.2699644007520372 
0.778935189066209 0.23646534731755264 0.20966081789725632 
0.7135036877559905 0.30980977830288425 0.2502868584661483 
0.7241952602795425 0.2975152191970758 0.23690449773133315 
0.7152551437413579 0.30775834632304266 0.2484647250920109 
0.691658368706684 0.335157412627916 0.27786431952259283 
0.7322991595260436 0.28692317219635255 0.2329198514442884 
0.7158572740043416 0.3101947589585702 0.24127642727736986 
0.7002506921168681 0.32491909033965694 0.26852794879715025 
0.6846415997080462 0.34381878311458713 0.2794624245882761 
0.7756808861022138 0.24048518960431153 0.20105241335446733 
0.7677603449152484 0.2472382846828085 0.21805512625008294 
0.6801094785521142 0.34797162517659375 0.2838086485985949 
0.741910954200433 0.2769827899261986 0.22030151073609228 
0.7526781998371767 0.26452182470934105 0.22395476847384643 
0.7213568250063827 0.30037124696710393 0.2524915385552108 
0.6961776466170795 0.33005766361875877 0.2738990168665003 
0.6945682565529799 0.33242394411223686 0.27058313903578135 
0.6823890700119262 0.3450633899374058 0.282227786205243 
0.7864655088219759 0.22973378304909797 0.19781241309665087 
0.7717853788899312 0.2448103234965362 0.20122750024630032 
0.7895904479852819 0.2266520797667937 0.20040221869986397 
0.7827215981690488 0.2343239314347313 0.19551507613648922 
0.7429085189552224 0.27483601438307825 0.22613339870876792 
0.7996006288572285 0.21824120907871025 0.2039472737158179 
0.7652682043227914 0.2510836176411718 0.2199092856968179 
0.7267362172716137 0.2940172218695437 0.23416230097342017 
0.6950787805147074 0.3311788254561706 0.2736915467705069 
0.714965234834068 0.30773615380092134 0.2494006329156463 
0.7769148208305996 0.23922621863019822 0.20201851031282891 
0.6868392584881784 0.3400992802826851 0.2809862824032131 
0.6813382553494467 0.34613456934839604 0.2829386989629856 
0.7606399067494996 0.25849335352219927 0.20485477082839276 
0.7999010818677086 0.21649069416255318 0.20500243551140296 
0.7725452418596127 0.24325865633782928 0.21496968523645676 
0.7775472391887843 0.23824633333432366 0.2004065409764566 
0.6997032756037582 0.32547513615763535 0.26729304418127775 
0.7601118476780463 0.2589382314423656 0.20313805542149155 
0.768677670722314 0.24876787613914142 0.20831614592123504 
0.723682505698197 0.29797707980882837 0.24036682642439555 
0.7161932998714473 0.30552005523292514 0.25804673864861283 
0.7996802153321831 0.2165686938345749 0.2055320192512643 
0.7220092912091247 0.29935850577818557 0.24657655398555978 
0.774982538853955 0.24029485721264499 0.20176204869296654 
0.7576822503334327 0.25996661598613346 0.21953920545351246 
0.7307765226049898 0.28869073892199004 0.23332673835705564 
0.7842752135721569 0.23243350772337334 0.19469157845684038 
0.7948533545713811 0.22123891050464872 0.20689324523515684 
0.7194319340893929 0.3033130513020248 0.24579740958530716 
0.7006319131158525 0.32567203617492513 0.26625880423726 
0.7533553200382884 0.2647688713446781 0.21822483057146203 
0.7853854003412785 0.23232504613383742 0.19349609059102635 
0.7459295757360221 0.27266191794760997 0.21669746471305906 
0.7448695765644632 0.2730480628722791 0.22630160291303836 
0.6993889483090905 0.3265162167602246 0.2651935679680153 
0.7937274814079941 0.2230023106015956 0.20087075648137986 
0.7483687606391909 0.2699953232859621 0.21342530427986373 
0.7275824418686139 0.292454845287194 0.23539707820542644 
0.681926196099583 0.3455356554526784 0.2827110916664378 
0.7635844239010724 0.25447082889931405 0.20949313601139408 
0.7073055530063641 0.3154564380389311 0.26283071965669236 
0.7967108982970414 0.2191332838323009 0.2077208286069634 
0.7473224166192715 0.2715851060538943 0.21728636604710128 
0.6805669493074324 0.34750487244713224 0.28286974210062377 
0.7339651793036902 0.2866894993653246 0.22878239167096137 
0.6893360933893451 0.3377621143707352 0.28429941398194847 
0.7271574862822122 0.29326116116657075 0.24786607434243224 
0.7904028765817789 0.2252326178568267 0.2000621520061283 
0.6828152585746823 0.3446290697902915 0.28390872925973987 
0.7929595792241158 0.22332030713557227 0.201629040365925 
0.7284144806113099 0.2916050002126076 0.23711603687143512 
0.6926235781761221 0.3337759429466569 0.2867176318359995 
0.7844639818466808 0.23400479374328653 0.1933590625808166 
0.7382681926306877 0.28164856560265883 0.22346798400268764 
0.7900479341036344 0.2280328028380081 0.19628047190426978 
0.766022806919299 0.25051946989859974 0.2109952490901238 
0.7186345365552642 0.30357112782153894 0.2492425515894683 
0.6959865049872556 0.3302526834673434 0.2735732677026994 
0.706106295770911 0.3188682438878704 0.257678103191295 
0.7014808257261771 0.32388461344233066 0.26571606249127544 
0.7309112167133928 0.288559128824717 0.23121242495385708 
0.6884451125498519 0.33866634704291754 0.28568051722873855 
0.7341992314173706 0.2849844960387663 0.23087610023674332 
0.7054235099597377 0.3173751955812387 0.26162994775682025 
0.7189497730363199 0.3042650879345409 0.24251422969018188 
0.7454318323394952 0.2720501834166211 0.22569797366645228 
0.6865639465176994 0.3403816184110964 0.28031541476373456 
0.7649122351989076 0.2517106965810729 0.20975958396177907 
0.7558799706269451 0.26148630573517784 0.2147574000049146 
0.7667765000760512 0.25029436740295774 0.20524501656619087 
0.8031383197043653 0.21394345881243326 0.21010608220415639 
0.7026878559565932 0.3214532524965533 0.2625110855710139 
0.7172590738470834 0.3041634753922292 0.2621137180928663 
0.7820763749300333 0.23548890313983972 0.1928159066434787 
0.6889894123027334 0.3380401572419103 0.2776539172492757 
0.732663540317545 0.286127223050087 0.23074525868538265 
0.7644494740732953 0.2509849691364835 0.22072662367773588 
0.7086402574548336 0.3138760123930131 0.26191783735850427 
0.7182320431083653 0.3030140251022978 0.26004842785995874 
0.7493469076709445 0.2688931257366587 0.2123005945995079 
0.7112198435675001 0.3109455742244964 0.25882215891952187 
0.7715372976466216 0.24514612642507327 0.2039665381797331 
0.6897608165230708 0.33702447885140707 0.28106132983854804 
0.7633495695652973 0.2555432311936997 0.2056209597266656 
0.7980923840658123 0.21844385066899485 0.20364154190640804 
0.731380700505321 0.2880294115974561 0.22938153650101045 
0.6971988949513432 0.3284539895777536 0.2692581037303535 
0.7890080469374026 0.22909387067183584 0.19644075475125244 
0.688204396860523 0.33883968100145745 0.27702369408084193 
0.7198829158702756 0.3028586980633955 0.23977192407123515 
0.7984763703460279 0.21754334248951834 0.20802104924539877 
0.7327187683935981 0.29131743811360966 0.2273320911659319 
0.7388005695841111 0.2792386648010531 0.22469184630729744 
0.7643037920166849 0.2519170135416712 0.2138305491383098 
0.7471249582717261 0.27178716806768 0.21645759968494227 
0.7018035896805097 0.32347246697822607 0.2762831360733572 
0.7263993149706696 0.29457265702841084 0.24883691204378755 
0.7536370399482799 0.2670661754513677 0.20812501245280968 
0.7746462846896882 0.2430172077749818 0.1970500506840862 
0.6797966491522676 0.3489958500304796 0.2845091261634637 
0.7396008229246451 0.27842367303043525 0.22636976708972623 
0.7052611137955929 0.31998607931004486 0.2521041638160172 
0.7289661734675204 0.2909491040017932 0.23364441211524523 
0.7106257354634226 0.31273623259594663 0.2585864523022626 
0.7839508870384861 0.23255456633529648 0.19438138300839325 
0.6859203041969821 0.3412442970965298 0.28209546477304226 
0.7861011283268025 0.23004366957751343 0.19790551057083028 
0.7036259514958023 0.3233287140445532 0.2564205245680584 
0.7350116828894449 0.2869482941734851 0.22799983468814944 
0.7378126809124297 0.2808753816808426 0.2363690974361421 
0.7511901461010302 0.2678884161712509 0.20901970877255838 
0.8007906289267099 0.2158365461030436 0.20955906694200488 
0.7315246997888977 0.28772184660246525 0.23218704629714537 
0.7555637795179577 0.2610025507648829 0.22227288857252547 
0.7223983256141403 0.2997097990072647 0.23930621489270532 
0.6858331193992115 0.34260556541640164 0.27985993529886166 
0.6993744399731248 0.3258106437859549 0.2686450059004928 
0.773132371521173 0.2424405294282257 0.21357211225862538 
0.7739837893474569 0.2408984274277961 0.21773423841993766 
0.8003581369290331 0.21587493257634616 0.206067883539498 
0.7234072782111026 0.29868181514189784 0.24013282627706878 
0.7102146510388765 0.31206688837443963 0.26605127331115863 
0.7785881199824053 0.2395646030696319 0.1958395893365107 
0.7758500741668384 0.24008778722239854 0.2074218760298303 
0.7952399633834848 0.22135406261835 0.20218945382861575 
0.7539544438527268 0.26408465030967987 0.21364018902930015 
0.6931731596154427 0.33412676615057135 0.27524014990834955 
0.7592698946711354 0.2579034596577632 0.21220189273380397 
0.800776761753225 0.21607159661714825 0.2051660777743588 
0.716774715839454 0.30542909468541457 0.2547545318411082 
0.6810948728822545 0.3468070651427805 0.2838982701887337 
0.7171283734085006 0.30595875301030895 0.24698729780085726 
0.7932923794173073 0.22430012741560945 0.19959279049685785 
0.7957044070512727 0.22088027917610709 0.2023503689616648 
0.6832710600957992 0.34437390016713265 0.2824690580201106 
0.7089085493608092 0.3149723356303181 0.25378945015055154 
0.6849909933299266 0.34292385628631084 0.2787100804482153 
0.6965595947267913 0.32957079107485665 0.27072872760068756 
0.7712073422675788 0.2445011652027892 0.21448671068805392 
0.8031700641708877 0.21390898546668824 0.21009478040476326 
0.7193815041773144 0.30452602773203596 0.24199247796445877 
0.7101172632702571 0.3121653860399246 0.25968857150578295 
0.7064331426115682 0.3180818624935181 0.25316863924801336 
0.7540693392798907 0.26365070194578166 0.21142213435798562 
0.745732164437442 0.2735678088331823 0.2179101351372167 
0.771284468640609 0.243898017269511 0.21254249616049548 
0.7211900427161255 0.3020990002497036 0.24284641311962896 
0.7190373900301065 0.3066129421446744 0.24085835742404205 
0.7420417892107174 0.2755117265889061 0.22815396943899358 
0.7412476480760914 0.27713117507775387 0.22765130271211031 
0.7898242039060195 0.22624866915479513 0.19855724355004511 
0.7926182454619503 0.22462756460315747 0.1990653847652335 
0.7737616588526289 0.2419614846663788 0.20241614330337265 
0.7373516187274074 0.2827633855364784 0.21908440144706542 
0.7098342365968395 0.31360764062676105 0.2517098396866304 
0.6893945221712673 0.3384285448610497 0.27708738375252473 
0.7629703931928042 0.2525468981503519 0.21622548664012653 
0.7164767149724095 0.3063606197159844 0.24435998828735783 
0.7662076922706784 0.2491509072628738 0.21416531135871986 
0.7223072340882334 0.2989474893476216 0.24402727811885017 
0.7627827495915835 0.2563939354334608 0.21161609634351697 
0.7798762962018035 0.23739177064970618 0.19573697260099965 
0.7965916085987474 0.21929755932684136 0.20654738042994736 
0.755008046499985 0.26204832583292825 0.2226569722459456 
0.7675302201718703 0.24837031286370725 0.21312053161017974 
0.7735639924365874 0.2421606840399929 0.20241904909851505 
0.7014783035297494 0.3244914973734694 0.2665136690718236 
0.7415634392520669 0.27599978215583 0.22833336698563556 
0.7920478385260064 0.22573878036295625 0.1981479619694213 
0.6899011895531837 0.33655467306701115 0.28429586767050263 
0.7252537132855027 0.2956258540645613 0.24975976317215864 
0.6998856120266368 0.3252900562056793 0.2683052978426653 
0.7497643797505265 0.26814871552500774 0.21441565461472534 
0.7303992528582571 0.2891781394215227 0.23126320141459988 
0.6844980708803885 0.3428049660430854 0.27972723664805355 
0.7219218835571872 0.3001959079616139 0.2396377187509665 
0.7943625716244005 0.2216349333610339 0.20913149795864483 
0.7823953679005416 0.23474873552975528 0.19884673570007572 
0.788905770749072 0.2273929260844627 0.1974712796258331 
0.7009685493455939 0.32455673328218104 0.26676763994997643 
0.707082529104833 0.31683788305583427 0.2527295147482723 
0.6908238009725379 0.3357970461445767 0.2767122737823705 
0.7917014381893522 0.22454355294883988 0.2201188224150702 
0.7058009420241649 0.3175184848071072 0.26076407440127036 
0.7552561589238163 0.26146791321357177 0.22169668466568482 
0.7235799449207305 0.3002770728790076 0.23912943569481893 
0.7491817381830974 0.2702854693071023 0.21202676539372345 
0.7091601609271979 0.3131417994835318 0.2646934582458066 
0.7535003436131765 0.26373586933192406 0.22191490740755637 
0.7211188515028677 0.30332817643433296 0.23826289934679468 
0.6939985214448648 0.33298403674412436 0.27425762164320966 
0.7255385559518603 0.29522996679188296 0.24733879439862905 
0.7431517434630295 0.27607856402432884 0.2156107847405363 
0.6914982758877435 0.33643443067933754 0.2732923090671514 
0.6937626464122385 0.3332729447658215 0.2724277219689991 
0.7122567367022776 0.3117880023808096 0.2511152949604677 
0.7971757053299907 0.21954549450632432 0.2029030330005902 
0.6834829470068882 0.344273362758451 0.28173190077805166 
0.7890088049640407 0.2303480593762004 0.19562463017826937 
0.7660940892562291 0.2541769925448575 0.2059922311755885 
0.7892091800399035 0.22693669126168126 0.20444337468378027 
0.7291966730300538 0.2906746458767484 0.2320972284500532 
0.7618294497859905 0.2574129826894286 0.20099483150401565 
0.7421333020600036 0.2765234437895866 0.2252550275237586 
0.7440766642098442 0.27343459009493765 0.2293178206626233 
0.7203561658644673 0.30283163144189185 0.2427408075964851 
0.7701233791035856 0.24576828140593532 0.20463741650594502 
0.7036998202230478 0.32098389430485685 0.2602322722725696 
0.7746462846896882 0.2430172077749818 0.1970500506840862 
0.7332152913103513 0.2860882589960788 0.23084560316889313 
0.7057111680140143 0.31966194395494074 0.25295087012123896 
0.6912274162718268 0.33517388986641183 0.27728706686781 
0.7117404869388771 0.31148529910976674 0.2556111903292889 
0.7155911335916092 0.30710956857007443 0.2471763950735505 
0.7405824047568177 0.27759856430839513 0.22655951258136964 
0.7339056500125445 0.28507126296049046 0.2296007449761882 
0.7166111753425577 0.3060583160684035 0.2508122328610001 
0.7044800661899804 0.3190498797018383 0.26141479545630375 
0.6946678612489883 0.33199824582411563 0.270125952283259 
0.7009201527452031 0.3242335688648942 0.2681596488212379 
0.746342750337075 0.27113344933035954 0.2208853847505977 
0.7134695650825491 0.3098696871405304 0.24994113013502817 
0.7435906293289152 0.27410837420646983 0.23054892354260925 
0.6904232506042587 0.33602160887576993 0.2853091016289637 
0.7103151416631059 0.3131172488998475 0.2561978249727649 
0.7542623387361389 0.2660105732602711 0.20683790392654655 
0.7739589643367629 0.24137881599971012 0.2084989026366687 
0.7465039020303456 0.2732642151320681 0.21655112271461963 
0.7556196705086017 0.2631755407927614 0.20576182557435185 
0.7714011745438426 0.24606073781427062 0.20454641466287093 
0.7047367673891729 0.31839289957613415 0.26052471251163567 
0.7984763703460279 0.21754334248951834 0.20802104924539877 
0.7252800602418483 0.2965582429417387 0.2387657431689595 
0.7574217349528206 0.26075452148011813 0.20562843473614678 
0.6936501572101746 0.333218826549455 0.2748569586739882 
0.7302888722215028 0.2889827488208463 0.232200945495058 
0.6886645311387234 0.33781601234605196 0.2853000820244104 
0.7802631777308972 0.23567183894365673 0.2138113134988614 
0.7177637585325791 0.3047962863559819 0.24527687421109623 
0.7762558146793859 0.23915075044594702 0.21569166666722128 
0.7281751873590996 0.2917141744966685 0.23284248226079973 
0.7380404966016197 0.2805975069241281 0.22499456456705202 
0.7697118986118692 0.24745786144547988 0.20627859696701822 
0.699860841083975 0.3264573336156199 0.26560174116072865 
0.6797206378364442 0.3496341173422841 0.28155944470133953 
0.7441495507961071 0.2743846579026308 0.22554246496760977 
0.7954046258017164 0.22220943749097433 0.20090283482641413 
0.743375897007928 0.275294753643311 0.2188117113422089 
0.7030961154531163 0.3206607732280474 0.26121859495850674 
0.7406820443117217 0.27722755894337836 0.2241105843619311 
0.78658520485413 0.229251763207033 0.19987726030810637 
0.7238440594310733 0.2970638071015257 0.24477325998711585 
0.7582870189862139 0.25982941395220227 0.21106944827681395 
0.746082952246663 0.27233046948764184 0.21713914088538 
0.6928864968733652 0.334324123120334 0.27277607577095786 
0.6983319952800635 0.32745812936333873 0.2675239815810736 
0.7039381284981713 0.3194731380607312 0.2625495773950809 
0.7143155673448112 0.30872407942107316 0.264569587935096 
0.6939293217804503 0.33264924090771897 0.2892286263467597 
0.7705773649208318 0.24458624358627157 0.21538462960399174 
0.742520109802066 0.27628851743931493 0.22727416284668356 
0.7961813914720015 0.22062338827466388 0.20400409938695785 
0.7468660268976686 0.2706947183972739 0.22696910512303614 
0.7922714308861298 0.22448640075808457 0.19987809351221142 
0.7680808098238269 0.2495814354447976 0.20925130851867257 
0.720477142984778 0.3013969847590797 0.24530022584411038 
0.7402088143412366 0.2782774152636822 0.22886653472694674 
0.7190073516943 0.30352746098119054 0.24626624391242313 
0.7300021257136913 0.28926748365019694 0.23255457757127163 
0.7481533396941423 0.2691797940098637 0.22592661957938243 
0.7158067234273995 0.3068775916017381 0.2502465644938301 
0.7587579525243571 0.25784894705895955 0.2171592867384331 
0.7241745585242318 0.29753727848229483 0.23591718089174973 
0.7084625710409231 0.3155970550624374 0.2515401119959312 
0.7030509372547686 0.32269010064139303 0.25709756306505727 
0.6903067521187234 0.336351822807488 0.28597700186137764 
0.7221422558134396 0.29980379461479745 0.24635831297691857 
0.6922949392350437 0.33492863935825423 0.27269045149268856 
0.6926065685766583 0.33399952669101773 0.28870208701076805 
0.7050840752225476 0.3194567988545336 0.253021448220783 
0.7129456524216706 0.3090664753893928 0.26231056323180557 
0.726594567714423 0.2934618071417705 0.23554492708886776 
0.7338358646678709 0.29001512238162863 0.22776630198608017 
0.7936084705349806 0.2234407321833689 0.20049207443732864 
0.7124257807668708 0.3116155332180518 0.2511152949604677 
0.6969437680536663 0.3292972315987507 0.2695224866913114 
0.6933558358425045 0.33384714373342983 0.2725295689130842 
0.7064116774971794 0.3184201618533815 0.25183443602928646 
0.7413786650107668 0.2784602338594009 0.22259651983900242 
0.7191447203042756 0.3055537455832221 0.24160456096059912 
0.7884545848761791 0.2274920617450913 0.20250805489679158 
0.7077438508755742 0.31647916486864813 0.2530216485300615 
0.7817419401570113 0.23484052603089223 0.22461738700078493 
0.7218704406601754 0.2994712428262206 0.2576332695571488 
0.7560555980618744 0.26458824374243894 0.2056956002470831 
0.6925476069784219 0.3345487664279464 0.2752388846232571 
0.6914086623842519 0.33620883484083697 0.27514836723398584 
0.7504663735307838 0.267592134848746 0.21162455648082834 
0.6974800282962401 0.3283046817672056 0.2721276849344726 
0.6964160108122969 0.32983795128771065 0.26959110888668236 
0.6836661302545339 0.3439749699831648 0.2846198190726478 
0.7334901402086683 0.28528385164138126 0.231140893080514 
0.7098517144562135 0.31509694095503715 0.24978324395031526 
0.7095145374226246 0.31452518467274526 0.25038634227721845 
0.7259705669974379 0.2951200019965593 0.23593127321589213 
0.7613467183022088 0.25452206621538453 0.21368226250004918 
0.6850605758582464 0.34244239969066903 0.28036089242850004 
0.7515803116189802 0.2656419888215371 0.2237475785624331 
0.7394005797777559 0.2788094870122485 0.2269352121384488 
0.7057385516695212 0.3178986232025198 0.2609935353127977 
0.7168865373904245 0.30626342270092 0.24969354776410824 
0.6981014744574834 0.32788197832864097 0.27197574566610283 
0.7012626520182247 0.32409697060355247 0.2696294866741721 
0.7564672551357765 0.26255319279463085 0.20616848472433058 
0.7226959099456448 0.29940761690232665 0.24003510027964992 
0.7118886312593928 0.3101412111312194 0.2642343846130354 
0.679389066538284 0.34908857731628196 0.2825698514729724 
0.7850717144166869 0.23030590187176947 0.19971095368417568 
0.714460753711159 0.30856885434031334 0.24829526123257206 
0.7781423085755936 0.23882856201785008 0.19765400310607095 
0.7313808568200659 0.288028327649834 0.23037382214676638 
0.7674664248246934 0.24975025966920317 0.21335223584895124 
0.7780961806524932 0.23702241744081642 0.19955901726054182 
0.6986182243940391 0.3271451660165259 0.27660481127557257 
0.7131606451631056 0.31121100623787945 0.25723003680947265 
0.7493077184334735 0.2685865182567354 0.22483060483166828 
0.7375901841472274 0.2811735469952713 0.22435694279657292 
0.7046641560894711 0.3200235726997972 0.25656336805459157 
0.7068941443854069 0.31703758518779857 0.2536987392024841 
0.6968763894882852 0.32932220362717013 0.26849956325531055 
0.7625908138132185 0.25325028222400325 0.2135211841746767 
0.7880683668332963 0.22824639661415524 0.1987422979156218 
0.7082321034076546 0.3146162483258834 0.258470761277649 
0.7402264804947579 0.2777838540658608 0.22664960267482426 
0.7109154595853819 0.31292455006489595 0.25539544709423934 
0.7300399630619312 0.29017605532423085 0.23096934707549444 
0.7423199093263609 0.2766891946457575 0.21764129307583768 
0.7699561553179702 0.2457777384416403 0.21400179131507746 
0.6985569402517899 0.327205919521097 0.27296683203654815 
0.7517020554616095 0.2693236895603882 0.20799421790965933 
0.7594996169110998 0.25761356871695895 0.21917972204130065 
0.7827285500554133 0.23416684998096504 0.2169399749872709 
0.7904027583089122 0.22523273852942205 0.20006438749936561 
0.7838914175827827 0.23193285008968878 0.20149854069391504 
0.7765630078067038 0.23951607111134277 0.21344040607488002 
0.7042991848371492 0.3215568821312368 0.2558697282765743 
0.7373929783140513 0.281372276440902 0.2243572367159008 
0.7887198038468423 0.2272754869454502 0.20188702308264528 
0.7070531239306271 0.31620016148287156 0.2598146662372882 
0.7663986795055007 0.24895511861638375 0.21532081885681142 
0.7330067139426242 0.2861040868701161 0.22909767345790166 
0.7035069685338782 0.3199154922341516 0.2611965032001875 
0.7978647162097876 0.2188346516417895 0.2034951036619178 
0.7690257310136996 0.2463819206941784 0.21327328437136206 
0.7258260135754039 0.2949462653330702 0.24373625371025265 
0.7299191821156268 0.2938599312838037 0.23041257244565116 
0.7611490518861671 0.25472126558899877 0.21368516829519146 
0.7632764313844166 0.2522351661971828 0.21490565878100332 
0.7166800103045229 0.30567215195498665 0.2569050203194899 
0.7651768217392562 0.25269125119191427 0.20650076863068145 
0.6954179711341447 0.3304764242363619 0.2819061998654968 
0.7111225100206684 0.3112711297102507 0.25568212308511407 
0.7656316862015753 0.25203535093583496 0.2095261952312102 
0.7571123024842696 0.26255049952595455 0.20849099755751777 
0.7523362826641351 0.26516529980995196 0.2253975477967307 
0.762872556126186 0.2532173215254506 0.21038757304685662 
0.7834805750223345 0.23289476875214465 0.21335414512605144 
0.7886204011132637 0.23106137142877803 0.19508593640859484 
0.7239618213811785 0.296943140107673 0.24575818027529084 
0.6879183532034243 0.33899829098919887 0.282662394409935 
0.7589909422133949 0.2595766944929223 0.20581600746603956 
0.7822711501619095 0.23529113199837393 0.19281554782127563 
0.7108533496775362 0.3117950455577654 0.2603097824834696 
0.7155335499735016 0.3062156982045534 0.2655513419868337 
0.722262877390611 0.30216093853011494 0.23856311998522983 
0.7788021577790388 0.23832436806493718 0.19756654946436714 
0.7282023591720646 0.29211183756786796 0.23253366698826028 
0.7543769279325176 0.2629036013671312 0.2228176874899559 
0.7249209216866759 0.2967135366509077 0.24020397412880057 
0.7575898394782773 0.2604466187235188 0.20541116151927918 
0.6828151622189518 0.3448390481047887 0.2823800429531419 
0.7936003821793159 0.22393841193204211 0.2004353035922537 
0.698504306496033 0.3272808234711041 0.2679965540053848 
0.7435968887756568 0.2750697504206371 0.21909992917377719 
0.6911674537902752 0.33570965430690836 0.28049287828333624 
0.7936602125304294 0.22249729458045964 0.20175101021666297 
0.6826055952047412 0.3450012034308776 0.28186959615529894 
0.7525448691081573 0.2677790355961166 0.20993753766210466 
0.7229652210538224 0.29828696157885404 0.24367084779834514 
0.7079480270537579 0.31458810490923106 0.25949386006964503 
0.7942584652356197 0.22178342238783988 0.202818505869501 
0.7118886312593928 0.3101412111312194 0.2642343846130354 
0.7409471147106895 0.2772097532660419 0.22400846314420597 
0.7676872513441305 0.2501128674861942 0.20979066843718863 
0.7831764938387182 0.23305462351606743 0.201413220067437 
0.6976139449502117 0.32803103399337186 0.27081449287534165 
0.7090533049968126 0.3141878909694895 0.257844011237485 
0.7499952112777228 0.2679131581568589 0.21349050948970416 
0.6896853059574802 0.33677452624605253 0.28597700186137764 
0.7567812565799118 0.2597588996638356 0.22271839660982728 
0.7044259099809714 0.32026665276586286 0.25648127106432994 
0.7671944445510966 0.2508407231616949 0.20076187123336442 
0.7260153262937963 0.2947530850260379 0.24797603119855816 
