5 0 3 0 0 8 1 2 1 1 1049 4827 2914 1231 3 1 0 0 0 13 3 0 1 0 966 3997 113 3901 
0 0 3 1 0 2 5 2 1 1 1052 4827 3102 1231 6 0 0 2 0 5 5 4 1 0 938 2695 113 3946 
5 1 3 0 0 8 2 1 0 0 1049 283 4494 2932 3 0 1 0 1 15 3 0 1 1 1139 3570 1311 2457 
0 0 3 1 0 2 5 4 0 1 1052 4827 2478 1231 6 0 0 2 0 15 5 4 1 0 525 2564 113 3946 
0 0 3 1 0 1 5 0 0 0 1282 4974 3933 1231 6 0 0 0 0 5 5 2 1 0 525 3857 269 1923 
5 1 3 0 0 8 2 1 0 0 1049 283 4494 2932 3 0 1 0 1 15 3 0 1 1 1139 3570 1311 2457 
5 1 2 0 0 8 2 1 0 0 1049 4827 4494 2932 3 0 1 0 1 15 3 0 1 1 1139 3570 84 1924 
5 1 2 0 0 8 2 1 0 0 1049 283 4494 2932 3 0 1 0 1 15 3 0 1 1 1139 3570 84 1924 
6 0 3 1 0 2 0 4 0 1 1185 4827 3102 1231 6 1 0 1 0 5 5 2 1 0 965 4059 269 1923 
0 0 3 1 0 1 5 4 0 0 1282 4827 3933 1231 6 0 0 0 0 5 5 2 1 0 1114 2878 246 2298 
6 0 3 1 0 2 5 4 0 1 1052 4827 3102 1231 6 0 0 2 0 15 5 4 1 0 537 2592 295 3901 
5 1 2 0 0 8 2 1 0 0 1049 283 4494 2932 3 0 1 0 1 15 3 0 1 1 1139 3570 84 1924 
1 0 3 1 0 2 5 2 1 1 1052 4827 3102 1231 6 0 0 1 0 14 5 2 1 0 938 3724 208 4109 
0 0 3 1 0 2 5 1 0 1 729 4827 3541 1231 6 0 0 0 0 4 5 2 1 0 1114 4166 269 3946 
6 0 3 1 0 2 3 4 0 1 767 4827 3102 1231 6 1 0 1 0 4 5 4 1 0 938 2558 269 1923 
6 0 3 1 0 2 0 4 0 0 1282 4974 3933 1231 6 0 0 0 0 5 5 2 1 0 525 2558 113 3946 
0 0 3 1 0 2 5 2 0 1 729 4827 3102 1231 6 0 0 1 0 14 5 2 1 0 525 3847 246 3946 
6 0 3 1 0 2 5 4 1 1 1052 4827 3102 1231 6 0 0 2 0 15 5 4 1 0 537 2564 246 4082 
5 1 3 0 0 8 1 2 1 1 1049 4827 2259 1231 6 0 0 0 0 5 3 0 1 1 718 2558 208 4109 
5 1 3 0 0 8 2 1 0 0 1049 4827 4494 2932 3 0 1 0 1 15 3 0 1 1 1139 3570 84 1924 
6 0 3 1 0 2 0 1 0 0 957 4827 3111 1231 6 0 0 0 0 7 3 0 1 1 757 4093 208 4109 
6 0 3 1 0 2 0 4 0 1 940 4827 1601 1801 6 1 0 0 0 7 5 3 1 0 930 2592 295 3901 
5 1 2 0 0 8 2 4 1 0 1049 4827 3933 318 3 0 1 0 1 2 3 0 1 0 1361 3857 269 1923 
0 0 3 1 0 2 2 4 0 1 957 4827 2760 1231 6 0 0 0 0 5 5 0 1 0 938 2558 113 3946 
6 0 3 1 0 2 3 2 0 1 710 4827 1834 1034 6 1 0 0 0 3 5 2 1 0 975 3857 269 1923 
0 0 3 1 0 2 5 4 0 1 1052 4827 1834 1177 6 1 0 1 0 5 5 2 1 0 1114 2558 208 834 
0 0 3 1 0 2 5 4 1 1 1052 4827 1175 1231 6 0 0 1 0 14 5 4 1 0 1114 4166 269 3946 
6 0 3 1 0 2 2 4 0 0 1049 4827 4494 1801 6 0 0 0 0 12 3 0 1 0 757 4093 269 2302 
5 0 3 1 0 2 3 4 0 1 957 4827 1834 1231 6 1 0 1 0 5 5 2 1 0 957 2558 295 4109 
0 0 3 1 0 2 5 0 0 1 1041 4827 3102 1231 6 1 0 0 0 8 5 2 1 0 1001 2564 113 3946 
5 1 3 0 0 8 2 1 0 0 1049 283 4494 4201 3 0 1 0 1 15 3 0 1 1 1139 3570 1311 1924 
1 0 3 1 0 2 5 2 0 1 1052 4827 3102 1231 6 0 0 2 0 15 5 4 1 0 537 2564 246 4109 
5 1 3 0 0 8 1 2 1 1 1049 4827 3933 318 3 0 0 0 0 2 3 0 1 0 930 2592 295 3901 
5 1 3 0 0 12 2 0 0 0 1206 4827 4494 2511 3 0 1 0 1 15 3 0 1 1 1139 3570 84 1924 
5 1 3 0 0 12 2 1 0 0 1049 4827 4494 2511 3 0 1 0 0 10 3 0 1 0 938 2558 113 3946 
0 0 3 0 0 2 5 4 0 1 957 4827 1601 1231 6 0 0 0 0 14 4 2 1 1 938 2558 208 4109 
6 0 3 1 0 2 2 2 0 1 1049 4827 1970 1231 6 0 3 0 0 7 3 2 1 0 957 2558 295 4109 
5 0 3 1 0 2 2 2 0 1 957 4827 3111 2422 6 0 0 0 0 5 1 2 1 0 1216 2564 113 3946 
6 0 3 0 0 2 2 2 1 1 1049 4827 2914 1231 3 1 0 0 0 13 3 0 1 0 1224 3997 113 3901 
6 0 3 1 0 2 0 4 1 1 1052 4827 3362 1063 6 0 0 0 0 5 5 2 1 0 757 2722 269 2302 
6 0 3 1 0 2 2 2 1 1 957 4827 3111 1231 3 0 0 0 0 15 5 2 1 0 728 2878 246 3740 
0 0 3 1 0 2 5 4 0 1 957 4827 3111 1231 6 0 0 1 0 5 4 2 1 0 1047 4182 113 4109 
7 0 3 1 0 2 5 2 0 1 879 4827 3102 1231 7 0 0 1 0 5 5 4 1 0 957 2558 295 4109 
6 0 3 1 0 2 3 4 0 1 1185 4827 3111 857 6 1 0 1 0 15 5 2 1 0 938 2558 208 4109 
6 0 3 1 0 2 0 4 0 1 1052 4827 3102 1231 6 0 0 1 0 5 5 4 1 0 704 3724 208 4109 
5 1 3 0 0 13 2 0 0 0 1206 4827 4494 2511 3 0 1 0 1 14 3 0 1 1 1139 3570 84 1924 
6 0 3 1 0 1 5 4 0 0 1282 4827 3933 1231 6 0 0 0 0 5 5 2 1 0 1114 2878 246 2298 
0 0 3 1 0 8 1 4 1 1 1049 4827 882 1231 6 1 3 1 0 5 5 2 1 0 930 2592 295 3901 
0 0 3 1 0 2 3 2 1 1 957 4827 1834 1231 7 0 0 1 0 5 5 2 1 0 1089 872 113 3946 
6 0 3 1 0 2 0 4 0 1 940 4827 3111 1231 6 1 0 0 0 5 5 2 1 0 525 2878 246 1330 
0 0 3 1 0 2 5 4 0 1 750 4827 3102 1409 6 0 0 1 0 14 5 4 1 0 604 2878 246 1330 
5 0 3 1 0 2 0 4 1 1 1052 4827 3102 1231 6 0 0 1 0 14 5 2 1 0 525 3847 246 3946 
6 0 3 1 0 2 5 4 0 1 957 4827 3111 1231 6 0 0 1 0 5 4 2 1 0 1047 4182 113 3946 
5 0 3 0 0 12 2 1 0 0 1049 4827 3155 1231 6 0 0 0 0 12 3 0 1 0 757 4093 269 2302 
5 1 2 0 0 8 2 1 0 0 1049 4827 1970 1231 6 0 0 0 0 13 3 4 1 0 1107 2592 369 4109 
6 0 3 1 0 2 3 4 0 1 1052 4827 3102 1231 6 0 0 2 0 5 5 4 0 0 938 2695 113 3946 
5 1 3 0 0 8 2 1 0 0 1049 4827 4494 1542 2 0 1 0 1 3 3 0 1 0 1114 4166 269 283 
6 0 3 1 0 2 3 4 0 1 957 4827 3111 2422 6 0 0 0 0 5 1 2 1 0 938 3724 208 4109 
5 1 3 0 0 8 2 1 0 0 1049 4827 1970 1231 6 0 0 0 0 13 3 4 1 0 1107 2592 369 4109 
7 0 3 1 0 2 5 2 0 1 879 4827 1601 1801 6 1 0 1 0 4 5 2 1 0 1114 2878 369 3298 
5 1 3 0 0 12 2 2 0 1 1049 4827 3933 1727 3 0 0 0 0 2 3 0 1 1 502 3847 246 3946 
5 0 3 1 0 2 2 4 1 1 1049 4827 3111 1231 6 0 0 1 0 5 5 2 0 0 1145 2564 113 4099 
0 0 2 1 0 2 5 4 0 1 1052 4827 3102 1231 7 0 0 1 0 5 4 4 1 0 1043 2564 246 4082 
5 0 3 0 0 13 1 4 1 1 1052 4827 3102 1231 6 0 0 0 0 9 3 0 1 1 1001 2564 208 315 
5 1 3 0 0 8 2 2 1 1 1049 4827 2936 1231 3 0 0 0 0 13 3 4 1 0 525 2564 113 3946 
0 0 3 1 0 2 5 2 0 1 879 4827 1601 1801 6 1 0 0 0 7 5 3 1 0 930 2592 295 3901 
5 1 3 0 0 8 1 2 1 1 1049 4827 2259 1231 1 0 0 0 0 5 3 0 1 0 704 3724 208 4109 
0 0 3 1 0 2 5 2 0 1 750 4827 3102 1409 6 1 0 1 0 15 5 4 1 0 525 2982 113 4109 
5 1 3 1 0 2 0 4 0 0 1052 4827 3206 1231 6 0 0 1 2 7 3 2 1 0 930 2592 295 3946 
1 0 3 0 0 2 0 4 1 1 1052 4827 4447 1231 6 0 0 0 0 5 5 2 1 0 938 2695 113 3946 
7 0 3 1 0 2 5 3 0 1 1052 4827 3102 1231 6 0 0 1 0 8 5 4 1 0 769 2878 246 4109 
0 0 3 1 0 2 5 4 0 1 1052 4827 2478 1231 6 0 0 1 0 5 5 2 1 0 1114 4696 208 834 
0 0 3 1 0 2 5 1 0 1 1041 4827 3124 1231 6 1 0 0 0 5 5 0 1 0 1001 2564 113 3946 
5 0 3 1 0 2 0 4 1 1 957 4827 3111 1231 6 0 0 1 0 5 5 2 1 0 1145 2564 113 4109 
6 0 3 1 0 1 0 4 1 1 1052 4827 3102 1231 6 0 0 0 0 4 5 2 1 0 1114 4166 269 3946 
6 0 3 1 0 2 4 1 1 1 988 4827 3102 1231 6 1 0 2 0 12 5 2 1 0 790 2564 113 3946 
5 1 3 0 0 2 1 2 0 1 988 4827 1601 1231 2 0 0 0 0 7 4 3 1 0 957 2558 295 4109 
7 0 3 1 0 2 5 2 0 1 879 4827 3111 1231 6 0 0 1 0 5 5 2 0 0 1145 2564 113 4099 
5 0 3 0 0 12 2 1 0 0 1049 4827 1834 1231 6 0 0 0 0 0 1 2 1 0 938 2592 269 2457 
5 0 3 1 0 2 5 2 0 1 750 4827 3102 1409 6 1 0 1 0 15 5 4 1 0 525 2982 113 4109 
6 0 3 1 0 2 3 4 1 1 1052 4827 3102 1231 6 0 0 2 0 15 5 4 1 0 537 2564 246 4082 
5 0 3 1 0 2 5 4 1 1 1052 4827 3102 1231 6 0 0 1 0 14 5 2 1 0 938 3724 208 4109 
0 0 3 1 0 2 5 0 0 1 1041 4827 3632 1822 6 1 0 0 0 3 4 3 1 0 747 3276 246 3946 
6 0 3 1 0 2 0 4 0 1 1240 4827 3102 1231 6 0 0 1 0 14 5 2 1 0 747 3276 246 3946 
0 0 3 1 0 8 1 2 1 1 1052 4827 3102 1231 6 0 0 2 0 5 5 4 1 0 938 2695 113 3946 
7 0 3 1 0 2 5 3 0 1 1052 4827 3102 1231 6 0 0 0 0 0 5 2 1 0 672 2558 295 4109 
0 0 3 1 0 2 5 4 1 1 1052 4827 1143 1231 6 0 0 0 0 3 5 2 1 1 938 2558 113 3946 
5 1 3 0 0 3 2 1 1 1 957 4827 1884 1231 6 1 0 0 0 13 3 4 1 0 854 2592 369 4109 
6 0 3 1 0 2 2 2 0 1 929 4827 3111 2422 6 0 0 0 0 14 3 2 1 0 1114 4166 269 283 
0 0 3 1 0 2 5 4 0 1 957 4827 1601 1231 6 1 0 1 0 7 5 4 1 0 549 2558 208 4109 
6 0 3 1 0 2 1 2 1 1 1052 4827 3102 1231 6 0 0 0 0 5 5 2 1 0 1114 4418 113 3946 
6 0 3 1 0 2 0 1 0 0 1052 4827 2576 1231 6 0 0 1 0 7 3 2 1 0 930 2592 295 3946 
5 0 3 1 0 2 5 4 0 1 957 4827 3933 1231 6 0 0 0 0 5 5 2 1 0 525 2878 246 2298 
1 0 3 1 0 2 5 1 0 1 957 4827 3102 1231 6 0 0 1 0 14 5 2 1 0 525 3847 246 3946 
7 0 3 1 0 2 5 2 0 1 1052 4827 3102 1231 6 1 0 2 0 5 5 4 1 0 938 2695 113 3946 
0 0 3 1 0 2 5 2 0 1 957 4827 3111 1231 6 0 0 1 0 5 5 2 1 0 938 2558 208 4109 
5 0 3 0 0 12 2 2 0 1 1049 4827 3933 1727 3 0 0 0 0 2 3 0 1 1 502 3847 246 3946 
5 0 3 1 0 2 2 2 1 1 957 4827 3102 1231 6 1 0 0 0 8 3 2 1 0 1001 717 113 3946 
5 1 3 0 0 12 2 0 1 0 1206 4827 3933 318 3 0 0 0 0 2 3 0 1 0 930 2592 295 3901 
5 1 3 0 0 8 2 2 1 1 1049 4827 2936 1231 3 0 0 0 0 13 3 1 1 1 918 2564 113 3946 
6 0 3 0 0 2 2 4 0 0 1049 4827 1834 1231 6 0 0 1 0 14 5 2 1 0 502 2564 113 3946 
5 1 3 0 0 8 1 2 0 0 705 4827 3933 2932 3 0 1 0 1 15 3 0 1 0 936 3867 84 867 
5 0 3 1 0 2 0 2 0 1 957 4827 3686 2422 6 0 0 0 0 5 1 2 1 0 792 3518 113 2298 
6 0 3 1 0 2 3 2 1 1 957 4827 1834 1231 7 0 0 1 0 5 5 2 1 0 957 2558 295 4109 
1 0 3 1 0 2 5 4 0 1 957 4827 2465 1231 6 0 0 1 0 14 5 2 1 0 525 3847 246 3946 
5 0 3 1 0 2 5 3 0 1 1052 4827 3102 1231 6 1 0 1 0 6 5 2 1 0 1001 2564 113 3946 
5 1 3 0 0 3 2 1 1 1 957 4827 1884 1231 6 1 0 0 0 13 3 4 1 0 1201 2592 369 4109 
0 0 3 1 0 2 5 0 0 1 1041 4827 3102 1231 6 1 0 0 0 8 5 2 1 0 1004 4182 113 4109 
0 0 3 1 0 2 5 4 0 1 767 4827 3102 1231 6 1 0 1 0 2 5 2 1 0 604 2564 113 3946 
5 1 3 0 0 8 1 2 1 1 1052 4954 1601 302 6 0 0 0 0 12 5 2 1 0 938 3724 208 4109 
5 1 3 0 0 8 2 1 0 0 1049 4827 4494 2511 3 0 1 0 1 15 3 0 1 1 1139 3570 84 1924 
6 0 3 1 0 2 2 1 0 0 1049 4827 3768 1542 3 0 0 0 0 13 3 0 1 0 1395 3997 369 4109 
5 0 3 1 0 2 2 2 0 1 1049 4827 4494 1542 3 0 0 0 0 13 3 0 1 0 938 2558 113 3946 
7 0 3 1 0 2 5 2 0 1 862 4827 1601 1801 6 1 0 0 0 12 5 2 1 0 1001 2564 113 3946 
5 1 3 0 0 8 1 2 1 1 1049 4827 2912 1231 6 0 0 0 0 5 5 0 1 0 1001 2564 113 3946 
6 0 3 1 0 8 2 2 1 1 1049 4827 2936 1231 3 0 0 0 0 13 3 1 1 1 918 2564 113 3946 
0 0 3 1 0 2 2 4 0 1 957 4827 2760 1231 6 0 0 0 0 14 4 2 1 0 938 2695 113 3946 
6 0 3 1 0 2 5 4 0 1 957 4827 3111 2422 6 0 0 0 0 5 4 2 1 0 564 4182 369 3611 
5 1 3 0 0 12 2 2 0 1 1484 4827 4793 318 3 0 1 0 1 9 3 0 1 1 1361 3857 269 1923 
6 0 3 1 0 2 4 3 0 1 957 4827 1601 1231 6 1 0 1 0 5 5 2 1 0 1029 3866 246 3946 
5 0 3 1 0 2 2 2 0 1 929 4827 3111 2422 6 0 0 0 0 14 3 0 1 0 930 2592 295 3901 
5 0 3 1 0 2 3 4 0 1 957 4827 3111 2422 6 0 0 0 0 5 1 2 1 0 938 3724 208 4109 
6 0 3 1 0 1 0 2 0 1 1185 4575 1601 1231 6 0 0 1 0 4 5 2 1 0 525 2564 113 3946 
5 1 3 0 0 8 2 2 1 1 1049 4827 2936 1231 3 0 0 0 0 13 3 0 1 1 918 2564 113 3946 
5 0 3 0 0 12 2 0 1 0 1206 4827 3933 318 6 0 1 0 1 9 3 0 1 1 1001 2564 208 315 
5 0 3 1 0 2 5 1 0 1 1185 4827 1834 1231 6 1 0 1 0 15 4 4 1 0 938 2558 208 4109 
0 0 3 1 0 2 4 1 1 1 957 4827 3111 1231 6 0 0 0 0 15 5 3 1 0 728 2878 246 3740 
5 1 3 1 0 2 2 2 0 1 957 4827 3111 2422 6 0 0 2 0 5 5 2 1 0 757 2722 269 2302 
5 0 3 0 0 8 1 2 1 1 1049 4827 4494 1542 3 0 0 0 0 7 3 0 1 1 757 4093 208 4109 
5 0 3 1 0 2 0 3 0 1 1021 4827 3111 1231 6 1 0 1 0 5 4 2 1 0 587 2558 113 4109 
6 0 3 1 0 2 2 4 0 1 957 4827 3347 1231 6 0 0 0 0 5 5 2 1 0 975 1103 269 1923 
0 0 3 1 0 2 4 4 1 1 1052 4827 3362 1063 6 0 0 0 0 5 5 2 1 0 938 2592 125 4082 
5 1 3 0 0 8 2 1 0 0 1049 4827 4494 2511 3 0 1 0 1 6 3 0 1 0 769 2878 246 4109 
5 0 3 1 0 2 2 2 0 1 1052 4827 1601 1801 6 1 0 1 0 12 5 2 0 0 1142 2564 113 3946 
6 0 3 1 0 2 3 4 0 1 534 4827 3102 1231 6 0 0 1 0 14 5 2 1 0 938 2558 208 4109 
0 0 3 1 0 2 5 4 0 1 1052 4827 1834 1177 6 1 0 1 0 5 5 2 1 0 1114 2558 208 4109 
5 0 3 0 0 8 2 1 1 0 1052 4827 4447 1231 6 0 0 0 0 5 5 2 1 0 1450 4182 369 3611 
6 0 3 1 0 2 5 0 0 1 729 4827 3102 1231 6 0 0 1 0 14 5 2 1 0 525 3847 246 3946 
5 0 3 0 0 12 2 0 1 0 1206 4827 3933 318 6 0 1 0 1 9 3 0 1 0 1361 3857 269 432 
5 0 3 0 1 2 0 2 0 1 957 4827 1601 1801 6 1 0 0 0 6 5 2 1 0 685 3847 204 3946 
0 0 3 1 0 2 5 4 0 1 750 4827 3102 1409 6 0 0 1 0 14 5 4 1 0 938 2558 208 4109 
6 0 3 1 0 13 0 2 0 1 957 4827 820 1231 6 0 0 1 0 5 5 2 1 0 1145 2564 113 4109 
0 1 3 1 0 1 5 0 0 1 693 4827 3673 1231 6 0 0 0 0 5 5 2 1 0 1114 2878 369 3298 
6 0 3 1 0 2 4 4 0 1 957 4827 3347 1231 6 1 0 0 0 3 5 2 1 0 992 4059 269 1923 
5 1 3 0 0 8 2 1 0 0 1049 4827 1834 1231 3 1 0 0 0 2 3 0 1 0 757 4093 269 2302 
0 0 3 1 0 2 5 1 0 1 1041 4827 3102 1231 6 1 0 1 0 3 5 2 1 0 525 2564 246 3946 
5 0 3 0 0 12 2 0 0 0 1206 4827 3933 871 3 0 0 0 1 2 3 0 1 0 1361 3857 295 4109 
6 0 3 1 0 2 3 4 0 1 957 4827 1601 431 6 0 0 1 0 4 5 2 1 0 525 2982 113 4109 
0 0 3 1 0 2 5 4 0 0 1282 4974 3933 1231 6 0 0 0 0 5 5 2 1 0 765 3857 269 1923 
5 1 3 0 0 8 1 2 1 1 1049 4827 977 318 3 0 0 0 0 2 3 0 1 0 930 2592 295 3901 
5 1 3 1 0 2 3 4 0 1 534 4827 3102 1231 6 0 0 1 0 14 5 2 1 0 938 2558 208 4109 
5 1 3 0 0 8 1 2 1 1 1049 4827 4494 1041 4 0 1 0 1 6 3 0 1 0 752 4589 204 3946 
5 0 0 1 0 2 2 2 0 1 783 4827 1834 1028 6 0 0 0 0 7 2 2 1 0 525 2558 113 3946 
5 0 3 1 0 2 5 0 0 1 940 4827 3111 1231 6 0 0 0 0 5 5 2 1 0 525 2878 246 3771 
1 0 3 1 0 2 5 2 0 1 729 4827 3102 1231 6 0 0 1 0 14 5 2 1 0 525 3847 246 3946 
0 0 3 1 0 2 3 4 0 1 767 4827 3102 1231 6 1 1 1 0 2 5 2 1 0 525 2564 113 3946 
7 0 3 1 0 2 5 2 1 1 879 4827 3111 1231 6 0 0 0 0 5 5 0 1 0 1001 2564 113 3946 
6 0 3 1 0 2 0 2 0 1 1052 4575 1601 1231 6 0 0 1 0 4 5 2 1 1 918 2564 113 3946 
0 0 3 1 0 1 5 4 0 0 1282 4827 3933 1231 6 0 0 0 0 12 5 2 1 0 525 2564 113 3946 
6 0 3 1 0 2 0 1 0 1 805 4827 3111 1231 6 0 0 0 0 15 5 3 1 0 728 2878 246 3740 
6 0 3 1 0 2 5 3 0 1 1052 4827 3102 1231 6 1 0 1 0 6 5 2 1 0 1001 2564 113 3946 
7 0 3 1 0 2 3 2 1 1 957 4827 3102 1231 6 1 0 1 0 6 5 2 1 0 1001 2564 113 3946 
6 0 3 1 0 2 2 2 0 0 1282 4827 3933 1231 6 0 0 0 0 5 5 2 1 0 1145 2564 113 4109 
0 0 3 1 0 2 5 2 0 1 729 4827 3102 1231 6 0 0 0 0 14 5 2 1 0 991 3847 246 3946 
5 0 3 1 0 2 0 1 0 0 957 4827 3111 1231 6 0 0 0 0 13 3 2 1 0 1001 2564 113 3946 
5 1 3 1 0 2 2 2 0 0 1282 4827 3933 1231 6 0 0 0 0 12 5 2 1 0 525 2564 113 3946 
5 1 3 0 0 12 2 0 0 0 1049 4827 3111 937 6 0 0 0 0 3 4 2 1 0 1068 2558 208 4109 
5 1 2 0 0 6 2 1 0 0 1049 4827 4494 2932 3 0 1 0 1 15 3 0 1 1 1361 3857 269 1923 
6 0 3 1 0 2 5 2 0 1 1052 4827 3102 1231 6 1 0 2 0 5 5 4 1 0 938 2695 113 3946 
6 0 3 1 0 2 5 4 0 0 940 4827 3111 1760 6 0 0 1 0 5 0 2 1 0 525 2564 113 3946 
5 0 3 0 0 8 1 2 1 1 1049 4827 2914 1231 3 1 0 0 0 13 3 0 1 0 1001 2564 113 3946 
0 0 3 1 0 2 5 4 0 1 957 4827 1601 1231 6 1 0 0 0 14 4 4 1 0 1114 2558 246 3740 
6 0 3 1 0 2 0 4 0 1 1185 4827 3111 1231 6 1 0 0 0 12 5 2 1 0 525 2564 113 3946 
6 1 3 0 0 2 2 2 0 1 957 4827 3111 2422 6 0 0 0 0 5 1 2 1 0 938 3724 208 4109 
6 0 3 1 0 1 5 0 0 1 957 4827 1601 1231 6 0 0 0 0 14 5 2 1 0 502 2564 113 3946 
6 1 3 1 0 2 5 2 0 1 732 4827 3102 1231 6 0 0 0 0 3 4 2 1 0 604 2878 246 1330 
5 0 3 1 0 2 2 2 1 1 1184 4827 2574 1231 6 0 0 1 0 14 5 2 1 0 747 3276 246 3946 
6 0 3 1 0 2 5 0 0 1 772 4827 3111 1231 6 0 0 0 0 4 5 0 1 0 938 2558 208 4109 
5 0 3 1 0 2 2 2 0 1 775 4827 3111 1801 6 0 0 2 0 13 3 0 1 1 918 2564 113 3946 
0 1 3 1 0 2 5 3 0 0 940 4827 3111 1231 6 0 0 0 0 3 5 0 1 0 1001 2564 113 3946 
5 0 3 0 2 8 2 1 1 0 753 4827 1601 1231 6 0 0 0 0 14 4 4 1 0 938 2695 113 3946 
5 1 3 0 0 8 2 1 1 0 753 4827 4494 2324 3 0 1 0 1 3 3 0 1 0 1114 4166 269 283 
6 0 3 1 0 2 0 2 0 1 1052 4575 1601 1801 6 0 0 0 0 6 5 4 1 0 957 2558 208 4109 
7 0 3 1 0 2 5 2 0 1 879 4827 1601 1801 6 1 0 1 0 4 5 2 1 0 938 2558 208 4109 
5 1 3 0 0 8 1 2 1 1 1052 4827 4494 1542 4 0 1 0 1 3 3 0 1 0 1114 2558 208 4109 
0 0 3 1 0 2 5 4 0 1 1052 4827 1834 1177 6 1 0 0 0 14 4 4 1 0 938 2695 113 3946 
7 0 3 1 0 2 0 4 0 1 957 4827 3111 1231 6 0 0 1 0 5 5 4 1 0 938 2592 125 3946 
5 1 3 0 0 12 2 0 1 0 1206 4827 3933 318 6 0 1 0 1 9 3 0 1 1 1361 3857 269 432 
7 0 3 1 1 8 1 2 1 1 1049 4827 3102 1231 6 1 0 1 0 1 5 4 1 0 938 3847 246 4109 
6 0 3 1 0 2 2 2 0 1 1052 4827 3102 1231 6 0 0 1 0 14 5 2 1 0 747 2558 113 3946 
5 0 3 1 0 2 2 2 0 1 783 4827 1834 1028 6 0 0 0 0 7 0 4 1 0 525 2878 246 2448 
5 0 3 0 1 2 0 2 0 1 957 4827 1601 1801 6 1 0 0 0 5 5 2 1 0 1029 3866 246 3946 
1 0 3 1 0 2 5 3 0 0 940 4827 3111 1231 6 0 0 0 0 5 5 2 1 0 525 2878 246 1330 
6 0 3 1 1 2 4 2 0 1 1052 4575 1601 1231 6 0 0 0 0 5 5 2 1 0 525 2878 246 1330 
5 1 3 0 0 8 1 2 1 1 1049 4827 3102 1231 6 1 0 1 0 4 5 4 0 0 525 2982 113 4109 
5 0 3 0 0 8 1 2 1 1 1049 4827 2914 1231 6 1 0 1 0 13 3 2 1 0 1114 2558 246 3946 
0 0 3 1 0 2 5 2 0 1 957 4827 3111 1231 6 0 0 2 0 15 5 4 1 0 537 2564 246 4082 
6 0 3 1 0 2 2 1 0 1 1185 4827 1834 1177 6 1 0 1 0 5 5 2 1 0 537 2564 246 4082 
0 0 3 1 0 2 0 2 1 1 594 4575 2417 796 7 0 0 1 0 5 5 4 1 0 957 2558 295 4109 
6 0 3 1 0 2 3 4 0 1 767 4827 3102 1231 6 1 0 1 0 4 5 0 1 0 938 2558 208 4109 
6 1 3 1 0 2 5 2 0 1 732 4827 3102 1231 4 0 0 0 0 3 5 4 1 0 1114 4166 269 3946 
5 0 3 0 0 8 2 2 1 1 1049 4827 2914 1231 3 1 0 0 0 13 3 0 1 0 938 3847 246 4109 
0 0 3 1 0 1 5 0 0 1 957 4827 1601 1231 6 0 0 0 0 7 5 2 1 0 938 2592 269 4109 
5 1 3 0 0 8 2 1 0 0 1049 4827 1834 1231 3 1 0 0 0 7 3 0 1 0 514 2878 246 4109 
0 0 3 1 0 2 3 2 1 1 957 4827 1834 1231 7 0 0 2 0 5 5 2 1 0 1089 872 113 3946 
7 0 3 1 0 2 1 1 0 1 1185 4827 1834 1231 6 1 0 1 0 15 4 4 1 0 938 2558 208 4109 
6 1 3 1 0 2 0 1 0 0 1029 4827 3102 1231 6 1 0 1 0 5 5 2 1 0 1139 3847 246 2298 
5 1 3 1 0 2 1 2 0 1 1052 4575 1601 1801 6 0 0 0 0 6 5 4 1 0 1029 3866 246 3946 
5 1 3 0 0 13 2 3 0 0 1358 4575 4452 4203 2 0 1 0 1 2 3 0 1 0 1139 3867 84 1924 
6 0 3 1 0 2 0 2 0 1 1052 4575 1601 1231 6 0 0 1 0 0 5 2 1 0 1216 2564 113 3946 
6 0 3 1 0 2 2 2 1 1 1184 4827 3531 1231 6 0 0 1 0 14 1 2 1 0 747 3276 246 3946 
7 0 3 1 0 2 0 2 0 1 957 4827 3111 1231 6 0 0 1 0 5 5 2 1 0 1145 2564 113 4109 
0 0 3 1 0 2 5 0 1 1 1052 4827 1143 1231 6 0 0 0 0 3 5 2 1 1 938 2558 295 4109 
7 0 3 1 0 2 5 4 0 1 1185 4827 3111 1231 6 1 0 0 0 12 5 2 1 0 525 2564 113 3946 
5 0 3 1 0 2 2 2 0 1 957 4827 3111 2422 6 0 0 0 0 5 1 3 1 0 1361 3857 406 1923 
6 0 3 0 0 2 2 4 0 0 1049 4827 1834 1133 6 0 1 0 0 13 3 0 1 0 938 2558 113 1012 
5 1 3 0 0 12 2 1 0 0 1049 4827 4494 2511 3 0 1 0 1 5 3 0 1 1 1139 3570 84 1924 
7 0 3 1 0 2 0 2 0 1 957 4827 3102 1231 6 0 0 1 0 5 5 2 1 0 525 3847 246 3946 
6 0 3 1 0 2 5 1 0 1 1041 4827 3102 1231 6 1 0 1 0 3 5 2 1 0 1276 2558 295 1924 
5 1 3 0 0 8 1 2 1 1 1049 4827 2914 1231 3 0 0 1 0 13 3 2 1 0 1145 2564 113 4109 
5 1 3 0 0 13 2 1 0 1 957 4827 3111 292 6 0 0 0 0 11 2 2 1 0 1114 4166 269 3946 
5 0 3 0 0 8 2 1 1 0 1049 4835 4494 1542 3 0 1 0 1 3 3 0 1 0 1114 4166 269 283 
5 0 3 1 0 2 2 2 0 1 1049 4827 2914 1231 6 0 2 0 0 5 5 1 1 0 938 2695 113 3243 
1 0 3 1 0 1 5 4 0 1 957 4770 1601 1231 6 1 0 1 0 7 5 4 1 1 537 2592 369 4109 
5 0 3 1 0 2 2 2 1 1 957 4827 3102 1231 6 0 0 1 0 5 4 2 1 0 1361 3857 406 1923 
5 1 2 0 0 8 2 2 0 0 518 4991 4494 2511 3 0 1 0 1 5 3 0 1 1 1139 3570 84 1924 
6 1 3 1 0 2 5 2 0 1 732 4827 3102 1231 4 0 0 0 0 3 4 2 1 0 1068 2564 113 3946 
0 0 3 1 0 2 5 4 0 1 957 4827 1757 1231 6 1 0 1 0 7 5 3 1 0 525 2564 246 3946 
0 1 3 1 0 2 2 2 0 1 879 4827 3111 1231 6 0 0 1 0 5 5 2 0 0 1145 2564 113 4099 
5 1 3 0 0 8 1 2 1 1 1049 4827 4494 1041 4 0 1 0 1 6 3 0 1 0 752 4589 204 1881 
5 0 3 0 0 8 2 1 1 0 753 4827 4494 1542 3 0 1 0 1 3 3 0 1 0 1114 4166 269 283 
0 0 3 1 0 2 5 2 0 1 750 4827 3102 1173 6 1 0 1 0 15 5 1 1 0 938 2564 113 3946 
0 0 3 1 0 2 0 3 0 1 957 4827 3102 1231 6 0 0 1 0 0 5 2 1 0 1216 2564 113 3946 
0 0 3 1 0 2 5 4 0 1 1052 4827 3102 1231 7 0 0 1 0 5 4 4 1 0 930 2592 295 3901 
1 0 3 1 0 2 5 4 1 1 594 4575 1601 1801 6 1 0 0 0 6 5 2 1 0 938 2695 113 3946 
6 0 3 0 0 2 2 4 0 0 1052 4827 4494 1542 3 0 0 0 0 13 3 2 1 0 1001 3305 113 3946 
5 1 2 0 0 6 2 1 0 0 1049 4827 4494 2932 3 0 1 0 1 15 3 0 1 1 1139 3570 84 2448 
7 0 3 1 0 3 3 2 1 1 957 4827 3111 1231 6 0 0 1 0 6 5 4 1 0 930 4589 204 3946 
6 0 3 1 0 2 5 1 0 1 729 4827 3541 1231 6 0 0 0 0 4 5 2 1 0 1114 4166 269 3946 
0 1 3 1 0 2 0 4 0 1 957 4827 3102 1231 6 0 0 1 0 8 5 4 1 0 769 2878 246 4109 
5 0 3 0 1 2 2 4 0 1 1185 4827 3111 1231 6 1 0 0 0 12 5 2 1 0 525 2564 113 3946 
5 0 3 1 2 2 0 3 0 1 1021 4827 3111 1231 6 1 0 1 0 5 4 2 1 0 1001 2564 113 3946 
5 0 3 1 0 2 2 2 0 1 957 4827 3111 2422 6 0 0 0 0 5 1 2 1 0 1114 2558 295 2098 
7 0 3 1 0 3 3 2 1 1 957 4827 3111 1231 6 0 0 1 0 14 5 2 1 0 525 3847 246 3946 
0 0 3 1 0 8 1 4 1 1 1049 4827 882 1231 6 1 0 1 0 5 5 2 1 0 1318 2695 113 3946 
6 0 3 1 0 2 2 2 0 1 957 4827 3347 1231 6 1 0 1 0 3 5 2 1 0 1078 2558 295 1924 
6 0 3 0 0 2 0 4 0 1 1240 4827 3102 1922 6 0 0 1 0 5 4 2 1 0 1047 4182 113 3946 
5 1 3 0 0 8 2 1 0 0 1049 4827 3768 1542 3 0 0 0 0 13 3 0 1 0 1395 3997 369 4109 
5 1 3 0 0 8 1 2 1 1 1049 4827 3933 83 3 0 1 0 0 15 3 0 1 0 936 3867 84 867 
5 1 3 1 0 2 2 2 1 0 1052 4575 1601 1801 6 0 0 0 0 7 3 2 1 0 957 2558 295 4109 
5 0 3 1 0 2 0 4 1 1 1052 4827 3102 1231 6 1 0 1 0 15 5 4 1 0 938 2558 208 4109 
0 0 3 1 0 2 0 4 0 1 957 4827 3102 1231 6 0 0 0 0 0 5 2 1 0 672 2558 295 4109 
0 0 3 1 0 2 5 2 0 1 1052 4827 3102 1231 7 0 0 0 0 14 4 4 0 0 938 4080 113 3946 
6 0 3 1 0 2 2 4 0 1 1052 4827 4140 1231 6 0 0 0 0 5 3 2 1 0 525 2558 208 4109 
0 0 3 1 0 2 2 4 0 1 957 4827 2760 1231 6 0 0 0 0 6 5 4 1 0 938 2695 113 4109 
6 0 3 1 0 2 2 4 0 1 1049 4827 4494 1801 6 0 0 0 0 12 3 0 1 0 757 4093 269 3946 
6 0 3 1 0 2 4 4 1 1 1052 4827 3362 1063 6 0 0 0 0 5 5 2 1 0 938 2592 125 4082 
5 1 3 0 0 12 2 0 0 0 1206 4827 4494 1917 3 0 0 1 0 6 5 4 1 0 930 4589 204 3946 
5 1 3 0 0 8 2 2 1 1 1049 4827 2936 1231 3 0 0 0 0 13 3 4 1 0 947 2592 369 4109 
5 1 3 0 0 8 2 4 0 0 518 4991 4494 2311 6 1 1 0 1 9 3 0 1 1 1361 3857 269 432 
6 0 3 1 0 2 0 4 0 1 1240 4827 3102 1922 6 0 0 1 0 3 3 0 1 0 1114 4418 113 3946 
6 0 3 1 0 2 2 4 0 0 1052 4827 3102 1231 3 1 0 0 0 10 3 0 1 0 938 2558 113 3946 
5 1 3 1 0 2 2 2 1 0 1052 4575 1601 1801 6 0 0 0 0 7 3 2 1 0 938 2695 113 3946 
0 0 3 1 0 2 4 1 0 1 957 4827 3111 1231 6 0 0 0 0 15 5 3 1 0 1028 3276 246 3946 
6 0 3 1 0 2 2 4 0 1 957 4827 2760 1231 6 0 0 1 0 5 5 2 1 0 1078 2558 295 1924 
5 1 3 0 0 8 1 1 0 0 1049 4827 4494 1542 3 0 1 0 1 3 3 0 1 0 1114 2558 208 4109 
0 0 3 1 0 2 5 0 0 1 1041 4827 3102 1231 6 1 0 0 0 8 5 2 1 0 757 4093 269 2302 
6 0 3 1 0 2 4 3 0 1 1052 4827 2912 1231 6 0 0 1 0 5 5 2 1 0 957 3847 246 2298 
7 0 3 1 0 2 5 2 0 1 879 4827 1834 1231 6 1 0 0 0 4 5 2 1 0 502 2558 208 4109 
5 0 3 1 0 2 2 2 0 1 929 4827 1601 431 6 0 0 1 0 4 5 2 1 0 525 2982 113 4109 
6 0 3 1 0 2 0 3 1 1 1052 4827 3102 1231 6 1 0 1 0 15 5 2 1 0 938 2558 208 4109 
0 0 3 1 0 2 5 2 1 1 1052 4827 3102 1231 6 0 0 0 0 13 5 2 1 0 938 2558 113 3946 
7 0 3 1 0 2 0 4 0 1 957 4827 3111 1231 6 0 0 1 0 5 5 2 1 0 1145 2564 113 4109 
5 0 3 1 0 12 2 0 0 0 1206 4827 3933 318 6 0 1 0 1 9 3 0 1 1 1361 3857 269 432 
5 0 0 1 0 8 2 1 0 0 1049 4827 1834 1231 3 1 0 0 0 3 3 0 1 0 1114 2558 208 4109 
5 1 3 0 0 8 2 3 0 0 1049 4827 4494 1542 3 0 0 0 0 7 3 0 1 1 757 4093 208 4109 
7 0 3 0 0 2 5 4 0 1 1052 4827 2478 1231 6 0 0 0 0 8 5 4 1 0 769 2878 246 4109 
0 0 3 1 0 2 0 4 0 1 957 4827 1834 1231 6 0 0 1 0 5 5 2 1 0 957 2558 295 4109 
0 0 3 1 0 2 5 4 0 1 957 4827 1601 1231 6 0 0 0 0 14 4 2 1 1 938 2558 208 4109 
6 1 3 0 0 13 2 0 0 0 1206 4827 4494 2511 3 0 1 0 1 14 3 0 1 1 1139 3570 84 1924 
6 0 3 1 0 2 5 2 1 1 750 4827 3102 1173 6 1 0 1 0 15 5 1 1 0 938 2564 113 3946 
6 0 3 1 0 2 0 3 0 1 957 4827 3102 1231 6 0 0 0 0 14 3 2 1 0 525 3847 246 4109 
7 0 3 1 0 8 3 2 1 1 1184 4827 3102 1231 6 0 0 1 0 14 5 2 1 0 1028 3276 246 3946 
5 1 3 1 0 2 2 2 1 1 957 4827 1834 1231 7 0 0 1 0 5 5 2 1 0 1089 872 113 3946 
6 0 3 1 0 2 5 4 0 1 957 4827 3347 1231 6 1 0 1 0 5 5 2 1 0 1139 3847 246 2298 
6 0 3 1 0 2 0 2 0 1 769 4827 1970 1231 6 0 3 0 0 7 3 2 1 0 957 2558 295 4109 
0 0 3 1 0 8 1 4 1 1 1052 4827 3102 1231 6 0 0 0 0 5 5 1 1 0 938 2695 113 3946 
1 0 3 1 0 2 5 3 0 1 957 4827 1834 1231 6 1 0 2 0 12 5 2 1 0 938 2558 113 3946 
6 0 3 1 0 2 4 4 1 1 1052 4827 3362 1063 6 0 0 0 0 5 5 2 1 0 757 2722 269 2302 
5 0 3 1 0 2 0 4 0 1 957 4827 3111 1231 6 0 0 1 0 5 4 4 1 0 762 2592 125 3946 
1 0 3 1 0 2 5 2 1 1 1052 4827 3102 1231 6 0 0 2 0 5 5 4 1 0 938 2695 113 3946 
1 0 3 1 0 2 5 2 1 1 659 4571 2480 1981 6 0 0 1 0 7 5 3 1 0 930 2592 295 3901 
5 0 3 1 0 2 5 2 0 1 1052 4827 3102 1231 6 0 0 2 0 15 5 4 1 0 537 2564 246 4082 
5 1 3 0 0 12 2 0 0 0 1206 4827 4494 2511 3 0 1 0 1 15 3 0 1 1 757 4093 208 4109 
0 0 3 1 0 2 5 2 1 1 691 4575 1601 1801 6 0 0 1 0 8 5 2 1 0 1089 4134 113 3946 
5 0 3 0 0 8 1 2 0 1 1049 4827 2914 1231 3 1 0 0 2 13 3 0 1 0 966 3997 4254 4109 
5 1 3 0 0 8 1 2 1 1 1049 4827 1643 1041 4 0 1 0 1 6 5 2 1 0 525 3847 246 3946 
5 0 3 0 0 13 2 0 0 0 1358 4575 1203 1133 6 0 1 0 0 13 3 0 1 0 938 2558 113 1012 
6 0 3 1 0 2 0 0 0 1 957 4827 3111 1231 6 0 0 1 0 5 5 4 1 0 947 2592 369 4109 
5 0 3 0 0 8 1 2 1 0 957 4827 1601 1231 6 0 0 0 0 14 4 4 1 0 938 2695 113 3946 
6 1 3 1 0 2 0 1 0 1 957 4827 3111 1231 4 0 0 0 0 3 4 2 1 0 1068 2564 113 3946 
6 0 3 1 0 2 2 4 0 0 1029 4827 3102 1231 6 1 0 1 0 5 5 2 1 0 1139 3847 246 2298 
7 0 3 1 0 2 3 2 1 1 1184 4827 3102 1231 6 0 0 1 0 14 5 2 1 0 747 3276 246 3946 
5 0 3 1 0 2 2 2 0 1 957 4827 3111 2422 6 0 0 1 0 13 3 2 1 0 1114 2558 246 3946 
6 0 3 1 0 2 5 4 1 1 1052 4827 1175 1231 6 0 0 1 0 14 5 4 1 0 1114 4166 269 3946 
5 0 3 0 0 8 1 2 1 1 1049 4827 2914 1231 6 1 0 1 0 13 3 2 1 0 1114 2558 246 3946 
6 0 3 1 0 1 0 4 1 1 1052 4827 3102 1231 6 0 0 0 0 4 5 2 1 0 1114 2558 246 3740 
0 0 3 1 0 2 0 4 0 1 1052 4827 3102 1231 6 1 0 1 0 2 5 4 1 0 938 524 113 3946 
0 0 3 1 0 2 5 0 0 1 1041 4827 3632 1822 6 1 0 0 0 3 4 2 1 0 1114 2558 208 4109 
6 0 3 1 0 2 5 4 0 1 957 4827 1601 1231 6 0 0 0 0 14 4 4 1 0 938 1251 113 3946 
0 0 3 1 0 2 2 4 0 1 957 4827 2760 1231 6 0 0 1 0 10 5 2 1 0 537 2592 369 4109 
6 0 3 1 0 2 0 4 0 1 1240 4827 3102 1922 6 0 0 0 0 5 4 2 1 0 1047 4182 113 3946 
6 0 3 1 0 2 0 3 0 1 1052 4827 2912 1231 6 0 0 0 0 5 5 1 1 0 938 2695 113 3946 
5 1 3 1 0 2 5 1 0 1 1185 4827 1834 1177 6 1 0 1 0 5 5 2 1 0 537 2564 246 4082 
6 0 3 1 0 3 5 4 0 1 659 4571 2480 1981 6 0 0 1 0 4 5 4 1 0 938 2558 208 4109 
7 0 3 1 0 2 5 2 0 1 879 4827 2336 1231 7 0 0 1 0 0 5 4 1 0 525 2558 113 3946 
7 0 3 1 0 2 5 2 0 1 940 4827 3111 1231 6 0 0 0 0 8 5 2 1 0 1388 2564 113 3946 
6 0 3 0 0 2 2 4 1 1 957 4827 1834 1231 6 1 0 0 0 4 5 0 1 0 938 2558 208 4109 
0 0 3 1 0 2 0 3 0 1 1021 4827 3111 1231 6 0 0 1 0 5 4 2 1 0 587 2558 113 4109 
6 1 3 1 0 2 0 1 0 1 957 4827 3111 1231 6 0 0 0 0 3 4 2 1 0 604 2878 246 1330 
0 0 3 1 0 2 5 1 0 1 729 4827 3541 1231 6 0 0 0 0 4 5 2 1 0 1305 2564 246 2448 
0 0 3 1 0 2 0 4 0 1 1185 4827 3102 1231 6 1 0 1 0 5 5 2 1 0 1114 2558 295 2098 
5 1 3 0 0 8 1 1 1 1 1049 4827 3102 1231 6 1 0 1 0 4 5 4 1 0 947 2592 369 4109 
5 1 3 0 0 2 2 2 0 1 957 4827 3111 2422 6 0 0 0 0 5 1 2 1 0 938 4473 208 4109 
5 0 3 0 1 2 0 2 0 1 957 4827 1601 1801 6 1 0 0 0 6 5 2 1 0 1089 872 113 3946 
5 0 3 0 0 8 2 2 1 1 1049 4827 2914 1231 6 1 0 0 0 5 5 4 1 0 957 2558 208 4109 
5 1 3 0 0 8 1 2 0 0 705 4827 3111 1760 6 0 0 0 0 5 0 2 1 0 1137 2982 113 3946 
6 0 3 1 0 2 5 2 1 1 1052 4827 3102 1231 6 0 0 1 0 14 5 2 1 0 747 2558 113 3946 
5 1 3 0 0 12 2 0 1 0 1206 4827 3933 318 6 0 1 0 1 9 3 0 1 1 1361 3857 269 432 
7 0 3 0 0 2 0 4 0 1 957 4827 3111 1231 6 0 0 1 0 5 5 2 1 0 1145 2564 113 4109 
5 0 3 0 0 8 2 2 1 1 1049 4827 2914 1231 6 1 0 0 0 5 5 2 1 0 938 2558 208 4109 
0 0 3 1 0 13 5 4 0 1 957 4827 1601 1231 6 0 0 0 0 14 4 2 1 0 938 2558 113 4109 
6 0 3 1 0 2 0 2 0 1 1052 4575 1601 1231 6 0 0 1 0 4 5 2 1 0 525 2564 113 3946 
0 0 3 1 0 2 5 0 0 1 1041 4827 3632 1822 6 0 0 0 0 5 5 2 1 0 525 2878 246 1330 
5 1 0 0 0 3 2 1 1 1 957 4827 1884 2422 6 0 0 0 0 5 1 2 1 0 792 3518 113 2298 
0 0 3 1 0 2 2 4 0 1 957 4827 2760 1231 6 0 0 1 0 5 5 0 1 0 930 2592 295 4109 
6 0 3 0 0 2 2 4 1 1 1049 4827 4494 1542 3 0 0 0 0 13 3 0 1 0 1139 3570 84 1924 
6 0 3 1 0 2 0 4 0 1 1185 4827 3102 1231 6 1 0 1 0 15 5 4 1 0 537 2592 295 3901 
6 0 3 1 0 2 2 4 0 1 1052 4827 3102 1231 6 0 0 1 0 5 5 4 1 0 704 3724 208 4109 
5 0 3 0 0 7 0 4 1 1 1052 4827 3102 1231 6 0 0 0 0 9 3 1 1 0 1114 2558 246 3740 
0 0 3 1 0 2 4 1 1 1 957 4827 3111 1231 6 0 0 0 0 15 5 3 1 0 728 2695 113 3946 
0 0 3 1 0 2 5 4 1 1 1052 4827 1175 1231 6 0 0 1 0 4 5 4 1 0 938 2558 208 4109 
6 0 3 1 0 5 2 2 0 1 1240 4827 3102 1231 6 0 0 1 0 14 5 2 1 0 747 3276 246 3946 
5 0 3 0 0 8 1 2 1 1 1049 4827 3933 318 3 0 1 0 1 2 3 0 1 0 1361 3857 269 1923 
5 1 3 1 0 2 0 4 0 1 957 4827 1834 1231 6 1 0 0 0 4 5 2 1 0 502 2558 208 4109 
6 0 3 1 0 2 5 4 1 1 659 4571 2480 1981 6 0 0 1 0 4 5 4 1 0 938 2558 208 4109 
6 0 3 1 0 2 2 4 0 1 957 4827 2760 1231 6 0 0 1 0 5 5 0 1 0 930 2592 295 4109 
5 0 3 0 0 12 2 1 0 0 1049 4827 1834 1231 6 0 0 0 1 6 3 0 1 0 752 4589 204 3946 
6 0 3 1 0 2 4 1 0 1 957 4827 3111 1231 6 0 0 0 0 13 5 2 1 0 747 3255 246 3946 
5 1 3 0 0 12 2 0 0 0 1049 4827 3111 937 6 0 0 1 0 4 5 2 1 0 930 2592 295 3946 
5 0 3 0 0 2 0 2 0 1 1052 4575 1601 1801 6 0 0 0 0 6 5 2 1 0 525 2982 113 4109 
1 0 3 1 0 2 5 3 1 1 659 4571 2480 1981 6 0 0 1 0 4 5 4 1 0 885 2695 113 3946 
7 0 3 1 0 2 5 2 0 1 715 4827 2091 1231 6 0 0 0 0 3 5 4 1 0 930 2592 246 4082 
6 0 3 1 0 2 5 2 0 1 732 4827 3102 1409 6 1 0 1 0 15 5 4 1 0 525 2982 113 4109 
6 0 3 1 0 2 5 4 0 0 1069 3209 3111 1760 6 0 0 0 0 5 5 2 1 0 765 3857 269 1923 
0 0 3 1 0 1 5 0 0 0 1282 4974 3933 1231 6 0 0 0 0 12 5 2 1 0 525 3857 269 1923 
6 0 3 0 0 2 2 4 1 1 957 4827 1834 1231 6 1 0 0 0 5 3 0 1 1 718 2558 208 172 
6 0 3 1 0 2 2 1 0 0 1049 4827 3768 1542 6 1 0 1 0 5 5 2 1 0 1089 872 113 3946 
5 1 3 0 0 12 2 0 0 0 1206 4827 4494 2511 1 0 1 0 1 15 3 0 1 1 757 4093 208 4109 
6 0 3 0 0 2 2 1 1 1 957 4827 3102 1231 6 0 0 1 0 14 5 2 1 0 992 4059 269 1923 
5 1 3 0 0 8 2 1 0 0 1049 4827 4494 1542 3 0 1 0 1 3 3 0 1 0 938 2695 113 3946 
5 0 0 1 0 2 2 2 0 1 783 4827 1009 1028 6 0 0 0 0 7 2 2 1 1 952 4093 208 4109 
6 0 3 1 0 2 4 4 1 1 1052 4827 3102 1231 6 1 0 0 0 13 5 4 1 0 525 2564 113 3946 
6 0 3 1 0 2 2 2 0 1 957 4827 1601 2322 6 0 3 1 0 0 5 2 1 0 525 2982 113 4082 
0 0 3 1 0 2 2 4 0 1 957 4827 2760 2221 6 0 0 1 0 5 5 0 1 0 930 2592 295 4109 
6 0 3 1 0 2 0 4 0 1 1052 4743 3102 1231 6 0 0 1 0 5 5 2 1 0 549 2558 208 4109 
6 0 3 1 0 2 2 2 0 1 879 4827 1601 1801 6 1 0 0 0 13 5 0 0 0 1047 4182 113 283 
5 1 3 1 0 2 5 2 0 1 879 4827 1601 1801 6 1 0 1 0 4 5 2 1 0 502 2564 113 3946 
6 0 3 1 0 2 2 2 0 0 1029 4827 3102 1231 6 1 0 1 0 3 3 4 1 0 938 2695 113 3946 
6 0 3 1 0 2 3 4 1 1 1052 4827 3102 1231 6 0 0 2 0 15 5 4 1 0 930 2592 295 3901 
0 0 3 1 0 2 0 2 0 1 1052 4575 1601 1801 6 0 0 0 0 6 5 4 1 0 525 2982 113 4109 
0 0 3 1 0 2 3 4 1 1 957 4827 1834 1231 6 1 0 2 0 12 5 2 1 0 938 2558 113 3946 
0 0 3 1 0 2 5 3 0 0 940 4827 2200 1231 6 0 0 0 0 5 5 2 1 1 525 2878 246 1330 
6 0 3 1 0 2 4 3 0 1 1052 4827 2912 1231 6 0 2 0 0 5 5 4 1 0 938 2695 113 4109 
1 0 3 1 0 2 5 4 1 1 659 4571 2480 1981 6 0 0 1 0 4 5 4 1 0 938 2558 208 4109 
0 1 3 1 0 1 5 0 0 0 1282 4827 3673 1231 6 0 0 0 0 5 5 2 1 0 525 2878 246 2298 
0 0 3 1 0 2 0 4 0 1 1052 4827 3102 1231 6 1 0 1 0 2 5 4 1 0 938 2695 113 3946 
6 0 3 1 0 2 5 2 0 1 957 4827 1834 1231 6 1 0 0 0 4 5 1 1 0 1139 3867 84 1924 
6 0 3 1 0 2 3 4 0 1 767 4827 3102 1231 6 1 0 1 0 2 5 2 1 0 525 2564 113 3946 
7 0 3 1 0 8 1 4 1 1 1049 4827 882 1231 6 1 0 1 0 5 5 2 1 0 1394 2695 113 3946 
5 1 3 0 0 8 2 1 1 0 753 4827 4494 2324 3 0 1 0 1 3 3 0 1 0 747 2965 246 3946 
5 0 3 1 0 2 5 2 0 1 1052 4827 3102 1231 6 0 0 2 0 15 5 4 1 0 537 2564 246 4109 
7 0 3 1 0 2 5 3 0 1 1052 4827 3102 1231 6 0 0 1 0 8 5 4 1 0 769 4364 246 4109 
1 0 3 1 0 2 5 4 1 1 659 4571 2480 1981 6 0 0 1 0 14 5 4 1 0 1114 4166 269 3946 
0 0 3 1 0 2 0 2 1 1 957 4827 3111 1231 6 0 0 1 0 6 5 4 1 0 930 4589 204 3946 
5 0 3 1 2 2 0 3 0 1 1021 4827 3111 1231 6 1 0 1 0 5 5 2 1 0 525 3847 246 3946 
0 1 3 1 0 8 1 4 1 1 1052 4827 3102 1231 6 0 0 1 0 4 5 2 1 0 525 2982 113 4109 
5 1 3 0 0 13 2 1 0 1 957 4827 3111 3773 6 0 0 0 0 13 3 0 1 0 1395 3997 369 4109 
0 0 3 1 0 2 0 4 1 1 1052 4827 3102 1231 6 0 0 1 0 14 5 2 1 0 525 3847 246 3946 
6 0 3 1 0 2 2 1 0 0 1049 4827 4494 2932 7 0 1 0 1 15 3 0 1 1 1139 3570 84 2448 
6 0 3 1 1 2 5 3 0 1 879 4827 1601 1231 6 0 0 0 0 4 0 0 1 0 938 2558 208 4109 
5 0 3 0 0 8 1 2 1 1 1049 4827 2914 1231 3 1 0 1 0 7 5 3 1 0 525 2564 246 3946 
1 0 3 1 0 1 5 4 0 1 957 4827 1601 1231 6 1 0 1 0 7 5 4 1 0 549 2558 208 4109 
1 0 3 1 0 2 5 4 0 1 1052 4827 2478 1231 6 0 0 2 0 15 5 4 1 0 525 2564 113 3946 
5 0 3 1 0 2 2 2 0 1 957 4827 3111 2422 6 0 0 0 0 4 5 4 1 0 938 2695 113 3946 
1 0 3 1 0 2 5 3 0 1 1185 4827 3111 1231 6 1 0 0 0 12 5 2 1 0 525 2564 113 3946 
7 0 3 1 0 2 5 4 0 1 1185 4678 2616 823 6 1 0 1 0 5 5 4 1 0 704 3724 208 4109 
0 1 3 1 0 1 5 2 0 1 1052 4575 1601 1231 6 0 0 1 0 4 5 2 1 0 525 2564 113 3946 
6 0 3 1 0 2 0 0 0 1 957 4827 3111 1231 6 1 0 0 0 14 5 2 1 0 502 2564 113 3946 
0 0 3 1 0 2 0 2 1 1 957 4827 3111 1760 2 0 0 0 0 5 5 4 1 0 930 2592 246 4082 
0 0 3 1 0 2 0 2 0 1 1052 4575 1601 1801 6 0 0 0 0 6 5 4 1 0 1029 3866 246 3946 
6 0 3 1 0 2 3 4 1 1 957 4827 1834 1231 6 1 0 2 0 12 5 2 1 0 846 2558 113 3946 
6 0 3 1 0 2 2 4 1 1 1052 4827 1601 1801 6 0 0 0 0 7 3 2 1 0 957 2558 295 4109 
0 0 3 1 0 2 5 4 1 1 507 4827 3102 1231 6 1 0 0 0 5 5 1 1 0 1106 2695 113 3946 
6 0 3 1 0 2 0 4 0 0 1052 4827 2576 1231 6 0 0 1 0 7 3 2 1 0 930 2592 295 3946 
6 0 3 1 0 2 0 1 0 1 957 4827 3111 1231 6 0 0 0 0 3 4 2 1 0 604 2878 369 4109 
6 0 3 1 0 2 5 2 0 1 957 4827 3111 1231 6 0 0 1 0 15 5 2 1 0 1089 872 113 3946 
0 1 3 1 0 2 2 4 0 1 957 4827 2760 1231 6 0 3 1 0 10 5 2 1 0 537 2592 369 4109 
1 0 3 1 0 2 5 3 0 1 1185 4827 3111 1231 6 0 0 0 0 12 5 2 1 1 525 2564 113 3946 
7 0 3 1 0 2 5 4 0 1 1185 4827 3111 464 6 1 0 0 0 12 5 2 1 1 525 2564 246 4082 
5 0 3 0 0 7 1 4 1 1 1052 4827 3102 1231 6 0 0 0 0 9 5 1 1 0 938 2695 113 3946 
7 0 3 1 0 2 0 0 0 1 957 4827 3111 1231 6 0 0 1 0 5 5 2 1 0 1114 2558 246 3946 
6 0 3 1 0 1 5 0 0 1 957 4827 1601 1231 6 0 0 0 0 7 5 2 1 0 938 2592 269 2457 
0 0 3 1 0 2 5 4 0 1 1052 4827 3102 1231 7 0 0 1 0 5 5 4 1 0 930 2592 295 3946 
5 1 3 0 0 13 2 1 0 1 957 4827 3111 292 6 0 0 0 0 5 3 0 1 0 704 3724 208 4109 
5 0 3 1 0 2 5 2 1 1 1052 4827 3102 1231 6 0 0 1 0 4 5 2 1 0 938 2558 208 4109 
5 1 3 0 0 7 1 4 1 1 1052 4827 3102 1231 6 0 0 0 0 9 3 1 1 0 938 2695 113 3946 
6 0 3 1 0 2 0 2 0 1 1052 4575 1601 1801 6 0 0 0 0 6 5 4 1 0 525 2982 113 4109 
5 1 3 0 0 5 2 0 0 1 957 4827 1601 1801 6 0 0 0 0 6 5 0 1 1 1139 3570 84 1924 
5 0 3 0 0 3 2 2 0 1 1140 4827 3111 1231 6 0 0 0 0 5 3 0 1 0 1001 2564 113 3946 
1 0 3 1 0 2 5 1 0 1 718 4827 3102 1231 6 0 0 1 0 14 5 2 1 0 1114 2878 246 2298 
1 0 3 1 0 2 4 1 0 1 957 4827 3111 1231 6 0 0 0 0 13 5 2 1 0 537 2558 208 4109 
6 0 3 1 0 2 3 4 0 1 767 4827 3102 1231 6 1 0 1 0 4 3 0 1 0 930 2592 295 3901 
6 0 3 1 0 2 2 4 1 1 1052 4827 1834 1231 7 0 0 1 0 5 5 2 1 0 957 2558 295 4109 
0 0 3 1 0 2 3 4 0 1 534 4827 3102 1231 6 0 0 1 0 14 5 2 1 0 938 2558 208 4109 
0 0 3 1 0 2 0 4 0 1 1052 4575 1601 1231 6 0 0 1 0 4 5 2 1 0 525 2564 113 3946 
7 0 3 1 0 2 5 4 0 1 1052 4827 2478 1231 7 0 0 0 0 9 5 4 1 0 525 2564 113 3946 
6 0 3 1 0 2 2 4 1 1 1052 4827 1601 1801 6 0 0 0 0 7 3 2 1 0 1047 3881 113 4109 
5 1 3 0 0 8 2 1 0 0 1049 4827 3933 1727 3 0 0 0 0 2 3 0 1 1 502 2564 113 4111 
6 0 3 1 0 2 5 2 1 1 1052 4827 1834 1177 6 0 0 0 0 5 5 1 1 0 938 2558 208 4109 
6 0 3 1 0 2 2 2 0 1 957 4827 1601 2322 6 0 0 1 0 2 5 2 1 0 525 2982 113 4109 
0 0 3 1 0 2 0 3 0 1 957 4827 3102 1231 6 0 0 1 0 0 5 2 1 0 1216 2564 113 3471 
6 0 3 1 0 2 0 4 0 1 957 4827 1050 1231 6 0 0 1 0 5 5 2 1 0 1145 2564 113 4109 
5 0 3 1 0 2 0 2 1 1 957 4827 1834 1231 6 1 0 0 0 4 5 2 1 0 502 2558 208 4109 
6 0 3 0 0 2 2 4 0 0 1052 4827 4494 1542 3 0 0 0 0 13 3 2 1 0 1001 2564 113 3946 
1 0 3 1 0 2 5 3 0 0 940 4827 3111 1231 6 0 0 0 0 4 5 2 1 0 525 2564 113 3946 
5 0 3 0 0 8 1 2 1 1 1049 4827 2914 1231 6 0 0 2 0 15 5 4 1 0 537 2564 246 4082 
6 0 3 1 0 2 0 2 0 1 1049 4827 4494 1542 3 0 0 0 0 13 3 0 1 0 938 2558 113 3946 
6 0 3 1 0 8 2 1 0 0 1049 4827 4494 1542 2 0 1 0 1 3 3 0 1 1 1114 4166 269 283 
5 1 3 0 0 8 2 1 0 0 1049 4827 1834 1231 3 1 0 0 0 2 3 0 1 0 757 4093 269 1924 
5 1 3 0 0 13 2 4 0 0 1049 4827 4494 1801 6 0 0 0 0 12 3 0 0 0 1068 2558 208 4109 
5 0 3 0 0 12 2 0 1 0 1477 4827 3933 1967 6 1 0 0 0 7 0 2 1 0 549 2878 113 2211 
0 0 3 1 0 2 3 4 1 1 957 4827 1834 1231 6 1 0 1 0 5 5 2 1 0 1089 872 113 3946 
6 0 3 1 0 2 2 4 1 1 1052 4827 1834 1231 7 0 0 1 0 5 5 2 1 0 957 2558 113 3946 
5 1 2 0 0 8 2 2 0 0 518 4991 4494 2311 6 1 0 0 0 3 3 0 1 0 646 4166 246 3771 
6 0 3 1 0 2 5 2 1 1 1419 4575 1601 1801 6 1 0 0 0 6 5 4 1 0 938 2558 208 4109 
6 0 3 1 0 2 2 4 0 0 1049 4827 4494 1801 6 0 0 0 0 12 3 0 1 0 1068 2558 208 4109 
6 0 3 1 0 2 0 2 1 1 594 4575 1601 1801 6 1 0 0 0 6 5 2 1 0 938 2695 113 3946 
6 0 3 1 0 2 5 2 0 1 1052 4827 3102 1231 6 0 0 1 0 5 5 4 1 0 957 2558 295 4109 
5 1 2 0 0 8 2 1 0 0 1049 4827 4494 1542 3 0 1 0 1 3 3 0 1 0 1114 4166 269 283 
6 0 3 0 0 2 2 1 1 0 957 4827 1829 945 6 1 0 0 0 2 3 0 1 0 930 2592 295 3901 
6 0 3 1 0 2 4 3 0 1 1052 4827 2912 1231 6 0 0 0 0 5 5 0 1 0 1001 2564 113 4109 
7 0 3 1 0 2 1 1 1 1 1052 4827 1175 1231 6 0 0 1 0 14 5 4 1 0 1114 4166 269 3946 
6 0 3 1 0 2 2 4 1 1 1052 4827 1601 1801 6 0 0 0 0 7 3 2 1 0 938 2695 113 3946 
6 0 3 1 0 2 2 2 0 1 929 4827 3111 2422 6 0 0 0 0 14 3 2 1 0 747 2965 246 3946 
6 0 3 1 0 2 5 4 0 1 957 4827 3111 2422 0 0 0 0 0 14 4 2 1 0 938 3847 246 4109 
5 0 3 0 0 2 2 2 0 1 957 4827 1601 1231 2 0 1 0 0 7 4 3 1 0 957 4805 295 4109 
0 0 3 1 0 2 5 2 0 1 732 4827 3102 2453 6 0 0 0 0 3 4 2 1 0 604 2878 246 1330 
6 0 3 1 0 2 5 4 0 1 957 4827 1601 1231 6 0 0 0 0 14 4 4 1 0 938 2695 113 3946 
6 0 3 1 0 8 2 2 1 1 1049 4827 2936 1231 3 0 0 0 0 13 3 4 1 0 525 2564 113 3946 
5 1 3 2 0 8 1 2 0 1 1049 4827 2259 1231 6 0 0 0 0 5 5 1 1 0 938 2695 113 3946 
6 0 3 1 0 2 3 2 0 1 710 4827 1834 1034 6 1 0 0 0 3 3 2 1 0 1216 2564 113 3946 
5 0 3 1 0 2 2 2 0 1 783 4827 1834 1028 6 0 0 0 0 7 0 2 1 0 537 2564 246 4061 
5 1 3 0 0 13 2 1 0 1 957 4827 3111 292 6 0 3 0 1 9 2 0 1 1 1001 2564 208 315 
5 0 3 0 0 8 1 2 1 1 1049 4827 2914 1231 3 1 0 0 2 13 3 0 1 0 966 3997 4254 4109 
6 0 3 1 0 2 4 1 0 1 957 4827 3111 1231 6 0 0 0 0 13 5 2 1 0 537 2558 208 4109 
0 0 3 1 0 2 5 3 0 0 940 4827 3933 1231 6 0 0 0 0 5 5 2 1 0 1145 2564 113 4109 
5 1 3 0 0 8 2 2 1 1 957 4827 3111 1231 6 0 0 0 0 15 5 3 1 0 1028 4802 246 3946 
5 0 3 0 0 8 1 2 1 1 1049 4827 2914 1231 3 1 0 0 0 5 3 0 1 0 957 2558 208 4109 
6 0 3 1 0 2 5 2 0 1 772 4827 3111 1231 6 0 3 0 0 4 5 0 1 0 938 2558 208 4109 
6 0 3 1 0 2 5 4 0 0 1282 4974 3933 1231 6 0 0 0 0 5 5 2 1 0 975 3857 269 1923 
0 1 3 1 0 8 1 4 1 1 1052 4827 3102 1231 6 0 0 0 0 5 5 1 1 0 938 2695 113 3946 
5 1 3 0 0 8 2 2 1 1 1049 4827 2914 1231 3 0 0 1 0 13 3 2 1 0 1114 2558 246 3946 
6 0 3 1 0 2 0 4 0 1 957 4827 3111 1231 6 0 0 1 0 5 5 4 0 0 947 2592 369 4109 
6 0 3 1 0 2 0 4 0 1 1240 4827 3102 1922 6 0 0 1 0 3 3 0 1 1 1001 2564 113 3946 
0 0 3 1 0 2 2 4 0 1 957 4827 2760 1231 6 0 0 0 0 14 4 2 1 0 938 4789 113 3946 
5 0 3 1 0 2 2 2 0 1 1052 4827 1834 1231 3 0 0 0 0 13 4 4 1 0 957 2558 208 4109 
0 0 3 1 0 2 5 2 0 1 957 4827 3102 1409 6 1 0 1 0 4 5 2 1 1 918 2564 113 3946 
5 0 3 0 0 13 1 1 0 0 1049 4827 4494 2511 3 0 1 0 1 6 3 0 1 0 769 4732 246 4109 
7 0 3 1 0 2 5 1 0 1 957 4827 3102 1231 6 1 0 0 0 4 5 4 1 0 885 2695 113 3946 
5 0 3 1 0 2 0 3 0 1 940 4827 3111 1231 6 0 0 0 0 8 5 2 1 0 525 2878 246 3771 
0 0 3 1 0 2 5 0 0 1 1041 4827 3632 1822 6 1 3 0 0 3 4 2 1 0 525 2564 113 3946 
5 1 3 0 0 12 2 0 0 0 1206 4827 4494 2511 3 0 1 0 0 13 3 0 1 0 966 3997 113 3901 
0 0 3 1 0 2 5 4 0 1 1052 4827 1834 1177 6 1 0 0 0 15 5 4 1 0 525 2564 113 3946 
5 0 3 1 0 8 1 2 0 1 1052 4827 3102 1801 6 0 0 2 0 5 5 2 1 0 1114 2878 369 3298 
6 0 3 1 0 2 4 2 1 1 1052 4575 1601 1801 6 0 0 0 0 6 5 2 1 0 938 2558 208 4109 
6 0 3 1 0 2 5 4 0 1 957 4827 1834 1231 6 1 0 0 0 4 5 1 1 0 938 2695 113 3946 
5 0 3 0 0 12 2 1 0 0 1049 4827 1834 1231 3 0 0 0 1 2 3 0 1 1 1361 3857 269 1923 
6 0 3 1 0 1 5 0 0 1 957 4827 1601 1231 6 0 0 0 0 7 5 2 1 0 938 2592 269 2457 
6 0 3 1 0 2 2 2 0 0 1029 4827 3102 1231 6 1 0 0 0 3 5 4 1 0 930 2592 246 4082 
5 1 3 0 0 8 2 1 0 0 1049 4827 1834 1231 3 1 0 0 0 3 5 2 1 0 992 4059 269 1923 
5 0 3 0 2 8 2 2 1 1 1049 4827 2914 1231 6 1 0 0 0 13 3 0 1 0 938 2558 113 898 
7 0 3 1 0 2 5 1 0 1 1041 4827 3102 1231 6 1 0 1 0 3 5 2 1 0 525 2564 246 3946 
6 1 3 1 0 2 5 4 0 1 1052 4827 3102 1231 7 0 0 1 0 5 4 4 1 0 930 2592 295 3901 
5 1 3 1 0 2 2 0 0 1 957 4827 3111 1231 6 0 0 1 0 5 5 2 1 0 892 2564 113 3898 
0 0 3 1 0 2 5 3 0 0 940 4827 2200 1231 6 0 0 0 0 5 5 2 1 0 525 2878 246 1330 
6 0 3 1 0 2 2 2 1 1 1184 4827 3531 1231 6 0 0 1 0 14 1 2 1 0 938 3446 113 3946 
0 0 3 1 0 2 3 4 0 1 1185 4827 3111 857 6 1 0 1 0 15 5 2 1 0 938 2558 208 4109 
5 1 3 0 0 8 2 2 1 1 1049 4827 3102 1231 4 0 0 0 0 3 4 2 1 0 1004 4182 113 4109 
6 0 3 1 0 2 4 2 1 1 1052 4575 1601 1801 6 0 0 0 0 5 5 2 1 0 525 2878 246 1330 
