0.6640492301389894 0.3758089371177158 0.2942646548056045 
0.7213172882207405 0.316852901904347 0.3649502900045337 
0.7213172882207405 0.316852901904347 0.3649502900045337 
0.5385887807022315 0.519632316333873 0.404369597805436 
0.5576670190091356 0.49140500233226314 0.43832274252445824 
0.5385887807022315 0.519632316333873 0.404369597805436 
0.7204544326788307 0.31774427232117064 0.3491305177077826 
0.6891865172936467 0.34501449730935574 0.3300934378101289 
0.5553981128335927 0.49384325880939695 0.4338120816801967 
0.7142339035291929 0.3233718218250007 0.34261619593596326 
0.5624034055593701 0.4845992651160581 0.43587089768770904 
0.564465957894112 0.4825673864843384 0.4232993535799169 
0.5410250213054317 0.5140320625049675 0.4071167474474324 
0.6403240044017954 0.3953580909735921 0.3105987022412062 
0.5582480286920702 0.49049376091058083 0.4304446576732598 
0.5386311903352019 0.5188934116600321 0.4038475898157362 
0.7032899587369038 0.33142135576941023 0.3544468297799517 
0.5829408531181577 0.4598036802949481 0.37908633321460183 
0.5877913384156722 0.4536474262355643 0.38672962158997404 
0.549601357978752 0.5015106136357093 0.4253145517200281 
0.5936494240825868 0.44503679231561466 0.345865546630853 
0.6947221196509324 0.3385162407961615 0.34192076224465895 
0.6735098850984012 0.3652002654643739 0.29878342113416245 
0.563175234432767 0.484223143225329 0.4227211801736038 
0.7191682006641293 0.3190467528388201 0.34910856989742467 
0.6924761166072229 0.3423237684949336 0.3221418514552862 
0.6261456303962432 0.41237269157033407 0.3081404786966563 
0.5897379025956009 0.45000551295563107 0.3965448109437635 
0.5726259834138875 0.472231351623535 0.3915942949868947 
0.6715674041876423 0.36675703682033656 0.2976683724219872 
0.6460481505768167 0.3851180446013063 0.3327702142521828 
0.7084006844425341 0.32670360446986435 0.34140322020763403 
0.6874960038352665 0.34431222842513076 0.33090695564949535 
0.6563899959163015 0.37554352584371586 0.31621039937783235 
0.5705272172866048 0.4739802124755621 0.3807538607635862 
0.6978251276843255 0.33549216432829765 0.3387501795818293 
0.5649661989876433 0.4816233723658442 0.4266158734514739 
0.5527417287285031 0.49756277241720615 0.4290234303531274 
0.648952983757916 0.3825818749157567 0.3322296563342857 
0.6173310049267464 0.4148882645106532 0.35836576822936084 
0.6852299973596692 0.35216267293972403 0.31071797720724625 
0.6662164159984145 0.37361346737909185 0.29502311319224983 
0.654337165570966 0.38764382702248545 0.2989984472356686 
0.5636792492482985 0.48331579756965815 0.42492943304488484 
0.5890974962182796 0.452731424899824 0.3882122977050251 
0.5859413741019058 0.46092311789698415 0.36093802586470536 
0.5537268408652676 0.4968926315658101 0.43244957359492775 
0.6128555079117592 0.41966660694411306 0.3554544545254561 
0.6386876234766936 0.39104784118736957 0.3333504037142264 
0.704569783508153 0.3296077605750194 0.35598910586221877 
0.5532882733365763 0.49700909487145506 0.4283351286789451 
0.6051387390580747 0.43022073836375907 0.35533539011553206 
0.6591176123356597 0.37782596032611626 0.3055379547517233 
0.6417284367611993 0.3933174910655285 0.3038578556035836 
0.5864470652219963 0.4540243314654401 0.39306400316338086 
0.6586306771257748 0.37729588868200836 0.3059615099952676 
0.5740130227911152 0.4705148364652296 0.3817916745914922 
0.6407300843358357 0.39209678062437725 0.31921552478774784 
0.6653291945573829 0.37407684710670375 0.29565227098075586 
0.6211302927008459 0.4110406318780847 0.357443235517534 
0.6665025263326161 0.3733229126553884 0.29606307714810554 
0.7002373514785796 0.33747069340835334 0.3248862595819493 
0.6869729375781093 0.34689192968757165 0.3262206757685132 
0.6006778027281392 0.4365905173442659 0.35610330603652374 
0.7175680522692057 0.31999852048844857 0.36318686111527865 
0.6616745539258571 0.37486448868982125 0.2996243568607929 
0.5574849678160236 0.4919761248989447 0.4371732286702703 
0.6245788111986943 0.40857938659011406 0.35476946652853636 
0.6195999002472168 0.4125815537817167 0.3712232167202042 
0.7070378043669113 0.3289541119372369 0.3470955581039916 
0.5416256889294977 0.5127549680970275 0.401709273171154 
0.5595123339103385 0.48818882431891164 0.4193095376769814 
0.5773040894176578 0.4662830730726384 0.3829613784789456 
0.5447364079968716 0.5077523571315598 0.4077083018237706 
0.6279333981336224 0.40378897698834326 0.36421304563183043 
0.5838490110845593 0.4562215795466573 0.39434607776605035 
0.576509220260629 0.46767867880741343 0.36998047544082124 
0.5616183967244676 0.48578135228038044 0.4216686630008871 
0.6464724947445795 0.3868514114163992 0.3260234114183094 
0.5621041267210015 0.4855549983698473 0.4348117491427895 
0.5602980345292465 0.4873939110789325 0.41979573873701226 
0.6837778812912643 0.3479562601483045 0.33768809876312367 
0.672317235262859 0.3592168783281252 0.33128392117286176 
0.6843287094956232 0.3481752303283504 0.33515704566615 
0.6525804150450167 0.3894235048481136 0.29926550828525134 
0.613867286743927 0.4186281885563433 0.3534865768340778 
0.6877862520103066 0.3435086469058022 0.3426767671031854 
0.5648571115203833 0.482068279288844 0.3741847061711132 
0.6906732367245884 0.3414431731443589 0.33683143788184033 
0.588682327914199 0.4517773030629456 0.40366251516945906 
0.5397322686711927 0.5153417203178939 0.4067697387580109 
0.6708735606126468 0.3633081686642359 0.3141670457164054 
0.6758639944627052 0.35666778930511744 0.32251565813244853 
0.5987989869408457 0.4383852399653826 0.34155312863733533 
0.5572375911027924 0.4924200778328066 0.4374444695882017 
0.7162055662019979 0.32204859062999114 0.3464172440301736 
0.6619217793931458 0.37057121084968814 0.31695356253037044 
0.5945228916620164 0.4434744758429462 0.39037300953312815 
0.6698017973053538 0.3691982139846227 0.2982112761778002 
0.6809979933456995 0.35146678003294496 0.32667691520761044 
0.6517722734649061 0.3845201469002598 0.30488552247733036 
0.5990395324628308 0.4375953377466998 0.3934407783875987 
0.5712207772315505 0.47634403985346174 0.37315266379506795 
0.567742616255105 0.4761006101010776 0.3822717831479263 
0.6472222424593184 0.38647454085041366 0.30686283862449404 
0.5882215240860335 0.45302061257681836 0.37349112102830095 
0.7178802798222836 0.32165636303751477 0.3452980483054282 
0.6397447906004932 0.394148009659247 0.3216488990756351 
0.5464465734200158 0.5056910051387311 0.41766843884204297 
0.6954581018898925 0.33826972773457253 0.35376462136364994 
0.6080247380646631 0.4259863733358905 0.36366013392064855 
0.5923990309949255 0.44796212992261675 0.38451835546698676 
0.6104671260209221 0.4226381082366961 0.36519299381016335 
0.5799029345792095 0.462622534231641 0.39217064511642863 
0.5496879184812034 0.5030435120485031 0.39792224521826125 
0.5754409108432899 0.4688757946611931 0.3709673941097442 
0.7003592217606158 0.3332749670807844 0.36046780099780473 
0.5725479056127342 0.4718754160584093 0.39270934369906985 
0.7046537194152656 0.3366626250195647 0.3256738168464096 
0.63909404455823 0.3988165248077117 0.30412065681087563 
0.6500739104585187 0.379343759570516 0.34212472751650924 
0.606772971928571 0.4289960689283283 0.358845271897982 
0.5480619355748773 0.5061235235658018 0.3983933958554414 
0.5559820029731786 0.4954385277301423 0.41196890466770064 
0.6082838964375155 0.4268128768517919 0.3627373941140255 
0.6673796625086901 0.3646736667121683 0.3267323157386235 
0.6094437665171111 0.4280416376894014 0.3396045725681873 
0.5567721968614735 0.49663491026198814 0.3989163728692512 
0.636457850506911 0.3992746049988678 0.30788672064124933 
0.5871114705585447 0.4554501150219381 0.3702995440573541 
0.7018715341128452 0.33236407560302006 0.3365812748377529 
0.6529002410874595 0.3886634272690326 0.30134382339752264 
0.6027393631060642 0.4330915695224944 0.3454920577453522 
0.6453610188203023 0.39053566268407236 0.31876354077954017 
0.5918293078379158 0.44723426430866886 0.39739472585104374 
0.597147039738791 0.4411461364757727 0.33987127194929867 
0.6183349646906122 0.4135126793051882 0.35883563880500047 
0.6557967375667473 0.3797495354548954 0.3037214350049614 
0.621575099394102 0.41607556346377894 0.31119487612969665 
0.5754777364661492 0.4697045415920218 0.369323119034359 
0.5833784642388113 0.45800290192131465 0.38900971458116473 
0.6987690087270535 0.3347965553519374 0.3504673738864772 
0.7013202647665889 0.3329295593765179 0.35061975530549183 
0.544058588653529 0.5085669522518215 0.41177804070967583 
0.6292466886266745 0.4092542761304969 0.3087832028386941 
0.5768793389497915 0.4669804292087416 0.3688198327849882 
0.7114131153499359 0.324523866460113 0.36407438374966694 
0.6363049990236221 0.4002495867333279 0.3075013426868419 
0.6493269652315481 0.380114675325951 0.33592539278828737 
0.563927437418221 0.4844420680501891 0.3784442568680426 
0.5589276231712932 0.4925256610706126 0.40827131149631224 
0.5471483647481502 0.5038911262079454 0.4105335054135103 
0.7135674201041932 0.3233637719774165 0.3557143127538631 
0.5610337492138839 0.4909861982367163 0.39491037475237445 
0.6634049461010594 0.3731116176112722 0.30023143893742177 
0.6014033383485121 0.4339586990456836 0.345866660412976 
0.594171154975558 0.4555371466689674 0.34293130906969915 
0.6326704824441417 0.4019255353952177 0.3180192188797265 
0.6830751056172044 0.352910287367742 0.3130659737343797 
0.554851981102118 0.49606655088496965 0.41252196647369765 
0.6311590809762035 0.4060206637466307 0.308468952513661 
0.7027363011646934 0.3308965408941328 0.3586825619640137 
0.5606795537119778 0.4937356095338208 0.3959571251610744 
0.5895183954836927 0.4505662433486112 0.4108518369248705 
0.6604885682344914 0.36964154935435656 0.32091695346733307 
0.6744581147851461 0.3584181768276107 0.3204975766927788 
0.6799197334985042 0.3518840290087947 0.3266154668680785 
0.6111690308068185 0.42326870358690194 0.3566956439444756 
0.5500601627473644 0.5022152361005046 0.4000032865362898 
0.6937681153355696 0.34101500533047646 0.32359908375715396 
0.645561405236416 0.3840455977755185 0.33624425178084694 
0.5763135429407018 0.46690418923494237 0.37251111710460005 
0.5928335141410236 0.44666018861794576 0.3856186689419169 
0.5749634041456426 0.4714320685520912 0.3665515215293049 
0.6160806538989523 0.4176185369669573 0.35209479804544763 
0.5385896493080579 0.5177174620426267 0.40616028344098853 
0.5844349395941995 0.45886863432194047 0.36634192507245555 
0.6046232032617099 0.4310681612392079 0.3524424174112363 
0.599926923425154 0.4395860550091232 0.33900412275043257 
0.6122695217075563 0.42051790073755113 0.3684981148801767 
0.5918293078379158 0.44723426430866886 0.39739472585104374 
0.7054678070084172 0.33054489091354455 0.3443245806951871 
0.5395836133886771 0.517275899807299 0.404194493859524 
0.6583019707191025 0.3782814547002258 0.300347348939354 
0.5977611189736667 0.44063758196504765 0.3405227603973181 
0.5684524342095367 0.47646846057014824 0.3798843673662812 
0.5896566035464293 0.4511287833355345 0.38021534199390206 
0.5730468529815043 0.47255480889899126 0.3722164707083657 
0.5774587196923054 0.4649482614703562 0.3936152988047831 
0.6252389524858614 0.4087420951313835 0.3214022887837765 
0.566876294569691 0.47835852451924166 0.38465876539340793 
0.6991469733097191 0.33397193120245927 0.36489418247379 
0.5511995798187064 0.5001045013759878 0.4296789073713281 
0.691246806879454 0.3403675363997972 0.34358749332337635 
0.6222461444903145 0.4134819172845846 0.3410517969225524 
0.6458258068892968 0.3901163648655539 0.30118026011373833 
0.5537521954262594 0.4984762571339284 0.39938027441924306 
0.6683593231986557 0.370007049495262 0.29687221686807663 
0.718396772849368 0.3222342390875047 0.3450066537941239 
0.5452947332117801 0.5076225923099198 0.4050945972341785 
0.6241008571796596 0.4114264327513639 0.34521305278114944 
0.6573386783974282 0.37860465184646563 0.3045042776933998 
0.5904015202957242 0.4542436666106713 0.36591101984475727 
0.6657090626122255 0.3659956191660929 0.32046138848390016 
0.6535271265206444 0.3819813163733772 0.3025685458131673 
0.6848254425084179 0.3502919048975529 0.3156274736879183 
0.7093719320480483 0.32649380690510066 0.35808314227631843 
0.6554348476775165 0.37529480162544837 0.334312919655097 
0.6716323392253172 0.3609352008346033 0.3202935761785146 
0.677883923846367 0.35601103890427843 0.3188820427212071 
0.621684502360089 0.41011942691765735 0.3600151125538792 
0.5460260762065089 0.5046166317375754 0.418484212442951 
0.5579207424561732 0.49206687505523994 0.41295819529077193 
0.6062837795559034 0.4357868715325981 0.33723799866309745 
0.6160806538989523 0.4168354787236809 0.3533667795393364 
0.677221664966019 0.35503122468962434 0.3251969628896699 
0.605453354866922 0.42989484966208014 0.35950370352966443 
0.5854932905604848 0.4565111988007384 0.3903032011542107 
0.6001304236826033 0.4376795290335269 0.35414730371572434 
0.6753343288027325 0.3572869783543666 0.3282836521214013 
0.5569023180364796 0.4930112819168897 0.4098002218506893 
0.6156404186754454 0.4201878692669375 0.34997625571990487 
0.5910345734617819 0.44932942177083246 0.35448434465012346 
0.609248421972242 0.42431168680808584 0.3661529362134145 
0.6077341951222953 0.4276858348063306 0.3417197416683634 
0.5439790075376199 0.5094934980584657 0.40586951866948573 
0.5777561414064151 0.4658721728338965 0.37069230818284726 
0.557668406088237 0.491403597150433 0.43832274252445824 
0.6894137759855331 0.3453715834388863 0.32582411866232164 
0.6509965283419961 0.3788668100679935 0.3344847292466564 
0.5793491663666578 0.46421011439232285 0.3837343895163653 
0.5880821954651002 0.4547870250394934 0.3685968013570766 
0.6600873164305816 0.37200655310005937 0.3320257339443584 
0.5396475555148728 0.5168403041358154 0.4092750298236777 
0.5525257514946278 0.49934682358917926 0.40025696449708736 
0.6032134286893851 0.4326114849463083 0.34461053277179554 
0.6790860879491187 0.35337952815208273 0.32501832301977507 
0.6624766160990566 0.37431334556007156 0.3006493757139851 
0.5658783822592459 0.48072793450508 0.3754964088484791 
0.7012921556557119 0.3357961850864436 0.3274134449389283 
0.5595955094337888 0.48946015791718134 0.4137889814435205 
0.5758916547652022 0.46798100363070594 0.3695136408725638 
0.5795500847889473 0.46200821246161716 0.395524845496647 
0.6650178074347435 0.36628506052015386 0.3196932438155128 
0.5607712396339224 0.48766528279431587 0.41705828202157325 
0.6950220064324446 0.3377707134389336 0.35642190741278357 
0.585123526664384 0.4576468107863585 0.3767411730449052 
0.6336272724000889 0.404470660405454 0.3035653363253832 
0.6989184072245884 0.3346802066004646 0.3614176727493442 
0.5635596726773608 0.4817458546192478 0.42688360956408755 
0.578673712064226 0.4654130776047902 0.37492862752440426 
0.6726284816876729 0.36235645154622054 0.3119827451101954 
0.6640755293658904 0.36755675357558326 0.32781071972956155 
0.5835539667005472 0.4575591192930054 0.38984500934614974 
0.679545270677935 0.3532646199242042 0.32465705890649743 
0.6703128321115874 0.3685926964075208 0.29740241265508316 
0.5735637809530776 0.47112140449182827 0.3783477117006323 
0.6228606218450301 0.41286699027220086 0.317484083884513 
0.6708022015648282 0.36168688542455785 0.31766214840029683 
0.67647308214845 0.35406132355152586 0.3387959440855868 
0.64831503612032 0.38094528485627566 0.33281075026493656 
0.6350537298359971 0.3966631522084846 0.32652035273904123 
0.6809771703800445 0.35727105351679 0.31338051390280197 
0.6689907100195569 0.36391119685071016 0.33307132053130895 
0.5859364460422696 0.458767014417476 0.364693623666247 
0.5467957002464485 0.5040327279176431 0.42055888673863795 
0.6959682537023534 0.3362442691880033 0.3526832122290563 
0.6442093800687443 0.3914345793812066 0.3212235887269579 
0.7172339493625766 0.3208027676133278 0.34883080908543207 
0.5493548846837484 0.5048135349428104 0.3998476396326536 
0.5595219398451841 0.48921142810237506 0.41839305101806956 
0.7111824736206037 0.327308350080322 0.33571337276802804 
0.6135410450502572 0.42123666583404207 0.3544782561615021 
0.562448720378149 0.4896832406212127 0.40197221973860586 
0.5532798884120547 0.49702606901156154 0.41593653552365617 
0.6059412804713631 0.42844587097822906 0.36513279725761294 
0.6334971620924836 0.4010697232335616 0.31536466085896075 
0.6354344977627406 0.39716842823320886 0.32629715749964583 
0.5623907668885084 0.485404154118277 0.42219943374341695 
0.5819125125226181 0.4592070594061125 0.39009871798662976 
0.6608419030827415 0.37592610906578894 0.307374894542193 
0.6439040857042595 0.39821089592989567 0.3018329446942427 
0.5811923608763025 0.4632828971559001 0.37157423460015593 
0.6136065081107022 0.4249791753206825 0.3392327692864213 
0.610682241961624 0.4218600429176891 0.3670947251354384 
0.5621074986119925 0.4849082831973577 0.42243231411543336 
0.6232177116647203 0.40813117164646007 0.35980981670392165 
0.5787823848277405 0.4631721591165924 0.3960930156078497 
0.6677437090305025 0.3629046234624509 0.3344039241889154 
0.71583841797682 0.32243386601738666 0.34753825995004184 
0.6666077204136296 0.3675100483205136 0.31174544158372297 
0.5966003917055429 0.4400905837020277 0.3515244439554285 
0.6376410398724605 0.3938236500364074 0.32862616666426114 
0.6646623567294618 0.37283859685765885 0.3053034837630624 
0.6969626626274893 0.3363658853913387 0.338218342192223 
0.6538713057530151 0.38085176218643246 0.308296116791828 
0.5838654740050221 0.4590094466928669 0.36801115573425935 
0.5672179549798579 0.4800246034504203 0.37376624773433353 
0.5699224639953173 0.47454452145575055 0.3796195396045339 
0.5689273446839227 0.4757335548066609 0.3819594766118499 
0.681752311783884 0.3520946469267049 0.3232683838645011 
0.5508971417400879 0.500420332749343 0.4162403237990524 
0.5949784563099885 0.4498464288559296 0.34542096177916415 
0.5742515362108382 0.4706815206726934 0.37410590493992824 
0.5814458045416089 0.46265529915524783 0.3805056025296203 
0.6505364711649295 0.3790080854449498 0.3215957712696552 
0.6308245898578334 0.40229775550307567 0.3465568098911479 
0.6517447193012731 0.3896176941270598 0.29701315901666603 
0.6934122483914235 0.3439980885818882 0.31928020144196445 
0.6594872378328216 0.3722986447985257 0.31951105335497254 
0.6302686656987019 0.4077057580511253 0.3070577583682955 
0.6034768480189132 0.4399383173548286 0.33838820163970784 
0.7171136435092726 0.32042381545056997 0.3579310330720017 
0.6775193176364219 0.35979521179123264 0.311827171870516 
0.5929012695268207 0.44793909934852616 0.3833105374137461 
0.5575026440968569 0.4919664220475566 0.4247746019719396 
0.6103119607190837 0.4256992388502657 0.34068776062703054 
0.5621003501101363 0.48613361559475443 0.42011962049018114 
0.6437279953484651 0.387162489133993 0.3268312216362992 
0.5608165781070085 0.4868593507431038 0.4320549532060427 
0.6179207091509515 0.41414943841738605 0.3561261594422458 
0.6826557490642187 0.3560747140583246 0.30656359839510794 
0.5746752915861062 0.4694004079278188 0.3775483848027854 
0.5483597719190393 0.5040987379879722 0.40857228195874895 
0.6043003149440059 0.4321406142228781 0.35100770449492047 
0.626916661438697 0.4054219099276095 0.3617488542158498 
0.5691904294843917 0.4770258587828976 0.3770397815156211 
0.6908647918665459 0.3429493694852628 0.32966244884482554 
0.5460487875699296 0.5067465310163639 0.41503196810925536 
0.6147700641797946 0.41733217522265675 0.36873553168105544 
0.5786925209180145 0.46403858578768753 0.3866031587857669 
0.7100772376010553 0.32634221942220465 0.3505274889474902 
0.5598306654681311 0.49272963164056294 0.4039045963969372 
0.5889000138476541 0.4543452865151357 0.3675593212509657 
0.644517012123617 0.39252587730981614 0.3160913145630303 
0.6204941222035559 0.41141264250839693 0.3564425182466212 
0.7100772376010553 0.3259071870648289 0.35156820107885367 
0.6422773871879408 0.38924446800616197 0.32515403380377417 
0.5427663370264313 0.511180411130008 0.4079666623547127 
0.5553549736057727 0.49490102465810915 0.42091757724540324 
0.713539609516298 0.32407953832977676 0.35952506455437383 
0.7167661681476407 0.3207975773208417 0.35990712322040797 
0.6693699156333103 0.3626352110535309 0.3271469335184656 
0.6861123085575165 0.3484801761016687 0.3219661517090825 
0.5723282667465059 0.47254239996665315 0.378155711414619 
0.5541932482504379 0.49504094283667877 0.41485528621118717 
0.6901522404386654 0.34326486949640556 0.33366201415243535 
0.6496818698894087 0.3821770978509189 0.33131478114689783 
0.6165752591577196 0.4152951596037978 0.35799222146552445 
0.5524387870119758 0.49831408486618 0.41454413464948825 
0.5660152771336946 0.4792819839151088 0.3851852918498073 
0.5400344542537838 0.5145910788766007 0.42124913910728357 
0.539972377306057 0.5157508657984894 0.4064206014263875 
0.5656233474751724 0.4810525784912746 0.37730009259816355 
0.5565012684603876 0.4963585634880875 0.4028916820820606 
0.702517989570538 0.339478744155428 0.32454620742241036 
0.5651520358513691 0.4813250273674463 0.38866400187475225 
0.6876644918477074 0.34676201261023765 0.3197896829553065 
0.5480652060745705 0.5029621260284518 0.4098396973259347 
0.5826156054851279 0.4591923768459788 0.3901961527397566 
0.6325803128208805 0.4035910719069786 0.3135045750979508 
0.6824627634586837 0.34990168545667855 0.32338003756163514 
0.5563008788262483 0.49440158900471665 0.4172527742169263 
0.660328317056658 0.3711297508418201 0.3172265047656645 
0.6628006416541623 0.37280390340935454 0.3101318002422373 
0.676184762199018 0.35478879626399296 0.33671613083235097 
0.6994515627486113 0.3357688364116477 0.33487888172235636 
0.6577912112346544 0.37158948019420746 0.34026063907534077 
0.6399841720095109 0.3926541476232358 0.3220293827176658 
0.7076638793984011 0.32766948504421456 0.3623109548604121 
0.6202971684803178 0.4207679036105477 0.32311439225403626 
0.6918539725301793 0.34083847385439037 0.3299293352524143 
0.549353035397823 0.501771623251599 0.4118759681477524 
0.6829707359327366 0.3494262911501258 0.3371850878996312 
0.612695806520157 0.4262479027612386 0.3357638738938675 
0.7209720552163856 0.3172332258398134 0.35159282083951615 
0.6786659634886456 0.3538176236569025 0.32547632216190714 
0.579677143127973 0.46291758449601506 0.3940275676956192 
0.5425668879022673 0.5113739689570242 0.42401958468589707 
0.6201122817502951 0.4131042558340806 0.3535520703500262 
0.5993274345707258 0.4396334667535684 0.3408789456003014 
0.6488344016591536 0.383502324756261 0.3120233726917505 
0.610677113362778 0.4233956069553503 0.35227245460398504 
0.6614645115572116 0.3694452320321764 0.3364950883525353 
0.6740571115158374 0.3598903651785976 0.31785769918917983 
0.5433348626349319 0.5101391874333645 0.4274819911560881 
0.6323822002772665 0.4026538218394725 0.31593843466136073 
0.5470737614732755 0.5046192554034856 0.40914588923835893 
0.5707488546533315 0.473054647104161 0.3830087136220225 
0.6762940591138179 0.35780846170124014 0.31936847083558406 
0.6972384906377 0.3411690638003694 0.32283282478569786 
0.5952516558054091 0.44341329216657144 0.34834168898288875 
0.5422685754861312 0.5116854239007846 0.4105810011136215 
0.6150616785443059 0.4182157579406829 0.35678842770085406 
0.6635376935990873 0.36921670851415445 0.3144417404124933 
0.5775924158407084 0.465989792217951 0.38400145056594803 
0.5609045357632856 0.48638354972525155 0.43430972484503017 
0.6755394364119698 0.3641257595327212 0.30293640686838985 
0.5425668879022673 0.5113739689570242 0.42401958468589707 
0.5727789502980756 0.47326214391720156 0.3702733630774051 
0.7057168973841872 0.3319274751840896 0.32877143948814447 
0.6120196120253751 0.4241274118654137 0.34376285496693826 
0.644944573626611 0.38454003922723645 0.3379632896893038 
0.5581419594292885 0.49148094658067665 0.43147472066727866 
0.6930219761069275 0.3397130375264056 0.3396841855781312 
0.68635635738559 0.3486943957459776 0.3161680729465025 
0.5505356335128826 0.5012525280067449 0.412092351021877 
0.5929846892843229 0.4462631730323343 0.3906536845331179 
0.551894991074467 0.5003564614826262 0.3996618889058955 
0.6274482722104442 0.4107484685604189 0.3099906335968582 
0.6428542824666634 0.38599571598793736 0.3513214996977704 
0.6509670961405125 0.3859883811064029 0.304382511613838 
0.6366102533933907 0.4029639072245452 0.305241099122213 
0.6695813882147339 0.3641821439088757 0.3148603833367738 
0.569794522417917 0.4767618607701021 0.3768883841284242 
0.593103686880413 0.44529891257285015 0.3877714467160732 
0.6039917800909997 0.4322433487236744 0.3443630004824574 
0.602156951763897 0.43410212334155274 0.3447043981128518 
0.6541958531435902 0.3808632091838665 0.3024326894379291 
0.5928101143006042 0.44638019421792297 0.38793386988048695 
0.5834588351310295 0.4572689059418228 0.3899571754637784 
0.5680010977049181 0.47740850164917714 0.37763606985121245 
0.5981312915921455 0.43875067502697895 0.35766176455562915 
0.5615214030066282 0.4898539272730802 0.40850332406940804 
0.5499938201808022 0.5027243687737637 0.4113608287905368 
0.657164300304107 0.3754796927866121 0.3116457333998871 
0.6041643630899616 0.4333445411581557 0.34332879864501964 
0.6850149319177415 0.34837046120911164 0.32428005636054735 
0.6531711027101791 0.37742651942707295 0.3213292407896765 
0.7125830821110819 0.32416519197603666 0.35403857810853234 
0.5702434715700111 0.47685744871848956 0.3762808678320969 
0.6180376526935817 0.41376533766057755 0.35769047001156307 
0.6820819590043423 0.3517605986406732 0.32392846508663253 
0.6431990032682633 0.39004509080995475 0.3238959881528771 
0.5592662521623302 0.4908748848773501 0.41656401503734397 
0.5623307092995494 0.4904537370433866 0.40099987121187375 
0.5612489635422686 0.48697973784577064 0.4173356329425828 
0.5783367977146864 0.46510764090900947 0.38896018845986313 
0.628768110447444 0.4093683023940047 0.30605476021381806 
0.682530952116624 0.3503261817007609 0.3220160415762744 
0.5430637559670833 0.5102273170065941 0.41108423262210003 
0.5682210030495627 0.47854612962075826 0.37754501460617385 
0.7068045709641744 0.3299652571537265 0.3426884665712162 
0.6475497339153448 0.3834694654271672 0.3150858798556738 
0.6395357075235453 0.391758363245152 0.32935850547165657 
0.5612081329035613 0.4908085851603916 0.40082043905268294 
0.5549295178240817 0.497951049115787 0.40039456315260924 
0.6117509733995705 0.42170340860120126 0.35279281066966695 
0.601447111478967 0.4357050284006808 0.3416806793903888 
0.580736187867555 0.4613305776669445 0.3874530380246657 
0.6251859405075735 0.4156924614245362 0.3082710817147005 
0.6781021440965067 0.3589630572383732 0.31161897991832443 
0.71583841797682 0.32243386601738666 0.34753825995004184 
0.6730757658856459 0.36088332322570016 0.31743646448952223 
0.5933823231110149 0.4455148100264126 0.35142084460972334 
0.6552584031890832 0.376341961060902 0.31902838194806826 
0.7024767184086151 0.33223191701804855 0.3511114368031131 
0.5421294385060773 0.5121336713462086 0.40250771326388635 
0.5595282943879789 0.48816444781523116 0.4317080491622548 
0.5807889635292192 0.4612743251335195 0.38856415178845716 
0.6236269939748322 0.40942797216285387 0.35427406762312574 
0.6143189549664221 0.4181850157317606 0.3570356428036281 
0.6333904646336369 0.40310760983035265 0.3076849505723718 
0.6552584031890832 0.376341961060902 0.31902838194806826 
0.5465712363239743 0.5058935825136814 0.4073669041933762 
0.5456765558702918 0.5071236335531033 0.4142050208169106 
0.718786191813149 0.31940373892168217 0.3610083063707401 
0.551240685463206 0.49908340575421006 0.4274411294236645 
0.6690118016826276 0.361226675246745 0.34056899785056094 
0.5655856061735272 0.47971775276777084 0.38618467131042744 
0.548787563822478 0.5027793160376224 0.4085589606347504 
0.5905307391023952 0.44855798474880515 0.38464743567432613 
0.643464548637083 0.38814213636586925 0.32786779873567007 
0.5550057610602718 0.4944969233413832 0.4229761867113494 
0.6380345724308867 0.3976774985069931 0.3094695875608924 
0.5737298075467425 0.4736751573859609 0.36786400514906803 
0.706899625097887 0.3285415958856379 0.35897998066890224 
0.600858612712653 0.4354172100545288 0.344357494069064 
0.630303159954418 0.40389338488355553 0.31400177093460757 
0.7093804375792419 0.3282881729482965 0.3402831637695888 
0.5459049254932995 0.5097406662324948 0.40230628401794244 
0.5511995798187064 0.5001045013759878 0.4296789073713281 
0.674424271114199 0.3605372253244674 0.3125154906060126 
0.5434797101534928 0.5106523208270001 0.4108736857105042 
0.6287365211555628 0.4086740666423805 0.32348383442802864 
0.6835131949096134 0.34947039657675705 0.3355668727181582 
0.5593219897039599 0.4923220833293913 0.4094753434604752 
0.642242937910073 0.39066106302290826 0.32928281046403907 
0.6687272556342332 0.36818497488344637 0.3094649564158686 
0.5475309083996256 0.5060081061791326 0.40322274955591375 
0.713160333763335 0.3244594027184401 0.34108981814329675 
0.5803266321337334 0.46522779669917924 0.3714029675814996 
0.6154336096050363 0.41753904216368853 0.3592848471848126 
0.6297291875601484 0.40196975076659003 0.3647457911276475 
0.6073280868775227 0.42721219313814573 0.3624334318731949 
0.6927311283927204 0.33992423018237317 0.3392454980207661 
0.5869220929630723 0.45799617858783526 0.36496836795007537 
0.6269807893393795 0.40618259569361115 0.3562473800949346 
0.6088592668003423 0.42567047601521224 0.34865282274619025 
0.5857232744316714 0.45756348546422565 0.36668882911624334 
