4 0 1 0 2 12 2 2 1 1 1146 4585 1079 284 3 0 0 0 0 15 3 0 1 1 1315 4000 1893 3626 
3 1 0 2 0 13 2 0 0 0 1422 1344 4767 2490 3 1 1 0 1 5 1 2 0 0 1309 289 4624 2069 
3 1 0 2 0 13 2 0 0 0 1422 1344 4767 2490 3 1 1 0 1 5 1 2 0 0 1309 289 4624 2069 
0 0 3 0 2 0 5 4 1 1 726 4585 2315 284 7 0 0 0 0 9 5 4 1 1 932 4673 1893 3809 
0 0 3 1 0 0 5 4 0 1 726 4585 4845 719 6 1 0 0 0 4 0 2 1 0 997 3022 4716 3809 
0 0 3 0 2 0 5 4 1 1 726 4585 2315 284 7 0 0 0 0 9 5 4 1 1 932 4673 1893 3809 
4 1 0 2 0 13 2 0 0 0 1422 993 4767 2544 3 1 1 0 1 1 1 2 0 0 1026 912 2080 2069 
3 1 0 2 0 13 2 0 0 1 726 4585 4845 2365 6 1 0 0 0 4 3 2 0 0 1435 866 806 1195 
0 0 3 0 0 1 5 4 0 1 726 4585 4845 284 6 1 0 0 0 8 0 0 1 0 988 3114 4716 3549 
4 1 0 1 0 13 2 0 0 0 1422 577 4767 2544 3 1 1 0 1 1 1 2 0 0 1309 162 1215 3219 
0 0 3 0 0 7 5 4 0 0 726 4585 4845 284 6 1 0 0 0 8 0 0 0 0 988 4633 4716 3809 
0 0 3 0 0 7 5 4 0 0 726 4585 4845 1080 6 1 0 0 0 4 0 2 0 1 730 3870 1861 3872 
0 0 3 0 0 0 5 4 1 1 726 4585 2662 284 6 1 0 0 0 4 5 0 0 1 1067 2562 106 3533 
5 0 3 0 0 12 2 4 0 0 726 4585 155 284 6 1 0 0 1 10 4 0 1 1 680 289 1237 3676 
0 0 3 0 0 8 5 4 1 1 726 4585 4845 284 6 1 0 0 0 4 0 2 1 0 997 3022 4716 3809 
0 0 3 0 2 0 5 4 1 1 726 4585 2315 284 7 0 0 0 0 9 5 0 1 1 1468 2463 1121 3549 
3 1 0 1 0 13 1 1 0 0 1434 1344 4197 2544 4 1 0 0 1 3 3 2 0 0 1309 289 4624 2069 
5 0 3 0 0 8 5 4 1 0 726 4585 4845 1200 6 1 0 0 0 9 5 2 1 0 935 3870 312 3428 
5 0 3 0 0 0 5 4 0 1 720 4727 4127 284 6 0 0 0 1 10 0 0 1 0 595 2629 3705 3549 
0 0 3 0 0 8 5 4 0 0 1032 4585 4845 441 6 1 0 0 0 4 5 0 1 0 997 3022 4716 3809 
5 0 3 0 0 0 0 4 1 1 726 4585 1022 456 6 1 0 0 0 9 5 0 1 0 1220 2562 1893 3809 
5 1 1 2 0 13 2 0 0 0 1324 4719 4837 2397 4 1 0 0 1 1 1 2 0 1 1356 289 505 420 
4 1 2 0 2 12 2 2 0 1 1146 4585 1079 284 3 1 0 0 2 0 3 3 1 1 1258 2562 106 3662 
0 0 3 0 0 7 5 4 0 0 726 4585 4845 1080 6 0 0 0 0 10 0 2 1 0 1322 4582 505 3795 
4 1 0 2 0 13 2 0 0 0 1408 1344 4767 2544 3 1 1 0 1 1 1 2 1 0 1026 912 3330 2069 
4 1 0 1 0 13 2 0 0 0 641 4719 4837 2397 3 1 0 0 1 3 3 0 1 1 1107 3550 1215 1761 
5 0 3 0 2 12 2 4 0 1 726 4585 2315 284 7 1 0 0 0 13 5 0 0 0 501 3016 505 3795 
5 0 3 0 0 7 5 2 1 1 726 4585 4845 284 6 1 0 0 0 8 0 0 1 0 988 3114 4716 3809 
0 0 2 0 0 8 0 2 0 1 726 4585 4593 393 6 1 0 0 0 4 5 0 0 1 882 3022 4716 3535 
4 1 2 0 2 12 2 2 0 1 1146 4585 1079 284 3 1 0 0 2 0 3 0 1 1 1315 4000 1893 3809 
5 0 3 0 0 6 1 4 0 0 726 4585 2315 284 4 1 0 0 0 1 0 2 1 0 890 1013 106 3662 
4 1 0 2 0 13 2 0 0 0 641 4719 4837 2397 3 1 0 0 1 1 1 2 0 0 1026 912 2080 2069 
4 1 1 0 0 7 1 3 0 0 684 4951 4767 2544 4 1 0 0 1 3 3 2 1 0 1114 118 505 3219 
5 0 3 0 0 6 1 4 0 1 726 4719 4278 1701 3 1 1 0 1 3 3 0 1 0 1309 3716 1237 3795 
0 0 3 0 0 8 0 4 0 1 726 4585 4845 284 6 1 0 0 0 10 5 2 1 1 988 3114 720 3809 
4 1 0 0 0 13 1 0 0 1 552 4719 4767 2544 4 1 0 0 1 1 1 2 0 0 1026 912 2080 2069 
0 0 3 0 0 7 5 4 0 0 1032 4585 4845 1080 6 1 0 0 0 4 0 2 1 0 997 3022 4071 3809 
0 0 3 0 0 7 5 4 0 0 1032 4585 4845 1080 6 1 0 0 0 4 5 0 0 0 997 3022 4716 3809 
5 0 3 0 0 8 2 3 0 1 1424 4585 4845 1080 6 1 0 0 0 10 0 2 1 0 612 463 1893 3809 
5 0 3 1 0 13 0 4 0 1 726 4585 4845 1080 6 1 0 0 1 10 0 0 1 0 595 2629 3705 3549 
4 1 0 0 0 12 2 2 1 0 684 4719 4447 2337 3 0 1 0 0 15 3 0 1 1 595 2629 1961 3549 
4 0 1 0 2 12 2 2 1 1 1146 4585 1079 284 3 0 0 0 1 15 3 0 1 1 1258 4673 1893 3795 
4 0 1 0 2 12 2 2 1 1 1475 4585 1079 1929 3 0 0 0 1 3 4 0 1 1 932 4673 1893 3809 
0 0 3 0 0 7 5 4 0 0 726 4585 4845 284 6 1 0 0 0 8 0 0 0 0 1331 2111 2723 3809 
0 0 3 0 0 8 0 0 0 1 726 4585 4845 284 3 1 0 0 0 8 0 2 1 0 935 3870 312 3920 
0 0 3 0 0 8 3 4 0 1 726 4585 4845 284 6 1 0 0 0 10 5 2 1 1 988 3114 720 3809 
0 0 3 0 1 0 5 4 1 1 726 4585 4845 284 6 1 0 0 0 8 0 0 1 0 988 4493 4716 3809 
5 0 3 0 0 8 0 4 0 1 726 4585 4845 1080 6 1 0 0 1 10 0 0 1 0 591 4673 3711 3535 
5 0 3 0 0 6 1 4 0 0 726 4585 4845 719 6 1 0 0 0 8 0 0 1 1 1468 4754 1121 3662 
4 1 0 1 0 13 1 3 0 0 684 4719 4939 2544 4 0 1 0 1 5 1 2 0 0 857 289 4624 2069 
0 0 2 0 0 7 5 4 0 0 1032 4585 4845 1080 6 1 0 0 0 4 5 0 1 0 997 3022 4716 3809 
5 0 3 0 0 0 0 4 1 1 726 4585 1022 456 6 1 0 0 0 4 0 0 1 0 591 4673 3711 3535 
5 0 3 0 2 11 2 4 1 1 1146 4585 2079 284 3 1 0 0 0 13 3 0 1 1 1038 2130 106 1842 
5 0 3 0 2 12 1 4 1 1 726 4585 3695 284 7 1 0 0 2 13 3 0 1 1 508 3870 106 3662 
0 0 3 0 0 8 0 4 0 0 726 4585 4845 1080 6 1 0 0 1 4 0 2 1 1 1157 3870 466 3775 
5 0 3 0 0 12 2 4 1 1 1146 4585 2079 284 3 1 0 0 0 13 3 0 1 1 867 2130 106 1842 
5 0 3 0 0 8 5 4 0 1 720 4727 2565 284 6 1 0 0 0 8 5 0 1 0 997 3022 4716 3809 
5 1 3 0 0 13 1 3 0 1 1429 4727 4845 284 6 1 0 0 0 5 4 0 1 1 932 4673 1893 3809 
4 0 1 0 2 12 2 2 1 1 1146 4585 2492 284 3 0 0 0 0 15 3 0 0 0 932 4673 1893 3809 
5 1 2 1 0 13 0 4 0 1 726 4585 4845 1080 6 1 0 0 0 8 0 0 1 0 988 3022 144 3809 
4 0 1 0 2 12 2 2 1 1 1146 4585 1079 284 3 0 0 0 1 15 3 0 1 1 1258 4673 3468 3795 
4 1 0 0 0 12 2 0 0 0 1422 1344 4767 2544 3 1 0 0 1 8 3 0 1 1 595 2130 106 1842 
4 1 2 1 2 13 1 0 0 1 552 4719 4767 1000 4 1 0 0 1 3 3 2 0 0 1356 289 2429 2069 
6 0 2 0 0 8 0 3 0 1 720 4727 4593 393 6 1 0 0 0 13 5 0 0 1 1322 2629 3519 3662 
3 1 0 2 0 13 2 0 0 0 1422 1344 4767 2490 3 1 0 0 1 5 1 2 0 0 1309 289 4624 2069 
5 1 2 0 1 12 2 2 1 1 1146 4585 2462 284 3 1 0 0 2 13 3 0 1 1 508 3870 1861 3920 
0 0 3 1 0 0 5 4 0 1 726 4585 4845 719 6 1 0 0 1 2 0 0 1 0 595 2629 4716 3809 
5 1 3 0 0 8 0 0 0 1 726 4585 4845 284 3 1 0 0 0 8 0 2 1 0 1393 3394 877 3699 
5 1 3 1 0 13 0 4 0 1 726 4585 4845 1080 6 1 0 0 0 8 0 0 1 0 988 3114 4716 3809 
4 1 0 1 0 13 1 1 0 0 1422 1344 4767 2390 4 1 1 0 1 5 1 2 1 0 1356 289 2429 2069 
0 0 3 0 0 8 5 4 0 1 720 4941 2315 1914 7 1 0 0 0 8 5 0 1 1 785 3870 1861 3920 
0 0 3 0 0 7 5 2 0 1 726 4585 4845 284 6 1 0 0 0 8 0 0 1 0 988 3022 3703 3809 
0 0 3 0 0 8 0 4 1 1 720 4585 1022 809 6 1 0 0 0 8 0 0 0 1 1322 2629 720 3809 
0 0 3 0 0 8 5 4 1 1 726 4585 4845 719 6 1 0 0 0 9 5 0 1 0 525 3922 3705 3549 
5 1 1 0 0 8 0 4 0 0 726 4585 4845 1080 6 1 0 0 0 4 0 2 1 1 680 2130 106 1842 
0 0 3 0 1 8 0 4 1 0 726 4585 4845 1080 6 1 0 0 0 3 0 2 1 0 830 4673 4560 3809 
5 0 3 0 0 7 5 2 0 1 726 4585 2668 284 6 1 0 0 0 9 5 0 1 1 1258 2562 106 3662 
0 0 3 0 0 8 5 4 0 0 726 4585 4535 1080 6 1 0 0 0 4 0 2 1 0 997 3022 4071 3809 
5 1 0 0 0 12 2 0 0 0 641 4719 4837 284 6 1 0 0 0 8 5 0 1 0 932 4673 4560 3809 
0 0 3 0 0 7 5 0 0 1 929 4585 4845 719 6 1 0 0 0 10 0 0 1 0 612 4673 4716 3809 
0 0 3 0 0 7 5 0 0 1 726 4585 4845 719 6 1 0 0 0 10 0 0 1 0 612 4673 1893 3795 
5 1 0 1 0 13 1 3 0 0 684 4719 4939 2544 4 1 1 0 1 5 1 0 0 0 790 4796 106 3662 
5 1 1 0 0 3 1 2 0 0 1306 4639 4845 2531 5 1 0 0 2 3 3 3 1 0 1393 3394 877 701 
5 0 3 0 0 13 2 0 0 0 1324 4719 4837 2397 4 1 0 0 1 1 1 2 0 1 1356 289 505 420 
4 0 3 0 2 12 2 2 1 1 1475 4585 1079 1929 3 0 0 0 1 3 4 0 1 1 932 4673 1893 3809 
5 0 2 0 0 8 0 3 0 1 720 4727 4593 393 6 1 0 0 0 5 0 0 1 0 1331 2623 106 3662 
5 1 2 1 0 13 1 0 0 1 552 4719 4767 2544 4 1 0 0 1 1 1 2 0 0 1026 912 2080 2069 
0 0 3 0 0 8 0 4 1 1 720 4585 1022 809 6 1 0 0 0 9 5 0 1 1 1258 2562 106 3662 
5 0 0 0 0 13 2 0 0 0 641 4719 4837 2397 3 1 0 0 1 1 1 2 0 0 1026 912 2080 2069 
5 0 3 1 0 0 5 4 0 1 726 4585 4845 719 6 1 0 0 0 4 0 2 1 0 997 3022 4716 3872 
0 0 3 0 0 0 5 4 1 1 726 4585 2198 719 6 1 0 0 0 13 5 0 1 1 602 2923 1880 3535 
4 1 1 0 0 12 1 0 1 0 1306 4639 4845 295 5 1 0 0 0 4 3 0 0 1 747 2483 106 3662 
4 1 1 0 0 7 1 2 0 0 1306 4639 4845 2531 5 1 0 0 2 3 3 0 1 1 945 3863 806 3856 
5 0 3 0 0 8 0 4 0 1 739 4585 3695 284 6 1 0 0 2 9 5 0 1 0 997 4796 106 3662 
0 0 3 1 0 0 5 4 0 1 726 4585 4845 719 6 1 0 0 0 4 0 1 1 0 997 3022 4716 3809 
4 1 2 2 0 13 2 0 0 0 1422 1344 4767 2544 3 1 1 0 1 1 1 2 0 0 1026 912 2080 3219 
5 0 3 1 0 12 2 2 0 1 1306 4951 4767 2544 6 1 0 0 2 8 3 0 1 0 1331 2562 106 4079 
5 0 3 0 0 7 5 4 0 0 726 4585 4845 1080 6 1 0 0 0 4 0 2 1 0 591 4673 3711 3535 
4 1 1 0 2 12 2 2 1 1 1146 4585 2079 836 3 1 0 0 0 13 3 0 1 1 867 2130 106 3936 
4 1 1 0 0 7 1 2 0 0 1306 4639 4845 2531 5 1 0 0 2 3 3 0 1 1 1393 3394 877 701 
5 0 3 0 2 2 2 2 0 1 1081 4585 2079 284 3 1 0 0 1 13 3 0 1 0 519 4796 1965 3662 
5 1 3 0 0 7 5 4 0 0 726 4585 4845 1080 6 1 0 0 0 3 0 2 1 0 591 4673 4560 3809 
5 0 3 1 0 0 5 4 0 1 726 4585 2315 284 7 0 0 0 0 9 5 0 1 1 1468 2463 1121 3549 
0 0 3 0 0 8 0 4 1 1 726 4585 4557 284 6 1 0 0 0 8 5 0 1 0 932 4673 4560 3809 
5 0 3 0 0 7 1 4 0 1 726 4585 1079 284 3 0 0 0 0 15 3 0 0 1 747 4567 1893 3809 
5 0 3 0 0 8 5 4 0 0 726 4585 4845 284 6 1 0 0 0 10 4 2 0 0 1393 3394 877 3662 
4 1 0 2 0 13 2 0 0 0 1422 1344 860 2544 3 1 1 0 1 1 1 2 0 0 1026 912 3065 2069 
5 1 3 0 2 12 1 4 1 1 1146 4585 1022 284 6 1 0 0 2 10 0 0 1 1 1038 4657 1776 3662 
0 0 3 1 0 0 5 4 0 0 726 4585 4845 1080 6 1 0 0 0 4 5 0 1 0 821 3922 1961 3549 
4 1 2 1 0 13 1 0 0 0 1306 4639 4767 2490 2 1 1 0 0 5 1 2 0 0 1309 289 4624 3549 
6 0 3 0 0 8 0 2 0 1 726 4585 4593 393 6 1 0 0 0 2 0 0 1 1 595 2629 3705 3795 
5 0 2 1 0 10 5 0 0 1 726 4585 4845 719 6 1 0 0 0 10 0 0 1 0 612 4673 1893 3795 
6 0 3 0 0 13 0 4 0 1 726 4585 4845 719 6 1 0 0 0 5 0 0 1 0 1331 2623 106 3662 
5 0 3 0 0 7 5 4 0 0 726 4585 4845 1914 7 1 0 0 0 4 5 0 1 0 997 3022 4716 3809 
0 0 3 0 0 8 5 4 0 1 726 4585 1211 284 6 1 0 0 0 0 4 0 0 1 1258 4673 1893 3795 
5 0 3 0 0 8 5 4 1 1 726 4585 4845 284 6 1 0 0 0 9 5 0 1 1 1258 2562 106 3662 
5 1 2 0 0 13 1 3 0 0 1422 1344 4767 2544 3 1 1 0 1 1 1 2 0 0 1309 289 4624 2069 
0 0 1 0 0 8 0 2 0 1 726 4585 4593 393 6 1 0 0 0 4 5 0 0 0 882 3022 4716 3535 
4 1 0 0 1 12 2 0 0 0 1422 1344 727 1701 3 0 1 0 2 5 1 2 0 1 1356 289 505 3219 
5 0 2 0 1 10 2 2 0 1 1146 4585 1079 1241 3 1 0 0 0 8 4 0 1 0 785 3004 466 3775 
5 0 3 0 0 6 1 4 0 1 726 4585 4845 2365 6 1 0 0 0 4 0 2 1 0 680 289 1237 367 
5 1 2 0 0 8 0 2 0 1 726 4585 4593 393 6 1 0 0 0 10 5 0 1 0 997 3022 4716 3809 
0 0 3 0 0 8 5 4 1 1 1079 4585 3695 284 7 1 0 0 0 8 4 0 1 1 953 2931 466 3775 
0 0 3 0 0 1 5 4 0 0 1032 4585 4845 1080 6 1 0 0 1 10 4 0 1 1 932 2562 162 4085 
5 1 1 0 0 8 0 4 0 0 726 4585 4845 441 6 1 0 0 0 4 5 0 1 0 997 3022 4716 3809 
5 0 3 0 0 6 1 4 0 1 726 4719 4278 3105 3 1 0 0 1 3 3 2 1 0 1309 3423 505 3219 
5 0 1 0 0 8 0 4 0 1 726 4585 169 719 7 1 0 0 0 3 4 0 0 1 1258 4673 1893 2565 
0 1 3 0 0 8 5 4 0 1 981 4727 2565 284 5 1 0 0 0 8 4 0 1 1 785 3870 466 3775 
5 0 3 0 0 12 2 4 0 0 726 4585 155 284 6 1 0 0 1 10 4 0 1 1 932 4673 1893 3809 
5 0 3 0 0 8 5 1 1 1 726 4585 4845 548 6 1 0 0 0 4 4 2 0 0 1248 4673 1893 3809 
4 1 2 1 0 13 1 0 0 0 684 4719 4447 4864 3 1 1 0 1 3 3 2 0 0 681 162 1215 1595 
4 0 3 0 2 12 2 2 1 1 1409 4585 1079 1929 3 0 0 0 1 13 4 0 1 0 932 4673 3705 3549 
5 0 0 0 0 8 0 4 0 1 726 4585 4845 284 6 1 0 0 0 4 5 0 1 0 1220 2562 1893 3809 
4 1 0 0 0 13 1 0 0 1 720 4727 4593 393 6 1 0 0 0 13 5 0 0 1 1258 2562 106 3662 
5 0 3 0 0 7 5 2 0 1 726 4585 4845 284 6 1 0 0 0 8 0 0 0 0 988 4633 4716 3809 
5 0 3 0 0 8 0 4 1 1 726 4585 3695 284 6 1 0 0 0 8 5 0 0 1 730 3870 1861 3872 
5 0 1 0 0 8 0 4 0 0 726 4585 4845 1080 6 1 0 0 0 4 0 2 1 1 680 2130 106 3872 
5 1 1 0 0 12 2 4 1 1 1129 4805 2147 1871 5 1 0 0 0 15 3 0 1 1 681 4052 4406 3795 
5 0 3 0 2 12 1 4 1 1 726 4585 3695 284 7 1 0 0 2 4 5 0 1 0 821 3922 1961 3549 
5 0 3 0 0 8 5 1 1 1 726 4585 3695 284 6 1 0 0 0 13 5 0 1 0 1150 3016 3071 3795 
0 0 3 0 1 8 0 3 0 1 726 4585 4845 1592 6 1 0 0 0 10 0 2 1 0 504 3022 1734 3535 
5 1 1 2 0 13 1 3 0 0 684 4719 4447 4679 4 1 1 0 2 6 1 2 0 1 1356 289 505 420 
5 1 0 1 0 13 2 0 0 0 1422 1344 4767 2490 6 1 1 0 1 1 1 2 1 0 1026 912 3330 2069 
0 0 3 0 0 0 5 2 0 1 726 4585 4845 284 6 1 0 0 0 4 5 0 1 0 1220 2562 1893 3809 
5 0 0 0 2 11 2 4 1 1 720 4585 779 302 6 1 0 0 0 9 5 0 1 0 1015 3022 720 3809 
5 0 2 0 1 8 5 2 0 1 739 4585 3695 284 6 1 0 0 0 8 5 0 1 0 932 3481 4560 3809 
5 1 0 2 0 13 2 0 0 0 1422 1344 4767 2490 3 1 1 0 1 5 1 2 0 0 1309 289 4624 2069 
5 0 1 0 0 10 2 3 0 1 726 4585 2315 1420 6 1 0 0 2 9 4 0 0 1 1067 2562 106 3533 
5 1 0 1 0 13 1 3 0 0 726 4585 4845 719 6 1 0 0 0 10 0 0 1 0 612 4606 3705 3549 
0 0 3 0 1 0 0 4 1 1 726 4585 1022 809 6 1 0 0 0 9 5 0 0 1 1258 2562 106 3662 
0 0 2 0 0 7 5 4 0 0 1032 4585 4845 284 7 0 0 0 0 3 4 0 0 1 1082 4673 1893 3795 
0 0 3 0 0 7 5 4 0 1 726 4585 4845 284 6 1 0 0 0 10 5 0 1 0 1399 2562 162 4085 
4 1 0 1 0 13 2 1 0 0 1422 1344 4767 2490 3 1 0 0 1 5 1 2 0 0 1309 289 4624 2069 
0 0 3 0 0 8 5 4 1 1 726 4585 3695 284 7 1 0 0 0 5 3 0 1 1 1094 2923 1734 3535 
5 1 0 0 1 12 2 2 1 1 1146 4585 2462 284 3 1 0 0 2 13 3 0 1 1 1468 2463 1121 3662 
5 0 3 0 0 12 0 4 1 1 726 4585 4557 284 6 1 0 0 0 8 5 0 1 0 932 4673 4560 3809 
0 0 3 0 2 11 2 4 1 1 726 4585 3695 558 7 1 0 1 0 13 5 0 1 0 501 4796 106 3662 
5 1 2 0 0 13 1 3 0 1 726 4585 1994 284 6 1 0 0 2 7 5 0 1 0 1399 3022 3703 3809 
4 0 1 0 0 12 2 0 0 0 641 4719 4837 2397 3 1 1 0 2 6 3 0 1 1 1399 2562 162 4085 
0 0 3 0 0 8 5 4 1 1 1079 4585 3695 284 6 1 0 0 0 10 0 0 1 1 681 4052 2738 3795 
5 0 3 0 2 12 1 4 1 1 726 4585 3695 284 7 1 0 0 2 5 4 0 1 1 932 463 1893 3809 
4 1 2 1 0 13 1 0 0 0 1306 4639 4767 2490 2 1 1 0 1 5 1 2 0 0 1309 289 4624 2069 
0 0 1 0 0 8 5 2 1 1 1146 4585 871 284 3 1 0 0 1 3 4 0 0 1 1258 4673 1893 3795 
6 0 3 0 0 7 5 0 0 1 929 4585 4845 719 6 1 0 0 0 10 0 0 1 0 612 4673 4716 3809 
5 1 0 1 0 13 1 3 0 0 726 4585 4845 719 6 1 0 0 1 15 3 0 1 1 1258 4673 3468 3795 
4 0 2 0 0 13 1 0 0 0 1306 4639 4845 2531 5 1 0 0 1 5 3 0 1 1 1258 3022 1734 3535 
4 1 0 0 0 13 1 0 0 1 1249 4727 4593 393 6 1 0 0 0 2 3 2 1 0 1114 118 4525 1201 
5 0 3 0 0 8 0 4 0 1 726 4585 1702 284 6 1 3 0 0 15 0 2 1 0 997 3022 4272 3809 
0 0 3 0 0 8 5 4 0 1 720 4727 2565 284 6 1 0 0 0 3 4 0 0 0 595 2629 3705 3549 
4 1 0 1 0 13 2 0 0 0 641 4719 4837 2397 3 1 0 0 1 10 3 0 1 1 867 2130 106 1842 
5 1 3 0 0 6 1 4 0 0 726 4585 4845 1396 6 0 0 0 0 10 0 2 1 0 504 3022 1734 3535 
5 0 3 0 0 8 5 4 0 1 726 4585 4845 284 6 1 0 0 0 10 5 0 1 0 1148 2562 162 4085 
5 0 1 0 0 7 5 4 0 1 1066 4585 4845 719 6 1 0 0 0 8 0 0 1 1 595 2629 3705 3549 
5 0 2 0 0 8 5 4 1 1 720 4727 2315 1914 7 1 0 0 0 8 5 0 0 1 785 3870 1861 3920 
5 0 0 0 0 8 0 4 0 1 726 4585 4845 284 6 0 0 0 2 10 0 0 1 1 1038 4657 1776 3662 
0 0 3 0 2 0 5 4 1 1 726 4585 2315 284 7 1 0 0 0 13 5 0 1 0 501 3016 505 3795 
5 0 3 0 0 7 5 2 0 1 726 4585 2668 284 6 1 0 0 1 10 4 0 1 1 932 2562 162 3809 
5 0 3 0 1 7 0 4 1 0 1032 4585 4845 1080 6 1 0 0 0 4 5 0 1 0 997 3022 3705 3549 
5 0 3 0 0 8 0 4 1 1 720 4585 1022 809 2 1 0 0 0 9 5 0 1 1 1258 2562 106 3662 
5 0 3 0 0 8 0 4 1 1 720 4585 4599 393 6 1 0 0 0 4 0 2 1 0 997 3022 4716 3902 
5 0 3 0 0 7 5 2 0 1 726 4585 4845 284 6 1 0 0 0 8 0 0 0 0 988 4633 4716 3809 
4 1 0 1 0 13 1 1 0 0 1422 719 4767 2544 4 1 1 0 1 5 1 2 0 0 1356 289 505 3795 
0 0 3 0 1 0 5 2 1 1 726 4585 2315 284 7 0 0 0 0 15 5 0 1 0 1220 2562 1893 3809 
5 1 3 0 1 12 2 3 1 1 1146 4585 1079 284 3 1 0 0 0 0 3 0 1 1 1315 4000 1893 3809 
5 0 3 0 0 8 0 4 0 1 720 4941 2315 1914 7 1 0 0 1 8 5 0 1 1 785 3870 1861 3920 
0 0 3 0 0 8 0 4 0 1 726 4585 4845 284 6 1 0 0 0 13 5 0 1 1 997 3022 2543 3838 
5 0 3 0 0 8 5 4 0 1 726 4585 1211 284 6 1 0 0 2 14 0 2 1 0 596 4530 2723 3657 
0 0 3 0 0 8 0 4 1 1 707 4585 3010 809 6 1 0 0 0 8 4 0 1 0 1331 2623 1490 3662 
0 0 3 0 0 0 0 4 0 1 726 4585 4845 284 6 1 0 0 0 10 0 0 1 1 681 4052 2738 3795 
5 0 3 0 0 7 1 4 0 1 726 4585 1079 284 6 1 0 0 2 14 5 2 1 0 596 4530 2723 3657 
0 0 3 0 0 1 0 4 0 1 726 4585 4845 1080 6 1 0 0 0 4 5 0 1 0 821 3922 1961 3549 
5 1 2 2 0 13 1 3 0 0 684 4719 4447 4679 4 1 1 0 2 6 1 2 0 0 1026 912 4768 2069 
0 0 3 0 0 0 5 4 1 1 726 4585 2662 284 6 1 0 0 0 8 0 0 1 0 997 3022 4716 3535 
5 1 0 1 0 13 2 0 0 0 641 4719 4837 2397 3 1 0 0 2 6 3 2 0 0 1309 289 4624 2069 
5 0 3 0 0 8 0 4 0 1 726 4585 1702 284 5 1 0 0 1 3 2 0 0 1 1258 4673 1893 3795 
5 0 3 0 2 11 2 4 1 1 726 4585 2315 284 6 1 0 0 0 15 3 0 1 1 1315 4000 1893 3626 
0 0 2 0 0 8 5 4 0 1 720 4727 2565 284 6 1 0 0 1 10 4 0 0 0 665 2562 162 3838 
4 0 1 0 2 12 2 2 0 1 1146 4585 571 284 3 1 0 0 2 0 3 0 0 1 1315 4000 1893 3533 
3 1 0 2 1 13 2 0 0 0 1422 1344 1733 2490 3 1 1 0 1 5 1 2 0 1 1356 1727 1883 2069 
0 0 3 0 0 8 5 4 0 0 720 4585 1022 809 6 1 0 0 0 9 5 0 1 1 1258 2562 106 3662 
5 0 3 0 0 8 0 4 0 1 726 4585 4845 1080 6 1 0 0 1 3 3 0 1 1 945 3863 806 4826 
5 0 3 0 0 12 2 4 1 1 1146 4585 2079 284 3 1 0 0 0 13 3 0 1 1 1107 3550 1215 1761 
5 1 0 0 0 8 5 1 1 1 1026 4585 1022 809 6 1 0 0 0 9 4 0 1 1 945 3863 806 3856 
5 1 1 0 0 13 1 0 1 0 1306 4639 4845 295 5 1 0 0 2 3 3 3 1 1 595 2629 1912 3535 
5 0 2 0 0 10 2 2 0 1 1146 4585 1079 284 3 1 0 0 0 15 3 0 1 1 1315 4000 1893 3626 
4 1 0 1 0 13 2 0 0 1 641 4719 4837 2397 3 1 0 0 2 6 3 0 1 0 525 3922 106 4079 
4 1 1 0 0 13 1 3 0 0 1422 1344 4767 2544 3 1 1 0 1 1 1 2 0 0 1309 289 4624 2069 
5 0 0 0 0 13 2 0 0 0 641 4719 4845 284 6 1 0 0 0 8 0 0 0 0 596 4530 2723 3662 
4 1 1 0 0 7 1 3 0 0 684 4951 4767 1871 5 1 0 0 0 15 3 0 0 1 681 4052 4406 3795 
4 1 0 0 0 13 1 0 1 0 1306 4639 4845 295 5 1 0 0 2 3 3 3 0 1 595 2629 1912 3535 
5 0 1 0 0 8 0 0 0 0 726 4585 4845 1080 6 1 0 0 0 4 0 2 0 1 680 2130 106 3872 
0 0 3 0 0 0 5 4 0 0 726 4585 4845 1080 6 1 0 0 0 4 5 0 1 0 932 4673 4560 3809 
0 0 3 0 0 8 5 4 0 1 726 4585 1211 284 6 1 0 0 2 12 0 1 1 0 785 3934 466 3775 
4 0 3 0 2 8 0 4 0 1 726 4585 1096 284 6 1 0 1 0 2 5 0 1 0 501 4796 106 3662 
5 0 0 0 0 8 0 4 0 1 726 4585 4845 284 6 1 0 0 2 10 0 0 1 1 1038 4657 1776 3662 
4 1 2 1 0 13 1 0 0 0 1306 4639 4767 2490 6 1 0 0 1 13 3 0 1 1 1112 4796 1965 3662 
6 0 3 0 0 8 0 2 0 1 726 4585 3241 393 6 1 0 0 0 2 0 0 1 1 595 2629 3705 3795 
0 0 3 0 0 8 0 4 0 1 726 4585 2315 1043 6 1 0 0 2 4 0 2 1 0 591 606 3711 3535 
5 0 2 0 0 8 0 4 1 1 739 4585 3695 284 6 1 0 0 2 9 5 0 1 0 997 3114 4716 3809 
5 0 3 0 0 13 2 0 0 0 1324 4719 4837 2397 4 1 0 0 1 1 1 2 0 1 997 3022 720 3809 
0 0 3 0 0 7 5 4 0 0 1032 4585 4845 1080 6 1 0 0 0 4 4 0 1 1 932 4673 1893 3809 
5 1 2 0 1 12 0 4 0 0 681 4585 4845 393 6 1 0 0 0 8 5 0 1 0 1220 2562 1893 3809 
6 0 3 0 1 0 0 2 1 1 726 4585 1022 809 6 1 0 0 0 9 5 0 1 0 1057 3870 106 3662 
6 0 3 0 0 8 0 4 0 1 726 4585 4595 1080 6 1 0 0 1 10 0 0 1 0 595 2629 3705 3549 
5 0 3 0 0 8 0 4 0 1 1102 4585 4845 284 6 1 0 0 0 1 4 0 0 1 1393 3394 877 3662 
0 0 3 0 0 7 5 4 1 1 726 4585 2198 719 6 1 0 0 0 13 5 0 1 1 997 3022 2479 3838 
5 0 3 0 2 13 5 4 0 1 726 4585 2315 284 6 1 0 0 0 15 5 0 1 0 932 4673 4560 3809 
0 0 3 1 0 0 5 4 0 1 726 4585 4845 719 6 1 0 0 0 4 0 2 1 0 997 3022 4716 3902 
4 1 0 1 0 13 1 3 0 1 684 4719 4939 2544 4 0 1 0 1 13 3 0 1 0 612 3168 1965 2231 
5 1 0 0 0 13 1 0 0 1 552 4719 4767 719 6 1 0 0 0 1 0 0 1 0 1492 4796 1965 3662 
0 0 1 0 0 8 0 4 1 1 720 4585 1022 809 6 1 0 0 0 8 0 0 0 1 1345 2629 3703 3809 
5 0 3 0 0 7 5 2 0 1 726 4585 2668 284 6 1 0 0 1 10 4 2 0 1 1393 3394 877 3699 
4 1 0 0 0 13 1 0 0 1 552 4719 4767 719 6 1 0 0 0 1 0 0 1 0 1492 4796 1965 3662 
0 0 3 1 2 0 5 4 1 1 726 4585 2315 284 7 1 0 0 0 13 5 0 1 0 501 3022 3703 3809 
0 0 1 0 0 8 5 4 0 1 726 4585 1714 284 6 1 0 0 0 4 4 2 1 0 747 3022 1861 3662 
5 0 1 0 0 8 0 2 0 1 726 4585 4593 393 6 1 0 0 0 10 5 0 0 0 890 3016 505 3809 
4 1 1 0 0 7 1 2 0 0 1306 4639 4845 2531 5 1 0 0 2 3 3 3 0 0 997 3022 144 3809 
5 1 2 0 2 12 2 2 0 1 1146 4585 1079 284 3 1 0 0 2 0 3 4 1 1 1315 4000 1893 3809 
0 0 3 0 0 8 0 4 0 1 726 4585 906 284 6 0 0 0 0 13 5 0 1 0 1399 3022 3703 3809 
4 1 0 0 0 13 2 0 0 0 1422 1344 4767 2490 3 1 0 0 1 0 3 0 1 1 867 2130 106 1842 
0 0 3 0 0 7 5 4 0 0 1032 4585 4845 1080 6 1 0 0 0 4 4 2 1 0 591 4673 3711 3535 
5 0 2 0 1 8 5 4 0 1 739 4585 3695 284 6 1 0 0 0 8 5 0 1 0 932 3481 4560 3809 
0 0 3 0 0 0 0 4 0 1 726 4585 4845 284 6 1 0 0 0 10 0 2 1 0 1468 2463 1121 3662 
5 1 1 0 0 13 1 0 1 0 1306 4639 4845 295 5 1 0 0 2 3 3 0 0 1 1012 3394 1750 3699 
0 0 2 0 0 8 5 4 0 1 720 4727 4845 1080 6 1 0 0 1 10 0 0 1 0 595 2629 3705 3549 
5 1 1 2 0 13 2 0 0 0 1324 4719 4837 2397 4 1 0 0 1 1 1 2 0 0 1026 912 4768 2069 
5 1 3 0 0 7 5 2 0 1 726 4585 4593 393 6 1 0 0 0 13 5 0 0 1 1322 2629 3519 3662 
5 0 3 0 2 11 2 4 1 1 720 4585 1022 809 6 1 0 0 2 8 4 0 1 1 785 3870 466 3775 
5 1 0 1 0 13 2 0 0 0 1422 1344 4767 2490 6 1 0 0 1 5 1 2 0 0 1445 289 4624 1681 
0 0 3 0 0 7 5 4 0 0 726 4585 4845 1080 6 1 0 0 0 3 0 2 1 0 591 4673 4560 3809 
5 0 3 0 0 14 5 4 1 1 726 4585 4845 284 6 1 0 0 0 9 5 0 1 0 596 4530 2723 3662 
4 1 1 0 1 13 2 0 0 1 720 4727 4593 393 6 1 0 0 0 15 3 0 1 1 681 4052 4406 851 
5 0 3 0 0 6 1 0 1 0 1306 4639 4845 295 5 1 0 0 0 4 3 3 0 1 890 3016 4406 851 
0 0 1 0 0 8 0 4 0 1 726 4585 4845 284 6 1 0 0 1 10 0 0 1 0 595 2629 2377 3809 
4 0 2 0 0 13 1 0 0 0 1306 4639 4845 2531 5 1 0 0 1 5 3 0 1 1 1258 4673 1786 2069 
4 1 0 0 0 12 2 2 1 1 1146 4585 3043 284 3 0 0 0 0 15 3 0 1 1 1315 4000 1893 3626 
5 0 3 0 0 0 5 4 1 1 726 4585 4845 284 6 1 0 0 0 9 5 0 1 0 596 4530 2723 3662 
5 0 3 0 0 6 1 4 1 1 726 4585 1022 809 6 1 0 0 0 9 5 0 0 1 1258 2562 106 3662 
4 0 2 0 0 13 1 2 0 0 891 4639 4845 2531 5 1 0 0 2 3 3 0 1 0 945 3863 806 3856 
5 0 0 1 0 13 1 0 0 0 1306 4639 4845 2531 5 1 0 0 1 5 1 2 0 0 1478 4530 2723 3657 
5 1 0 0 0 13 1 3 0 0 726 4585 4845 284 6 1 0 0 0 8 0 0 1 0 1399 2562 162 4085 
5 0 1 0 0 7 1 2 1 1 1146 4585 1079 284 6 1 0 0 0 5 0 0 1 0 754 2623 106 3662 
4 1 0 2 0 13 2 4 1 1 1146 4585 2079 284 3 1 0 0 0 13 3 0 1 1 1038 2130 106 1842 
4 1 0 0 0 13 2 0 0 0 641 4719 4845 284 6 1 0 0 0 8 0 0 0 0 596 4530 2723 3662 
5 0 0 0 0 8 5 1 1 1 1026 4585 1022 809 6 1 0 0 0 9 4 0 1 1 945 3863 806 3856 
0 0 3 1 0 0 5 4 0 0 726 4585 4845 1080 6 1 0 0 0 4 5 0 1 0 932 4673 4560 3809 
5 1 0 1 0 13 2 0 0 0 641 4719 4837 2397 3 1 0 0 1 5 1 2 0 0 1309 289 4624 2069 
5 0 1 0 2 12 2 2 0 1 720 4727 4593 393 6 1 0 2 0 5 0 0 1 0 1331 2623 106 3662 
3 1 0 2 0 13 2 0 0 0 1422 1344 4767 2544 3 1 0 0 1 4 1 2 0 1 1356 1727 505 2982 
0 0 3 0 0 8 5 4 1 1 1079 4585 3695 284 7 1 0 0 0 8 4 0 1 1 953 2190 1861 3920 
0 0 3 0 0 8 5 4 1 1 726 4585 4845 284 6 1 0 0 0 4 0 2 0 0 1248 4263 3705 3676 
4 1 0 0 1 12 2 0 0 0 1422 1344 4767 2544 3 1 0 0 1 4 1 2 0 1 1356 1727 505 2982 
5 1 3 0 0 6 0 4 0 1 859 4585 4845 719 6 1 0 0 2 12 5 2 1 0 1468 2463 1121 3662 
0 0 3 0 1 0 5 4 1 1 726 4585 4845 284 6 0 0 0 0 15 3 0 1 1 584 4974 89 3626 
0 0 2 0 0 7 5 4 0 0 1032 4585 4845 1080 6 1 0 0 0 4 5 0 1 0 997 2629 3519 3662 
6 0 3 0 0 8 0 4 0 1 726 4585 4845 719 7 1 0 0 0 10 0 0 1 0 1478 4530 2723 3657 
5 0 1 0 0 7 1 2 1 1 1146 4585 1079 284 6 1 0 0 0 5 4 0 1 1 932 463 1893 3809 
5 1 1 0 0 13 1 4 0 0 1032 4585 4845 1080 6 1 0 0 0 15 5 0 1 0 997 3022 3703 3809 
0 0 3 0 0 7 5 4 0 0 726 4585 4845 284 6 0 0 0 0 8 0 0 0 0 596 4530 2723 3662 
0 0 3 0 0 8 0 2 0 1 726 4727 4845 284 6 1 0 0 0 10 0 0 1 0 501 2278 3016 3549 
5 1 3 2 0 12 2 4 1 1 1146 4585 513 284 3 1 0 0 0 13 3 0 1 1 867 3022 720 3809 
4 0 1 0 2 12 2 2 1 1 1146 4585 1079 284 3 1 0 0 0 13 5 0 1 1 602 2923 1880 3535 
5 0 1 0 0 7 5 4 0 1 1066 4585 1022 809 5 1 0 0 0 0 5 0 1 0 542 3022 720 3809 
6 0 3 0 0 8 3 4 0 0 726 4585 4845 1080 6 1 0 0 0 4 5 0 1 0 587 3922 1961 3549 
5 0 3 0 0 8 0 4 0 1 726 4585 4845 284 6 1 0 0 0 8 0 0 1 0 988 3114 4716 3549 
0 0 3 0 0 7 5 4 0 0 726 4585 4845 284 6 1 0 0 0 8 0 0 0 0 1356 2562 1893 3809 
5 1 1 0 0 8 0 3 0 0 726 4585 4845 1080 6 1 0 0 0 4 0 2 1 0 1399 2562 162 4085 
0 0 3 0 0 0 0 4 0 1 726 4585 4845 284 6 1 0 0 0 10 0 0 1 0 501 2278 3016 3549 
5 0 3 1 0 13 1 0 0 0 1306 4639 4845 954 5 1 0 0 1 5 1 2 0 0 1478 4530 2723 3657 
3 1 0 2 0 13 2 0 0 0 1422 1344 4767 2490 3 1 1 0 1 5 1 2 0 0 1309 289 1861 3872 
5 1 2 0 1 12 2 0 1 0 1306 4639 4845 295 5 1 0 0 0 4 3 0 0 1 747 2483 106 3662 
5 0 3 0 1 0 0 4 1 1 726 4585 4557 284 6 1 0 0 0 8 5 0 1 0 932 4673 4560 3809 
5 0 3 0 0 6 1 4 0 1 726 4585 1211 284 6 1 0 0 2 12 0 1 1 0 785 3934 466 3775 
5 0 3 0 2 12 2 2 1 1 901 4585 1079 1929 3 0 0 0 1 3 3 0 1 1 1331 289 2080 2069 
4 1 0 0 0 13 1 0 0 1 1222 4719 4767 2544 4 1 0 0 1 1 1 2 0 0 1026 912 2080 2184 
5 0 3 0 0 6 2 2 0 1 1146 4585 1079 284 2 1 0 0 0 0 3 0 1 1 1315 4000 1893 3809 
5 0 3 0 0 7 5 2 0 1 726 4585 2316 284 6 1 0 0 0 3 4 0 0 0 595 2629 3705 3549 
0 0 3 0 0 8 0 4 1 1 758 4585 1022 809 5 1 0 0 0 0 5 0 1 0 542 3022 720 3809 
0 0 1 0 0 8 0 4 0 1 726 4585 4845 284 6 1 0 0 0 4 5 0 1 0 997 3022 720 3809 
0 0 3 1 0 8 0 4 0 1 726 4727 4599 393 6 1 0 0 0 8 5 0 1 0 1220 2562 1893 3809 
4 1 0 1 2 13 1 0 0 0 908 4639 4845 789 5 1 0 0 0 15 3 0 0 1 1309 289 1509 1842 
0 0 3 0 0 0 5 4 1 1 726 4585 2662 284 6 1 0 0 0 8 0 0 1 0 997 3022 106 3533 
0 0 1 0 0 8 1 4 1 1 1079 4585 3033 284 7 1 0 0 0 8 4 0 1 1 525 3922 3705 3549 
0 0 3 0 1 8 0 4 0 0 726 4585 1096 284 6 1 0 0 0 4 4 0 1 0 591 4673 3711 3535 
0 0 3 0 0 8 0 4 0 0 726 4585 4845 1080 7 1 0 0 2 5 4 0 1 1 932 463 1893 3809 
5 0 3 0 0 6 1 4 0 0 1084 4585 4845 719 6 1 0 0 0 8 3 0 0 0 610 4673 1263 3535 
5 0 3 0 0 8 0 4 0 1 726 4585 4845 1080 6 1 0 0 1 3 3 0 1 1 945 289 2429 2069 
4 0 1 0 2 12 2 2 0 1 1146 4585 1079 1929 3 0 0 0 0 1 4 0 0 1 1393 3394 877 3662 
4 1 0 0 0 12 2 0 0 0 1422 4010 4767 2544 3 1 0 0 1 4 3 2 0 1 1468 3982 1121 3662 
5 0 3 0 0 13 1 0 1 0 1306 4639 4845 295 5 1 0 0 2 3 3 3 1 1 595 2629 1912 3535 
5 0 3 0 2 12 1 4 1 1 726 4585 3695 284 7 0 0 0 0 3 4 0 0 1 1258 763 1893 3795 
5 0 1 0 0 8 4 2 1 1 726 4585 3695 284 7 1 0 0 0 13 5 0 1 0 1150 3016 505 3795 
4 1 0 1 0 13 2 0 0 0 1422 1344 4767 2544 3 1 1 0 1 1 1 2 0 0 1309 289 4624 2069 
4 1 0 0 2 7 2 4 1 0 1146 4585 2079 284 3 1 0 0 0 13 3 0 1 1 1038 2130 106 1842 
5 0 3 0 0 14 5 4 0 1 720 4727 4127 284 6 0 0 0 1 10 0 0 1 0 595 2629 3705 3549 
0 0 3 1 0 0 5 4 0 1 726 4585 4845 1080 6 1 0 0 1 10 0 0 1 0 595 2629 3705 3549 
5 0 3 1 0 13 0 4 0 1 726 4585 2565 284 6 1 0 0 1 10 4 0 0 0 665 2562 162 3838 
0 0 3 0 0 7 5 4 0 0 726 4585 4845 284 6 0 0 0 0 8 0 0 0 1 932 4673 1893 3809 
5 1 2 0 0 13 1 3 0 1 726 4585 1994 284 6 1 0 0 0 10 0 2 1 0 1322 4582 505 3795 
0 0 3 0 0 7 5 2 0 1 726 4585 4845 284 6 1 0 0 0 8 0 0 0 0 988 3114 4716 3809 
5 0 1 0 0 8 0 2 0 1 726 4585 4593 284 6 1 0 0 2 14 0 2 1 0 596 4530 2723 3657 
4 1 0 0 0 12 2 2 1 0 684 4719 2627 2337 3 0 1 0 0 4 3 0 1 1 595 2629 1961 3549 
0 0 3 0 0 7 0 4 0 1 726 4585 4845 284 7 1 0 0 0 8 4 0 1 1 953 2931 466 3775 
0 0 3 0 0 7 5 4 0 0 726 4585 2349 284 6 0 0 0 0 8 5 0 0 0 612 3870 466 3775 
6 0 3 0 0 8 0 3 0 1 720 4727 4593 393 6 1 0 0 0 3 4 0 0 1 1258 4673 1893 3795 
5 1 2 0 0 8 0 2 0 1 726 4585 4593 393 6 1 0 0 0 8 0 0 1 0 615 310 3728 1642 
0 0 1 0 0 8 0 4 1 0 720 4585 1022 809 6 1 0 0 0 9 5 0 1 1 1258 2562 106 3662 
4 1 2 1 2 13 1 0 0 1 552 4719 4767 2544 4 1 0 0 1 3 3 2 1 0 1309 118 2080 1543 
0 0 3 1 0 0 5 4 0 1 726 4585 4845 1080 6 1 0 0 2 4 5 0 1 0 821 3922 1961 3549 
5 0 1 0 0 8 0 4 0 1 726 4585 4845 719 6 1 0 0 0 15 0 2 1 0 997 3022 4716 3809 
0 0 3 0 0 8 0 4 1 1 720 4727 2315 1080 6 1 0 0 0 4 0 2 1 0 591 4637 3711 3535 
5 1 0 2 0 13 2 0 0 0 1422 1344 4767 2544 3 1 1 0 1 1 1 2 1 1 1026 912 3330 2069 
0 0 1 0 0 8 5 4 0 1 726 4585 1714 284 6 0 0 0 1 4 4 2 1 0 747 3022 1861 858 
5 1 3 0 0 7 5 2 0 1 726 4585 2668 284 6 1 0 0 1 10 4 0 1 1 932 2562 162 3809 
5 0 2 1 0 10 2 3 0 1 726 4585 3695 284 6 1 0 0 1 3 4 3 0 1 890 3016 4406 851 
5 0 3 0 0 8 0 0 0 1 726 4585 4845 284 3 1 0 0 0 8 0 2 1 0 932 4673 4560 3809 
5 1 0 2 0 13 2 0 0 0 1422 1344 4767 2544 3 1 1 0 1 1 1 2 1 0 1026 912 3330 2069 
5 0 3 0 0 12 2 4 0 0 726 4585 4845 284 6 1 0 0 0 8 0 0 1 0 1315 4000 1893 3626 
0 0 3 0 0 0 5 2 0 1 726 4585 2662 284 6 1 0 0 0 8 5 0 0 0 890 3016 505 3809 
0 0 3 0 0 8 5 4 0 0 1032 4585 4845 284 6 1 0 0 0 8 4 0 1 0 988 3114 4716 3809 
3 1 0 2 0 13 2 0 0 0 759 1344 4767 2490 3 1 0 0 1 5 1 2 0 0 1309 289 4624 2069 
4 1 0 2 0 13 2 0 0 0 1422 1344 4767 2544 3 1 0 0 1 5 1 2 0 0 1445 289 4624 1681 
5 1 1 0 0 7 1 2 0 0 1306 4639 4845 2531 5 1 0 1 2 3 3 3 1 0 1399 2562 162 4085 
4 1 0 1 2 13 1 0 0 0 908 4639 4845 789 3 1 1 0 1 3 3 1 1 0 1309 289 1237 3676 
0 0 2 0 0 8 0 2 0 1 726 4585 4593 393 6 1 0 0 0 4 5 0 0 1 1067 2562 106 3533 
0 0 3 0 0 8 5 4 0 1 726 4585 1211 284 6 1 0 0 0 8 0 4 1 0 932 4673 4560 3809 
4 1 0 0 0 13 1 0 0 1 552 4719 4767 2544 4 1 0 0 1 1 1 2 0 0 1026 2278 3016 3549 
5 0 2 0 0 10 2 3 0 1 726 4585 4845 2365 6 1 0 0 0 4 0 2 1 0 680 289 1237 3676 
5 0 3 0 0 8 0 4 0 0 726 4585 4845 1080 6 1 0 0 0 2 0 2 0 1 730 3870 1861 3872 
0 0 3 0 0 7 5 4 0 0 1032 4585 4845 1080 6 1 0 0 0 4 5 0 0 1 1012 3394 877 3699 
0 0 3 0 0 0 0 4 0 1 726 4585 4599 393 6 1 0 0 0 8 5 0 1 0 1220 2562 1893 3809 
0 0 3 0 0 0 5 4 1 1 726 4585 2662 284 6 1 0 0 0 8 5 0 1 0 997 3022 4716 3535 
0 0 3 0 1 0 5 4 1 1 726 4585 2198 719 6 1 0 0 0 13 5 0 1 1 997 3022 2543 3809 
0 0 3 1 0 8 0 4 1 1 720 4585 1022 809 6 1 0 0 0 4 5 0 1 0 1356 2562 1893 3809 
0 0 0 0 0 8 5 1 1 1 1026 4585 1022 809 6 1 0 0 0 9 4 0 1 0 1331 2111 2723 3809 
4 1 0 0 1 12 2 0 1 0 1422 1344 727 1701 3 0 1 0 2 5 1 2 0 1 1393 3455 877 858 
0 0 3 0 0 8 0 4 1 1 720 4585 1022 809 6 1 0 0 0 4 5 0 1 0 997 3022 4716 3809 
4 1 0 1 0 13 2 0 0 0 641 4719 4837 2397 3 1 0 0 2 6 3 0 1 0 525 3922 3705 3549 
0 0 3 0 0 7 5 2 0 1 726 4585 4845 284 6 1 0 0 0 4 5 0 1 0 1220 2562 1893 3809 
0 0 3 0 0 14 0 4 0 1 726 4585 4845 284 6 1 0 0 0 10 0 0 1 1 602 2923 2713 3535 
5 0 0 0 0 13 2 3 0 1 726 4585 3695 369 6 1 0 0 0 10 5 0 1 0 525 3922 3705 3549 
5 1 0 1 0 12 2 0 0 0 641 4719 4837 2397 3 1 0 0 2 6 3 2 0 0 1331 2111 3711 3535 
0 0 3 0 0 7 5 4 0 0 1032 4585 4845 1080 6 1 0 0 0 4 5 0 0 1 1012 1371 877 3699 
5 1 1 0 0 13 1 3 0 0 1081 4585 3311 284 6 1 1 0 2 5 3 0 1 0 1220 2562 1861 3920 
5 0 2 0 1 10 2 2 0 1 1146 4585 1079 284 3 1 0 0 0 15 3 0 1 0 1026 912 3065 2069 
5 0 0 1 0 13 1 0 0 0 1306 4639 4845 2531 5 1 0 0 1 5 1 2 0 1 1393 3394 877 3699 
4 1 0 2 0 13 2 0 0 0 641 4719 4837 2397 3 1 0 0 1 1 1 2 0 0 504 3022 3478 3535 
5 1 0 1 0 13 1 3 0 0 726 4585 4845 719 6 1 0 0 0 10 0 2 0 1 1393 3455 877 858 
5 0 3 0 0 12 2 4 0 1 726 4585 4593 393 6 1 0 0 0 2 0 0 1 1 595 2629 3705 3795 
5 1 0 2 0 13 2 0 0 0 1422 1344 4767 2490 3 1 0 0 1 5 1 2 0 0 1309 289 4624 2069 
6 0 3 0 2 7 2 4 1 1 726 4585 3695 558 7 1 0 1 0 13 5 0 1 0 501 4796 720 3809 
4 1 0 0 0 13 1 0 0 1 552 4719 4767 2544 4 1 0 0 1 2 3 2 1 0 1114 118 4525 1201 
0 0 3 0 0 8 5 4 0 0 1032 4585 4845 441 6 1 0 0 0 4 5 0 1 0 525 3922 106 4079 
5 1 0 1 0 13 1 3 1 0 684 4719 4939 2544 4 1 1 0 1 5 1 0 0 0 1251 3423 1893 3795 
5 0 1 1 0 8 0 2 0 1 726 4585 1079 1929 1 0 0 0 2 11 4 0 0 1 595 2629 1961 3549 
3 1 0 2 0 13 2 0 0 0 1422 1344 4767 2490 3 1 1 0 1 5 1 2 0 0 1356 1727 1883 2069 
5 0 0 2 0 13 2 0 0 0 1422 4719 4917 1701 3 1 0 0 1 3 3 2 1 0 1309 3423 505 3219 
0 0 3 0 1 0 0 4 0 1 726 4585 4845 1080 6 1 0 0 1 10 0 0 1 0 595 2629 3705 3549 
0 0 3 0 1 0 5 4 1 1 726 4585 4845 1080 6 1 0 0 0 4 5 0 1 0 997 3022 4716 3809 
5 0 3 0 0 8 0 0 0 1 726 4585 4845 284 3 1 0 0 0 8 0 2 1 0 935 3870 312 3920 
5 0 3 0 0 8 0 4 1 1 726 4585 3695 284 6 1 0 0 2 8 5 4 0 1 1393 3394 877 3699 
5 0 3 0 1 6 1 4 0 1 726 4719 4278 1701 4 1 0 0 0 13 3 0 1 1 953 2931 466 3775 
5 0 3 0 2 8 0 4 0 0 726 4585 1096 284 6 1 0 0 0 4 0 0 1 0 591 4673 3711 3535 
5 1 2 1 0 13 2 1 0 0 726 4585 4845 719 6 1 0 0 0 10 0 2 0 1 1393 3455 877 858 
4 1 0 1 2 13 1 0 0 0 908 4639 4845 789 5 1 0 0 0 15 3 0 0 1 988 1899 720 3809 
0 0 3 1 0 0 5 4 1 1 726 4585 4845 719 6 1 0 0 0 10 5 0 1 0 997 3022 4716 3809 
5 1 2 0 0 13 1 3 0 1 726 4585 1994 284 6 1 0 0 2 7 5 0 1 1 501 3016 505 3795 
0 0 3 0 1 7 5 4 0 1 726 4585 4845 284 6 1 0 0 0 10 5 0 1 0 1399 4673 106 3662 
0 0 3 0 0 8 0 4 0 0 726 4585 4845 393 6 1 0 0 0 8 5 0 1 0 1220 2562 1893 3809 
4 1 1 0 0 12 1 0 1 0 1306 4639 4845 295 5 1 0 0 0 4 3 0 0 1 890 3016 4406 851 
4 1 1 0 1 13 2 0 1 0 1422 1344 4767 2490 3 0 0 0 1 5 3 2 0 0 721 2278 1383 3549 
5 0 3 0 0 0 0 4 1 1 726 4585 1022 456 6 1 0 0 0 9 5 0 1 0 501 2278 3016 3549 
0 0 3 0 1 0 5 4 1 1 726 4585 4845 1080 6 1 0 0 0 4 5 0 1 0 1220 2562 1893 3809 
5 0 1 0 0 8 0 4 0 1 1491 4585 4845 719 7 1 0 0 0 8 0 0 1 0 1220 2562 1893 3809 
5 1 1 0 1 13 2 0 0 1 720 4727 4593 393 6 1 0 0 0 15 3 0 1 1 681 4052 4406 851 
0 0 3 0 0 8 0 4 1 1 720 4585 1022 809 6 1 0 0 0 8 0 0 0 1 1345 2629 3703 3809 
0 0 3 0 0 7 5 4 0 1 726 4585 4845 719 6 1 0 0 0 4 0 2 1 0 997 3022 4716 3872 
4 0 1 0 2 12 2 2 1 1 1146 4585 1079 284 3 0 0 0 1 15 3 0 1 1 1258 118 4525 1201 
0 0 3 0 1 0 5 4 1 1 726 4585 4845 1080 6 1 0 0 0 4 5 0 1 0 997 3022 4716 3809 
0 0 3 0 0 8 0 4 1 1 720 4585 1022 809 6 1 0 0 2 8 4 0 1 1 785 3870 466 3775 
4 1 1 0 1 13 2 0 0 0 1422 1344 4767 2490 3 0 0 0 1 5 3 2 0 0 1060 289 1237 1761 
5 0 1 0 0 8 0 4 0 1 726 4585 4845 719 7 1 0 0 0 3 4 0 0 1 1258 4673 1893 2565 
5 0 3 0 0 6 1 4 0 1 726 4585 4845 2365 6 1 0 0 0 4 0 2 1 0 680 289 1237 3676 
0 0 3 0 0 15 5 4 1 1 726 4585 4845 1080 6 1 0 0 1 10 0 0 1 0 595 2629 4716 3809 
5 0 1 0 0 13 2 0 0 0 1422 4798 4767 2544 3 1 1 0 1 1 1 2 1 0 1026 912 3330 2069 
4 1 0 1 0 12 2 0 0 0 641 4719 4837 2397 3 1 0 0 2 6 3 0 1 0 1399 2562 162 4085 
0 0 3 0 0 4 5 4 0 1 726 4585 4845 284 6 1 0 0 0 10 5 2 0 0 932 4673 1893 3809 
5 1 3 0 0 1 5 0 0 1 726 4585 4845 284 6 1 0 0 0 8 0 0 1 0 932 4673 4560 3809 
0 0 2 0 0 8 5 4 0 1 720 4727 2565 284 6 1 0 0 0 3 4 0 0 0 595 2629 3705 3549 
5 0 3 0 0 12 2 4 0 0 726 4585 2315 284 7 0 0 0 0 9 5 0 1 1 1468 2463 1121 3662 
5 0 3 0 0 6 1 4 0 0 1084 4585 4845 719 6 1 0 0 0 4 0 2 1 0 997 3022 4716 3809 
5 0 3 0 2 2 2 2 1 1 1081 4585 2079 284 3 1 0 0 1 13 3 0 1 0 612 4796 1965 3662 
5 0 3 0 2 2 2 2 1 1 1081 4585 2079 284 3 1 0 0 1 10 4 0 1 1 932 2562 162 4085 
4 1 1 0 0 12 1 0 1 0 1306 4639 4845 1609 5 1 0 0 0 4 3 0 1 0 1150 3016 505 3795 
0 0 3 0 0 8 0 4 1 0 758 4585 1022 809 5 1 0 0 0 0 5 0 1 0 542 3022 720 3809 
5 0 3 0 0 7 5 2 0 0 726 4585 4845 284 6 1 0 0 0 8 0 0 1 0 988 3022 3703 3809 
5 0 2 0 0 8 0 3 0 1 720 4727 4593 393 6 1 0 0 0 13 5 0 0 1 1258 2562 106 3662 
5 0 3 0 0 8 0 3 0 1 720 4727 4593 393 6 1 0 0 0 13 5 0 0 1 1258 2562 106 3662 
5 0 0 0 1 12 1 2 1 1 1146 4585 3209 284 3 1 0 0 2 13 3 0 1 1 1468 2463 1121 3662 
5 0 1 0 0 7 5 4 0 0 726 4585 4845 1914 7 1 0 0 0 10 0 0 1 0 1478 4662 2723 3657 
0 0 1 0 0 8 0 4 0 1 726 4585 4845 719 6 1 0 0 0 5 0 2 1 0 1185 4530 1893 3626 
0 0 3 0 0 8 0 4 0 1 726 4585 2315 1080 6 1 0 0 0 10 5 2 1 0 504 3022 1734 3535 
6 0 3 0 0 8 0 4 0 1 704 4585 4845 1080 6 1 0 0 0 4 5 0 1 0 821 3922 1961 3549 
0 0 3 0 0 7 5 2 0 1 726 4585 2316 284 6 1 0 0 0 3 4 0 0 0 1435 866 806 1195 
0 0 3 0 0 8 5 4 0 1 726 4585 1211 284 6 1 0 0 0 0 4 0 0 1 1258 3022 4716 3872 
5 0 3 0 0 12 2 4 0 0 726 4585 2315 1420 6 1 0 0 1 13 3 2 1 0 612 1191 1965 3535 
5 0 2 0 0 8 0 4 1 1 739 4585 4767 1000 4 1 0 0 0 10 5 0 1 0 997 3022 2170 3809 
3 1 0 0 0 13 2 0 0 1 726 4585 4845 2365 6 1 0 0 0 4 3 2 0 0 1435 866 806 1195 
5 0 3 0 0 6 1 4 0 1 726 4585 4845 2365 6 1 0 0 0 4 3 0 0 1 1309 289 2080 3807 
4 1 0 0 0 13 2 0 0 0 1422 1344 4767 2490 3 1 0 0 1 5 1 2 0 0 1309 289 4624 2069 
0 0 2 0 0 8 0 4 0 0 720 4727 2315 284 7 0 0 0 0 9 5 0 0 1 508 4101 1861 3920 
5 0 1 0 0 8 0 0 0 0 726 4585 4845 1080 6 1 0 0 0 8 0 0 0 0 1356 2562 1893 3809 
4 1 0 1 2 13 1 0 0 0 908 4639 4845 2531 5 1 0 0 0 15 3 0 0 1 1309 289 2080 3807 
5 0 2 0 0 10 2 3 0 1 726 4585 3695 369 6 1 0 0 2 4 0 2 1 0 636 4673 3711 3535 
0 0 2 0 0 7 5 4 1 0 726 4585 1211 284 6 1 0 0 0 12 0 4 1 1 1258 4673 1893 3795 
0 0 3 0 0 0 5 4 1 1 726 4585 2198 719 6 0 0 0 1 15 3 0 1 1 1258 4673 3468 3795 
0 0 3 0 0 8 5 2 0 0 726 4585 4845 284 6 1 0 0 0 8 0 0 0 1 1258 2562 106 3662 
0 0 3 0 0 6 0 4 0 1 859 4585 4845 719 6 1 0 0 2 12 5 2 1 0 596 4530 2723 3657 
5 0 1 0 2 12 2 2 0 1 720 4585 1022 809 6 1 0 0 0 9 5 0 1 1 1258 2562 106 3662 
4 1 0 0 0 13 1 0 0 1 552 4719 4767 2544 4 1 0 0 1 2 3 2 1 0 1114 4673 1893 3795 
0 0 3 0 1 0 5 4 0 1 726 4585 4845 284 6 1 0 0 0 10 5 0 1 0 1399 4673 1893 3809 
0 0 3 0 1 7 0 4 1 1 726 4585 1022 809 6 1 0 0 0 9 5 0 0 1 1258 2562 2723 3662 
4 1 0 0 0 12 2 0 0 0 1422 1344 4767 2544 3 1 0 0 1 4 3 2 0 0 1430 289 4624 2069 
5 0 3 0 0 6 1 4 0 1 726 4585 4845 809 5 1 0 0 0 0 3 0 1 0 554 3022 720 3809 
5 0 3 0 0 6 1 2 0 1 726 4585 3053 2365 6 1 0 0 0 4 0 2 1 1 1468 2463 1121 3549 
0 0 3 0 0 0 5 4 1 1 726 4585 2662 284 6 1 0 0 0 4 3 0 0 1 1067 2562 106 3533 
0 0 0 0 0 8 5 1 1 1 1026 4585 1022 809 6 1 0 0 0 9 4 0 1 0 1356 2562 1893 3809 
5 0 3 0 0 8 0 4 0 1 726 4585 1702 284 6 1 0 0 0 15 0 2 0 0 591 4673 3711 3535 
5 0 0 0 0 8 0 4 0 1 726 4585 2662 284 6 1 0 0 0 8 5 0 0 0 890 3016 505 3809 
0 0 3 0 0 8 0 4 0 1 726 4585 1702 284 6 1 0 0 0 4 0 2 0 0 591 4673 3711 3535 
5 0 3 0 1 11 2 4 1 1 726 4585 3695 558 7 1 0 1 0 13 5 0 1 0 501 4796 106 3662 
4 1 1 0 2 12 2 2 1 1 1146 4585 4447 1701 6 1 1 0 2 5 3 0 1 1 595 2130 106 1842 
3 1 0 2 0 13 2 0 0 0 1422 1344 4767 2490 3 1 1 0 1 5 1 2 0 0 1309 289 1861 3872 
4 1 0 1 2 13 1 0 0 0 908 4639 4845 789 5 1 0 0 0 15 3 0 0 1 525 3922 3705 3549 
6 0 3 0 1 8 0 4 0 1 726 4585 3695 369 6 1 0 0 0 10 5 0 1 0 525 3922 3705 3549 
5 0 3 0 0 6 1 4 0 1 726 4719 4278 1701 4 1 0 0 0 13 3 0 1 1 1038 2130 106 1842 
4 1 0 1 0 13 1 1 0 0 1422 1344 4197 2544 4 1 0 0 1 3 3 2 0 0 1309 289 4624 2069 
0 0 3 0 0 8 5 4 1 1 726 4585 2198 719 6 1 0 0 0 13 5 0 1 1 997 3022 2543 3838 
0 0 3 0 0 7 5 2 0 1 726 4585 4845 284 6 1 0 0 0 8 0 0 1 0 988 3114 4716 3809 
0 0 3 0 0 8 0 4 0 1 726 4585 3685 284 6 1 0 0 0 10 0 2 1 0 1331 2111 3711 3535 
5 0 3 0 2 11 0 0 0 1 726 4585 4845 284 3 1 0 0 0 8 0 2 1 0 932 4673 4560 3809 
5 0 3 0 0 8 0 4 0 1 1102 4585 4845 284 6 1 0 0 1 10 0 0 1 0 595 2629 2347 3809 
5 0 3 0 2 12 1 4 1 0 726 4585 3695 284 5 1 0 0 2 9 4 0 1 1 1309 4673 1893 3809 
5 0 3 0 0 6 1 4 0 1 726 4719 4278 1701 4 1 0 0 0 13 3 0 1 1 1038 2130 106 1842 
0 0 2 0 0 8 5 4 1 1 726 4585 4845 719 6 1 0 0 0 9 5 0 1 0 525 3922 3705 3549 
0 0 2 1 0 0 5 4 0 1 726 4585 4845 719 6 1 0 0 0 8 5 0 1 0 1220 2562 1893 3809 
4 1 2 2 0 13 2 0 0 0 1422 1344 4767 2490 3 1 1 0 1 5 1 2 0 0 1309 289 4624 2069 
0 0 3 0 0 7 5 4 0 0 726 4585 4845 284 6 1 0 0 0 8 5 0 0 0 997 3022 4716 3809 
5 1 1 0 0 7 1 2 0 0 1306 4639 4845 2531 5 1 0 0 2 3 3 3 1 0 997 3022 4716 3809 
0 0 3 0 1 0 0 4 1 1 726 4585 4557 284 6 1 0 0 0 8 5 0 1 0 932 4673 4560 3809 
0 0 3 0 0 8 5 2 0 0 726 4585 4845 284 6 1 0 0 0 15 5 0 1 1 936 3870 1861 3920 
5 0 3 0 0 7 5 2 0 1 726 4585 4593 393 6 1 0 0 0 2 0 0 1 0 595 2629 3705 3795 
5 0 3 0 0 8 2 3 0 1 820 4585 4845 1080 6 1 0 0 0 10 0 2 1 0 612 2562 106 3533 
0 0 3 1 0 0 5 4 0 1 726 4585 4845 719 6 1 0 0 0 1 0 0 1 0 1492 4796 1965 3662 
5 0 3 0 0 12 2 4 0 0 1044 4585 155 284 6 1 0 0 1 10 4 0 1 1 932 2562 162 4085 
5 0 3 0 0 8 5 4 1 1 726 4585 2198 719 6 1 0 1 0 13 5 0 1 1 997 3022 2543 3838 
4 1 2 1 0 13 1 0 0 0 1422 1344 4767 2544 3 1 0 0 1 5 1 2 0 0 1445 289 4624 1681 
5 0 3 0 0 8 0 3 0 1 720 4727 4593 393 6 1 0 0 0 13 5 0 1 1 1315 4000 1893 3809 
5 0 3 0 0 6 1 4 0 1 726 4585 2668 284 6 1 0 0 1 10 4 0 1 1 674 2562 162 3809 
4 1 0 1 0 13 2 0 0 0 1422 1344 4767 2544 3 1 1 0 1 1 1 2 0 0 721 2278 3016 3549 
0 0 3 0 1 0 5 4 1 1 1079 4585 3695 284 7 1 0 0 0 8 4 0 1 1 953 2931 466 3775 
0 0 3 0 0 0 5 4 1 1 726 4585 2662 284 6 1 0 0 0 8 0 0 1 0 922 3022 4716 3535 
4 1 0 0 1 13 2 0 0 1 720 4727 4593 393 6 1 0 0 0 15 3 0 1 1 681 4052 4406 851 
0 0 3 1 0 0 5 4 0 1 726 4585 3394 1080 6 1 0 0 2 4 5 0 1 0 821 3922 1961 3549 
5 1 2 0 0 3 1 3 0 1 726 4585 3695 284 7 1 3 0 2 4 5 0 1 0 821 3922 1961 3549 
5 0 2 0 0 10 2 4 0 0 641 4719 4837 2397 3 1 0 0 1 1 1 2 0 0 1026 912 2080 2069 
0 0 2 0 0 7 5 4 0 0 1032 4585 4845 1080 6 1 0 1 0 8 4 0 1 1 785 3870 466 3775 
5 1 0 1 0 13 1 3 0 0 726 4585 4845 719 6 1 0 0 1 8 5 1 1 0 997 3991 2723 3657 
5 1 0 0 1 4 2 2 1 1 1146 4585 2462 284 3 1 1 0 2 13 3 0 1 0 501 3016 505 3458 
0 0 3 0 0 0 5 4 0 1 726 4585 1211 284 6 1 0 0 0 0 4 0 0 1 1258 4673 1893 3795 
4 1 0 1 0 13 2 2 0 0 1422 577 4767 2544 3 1 1 0 1 8 1 2 0 0 1309 162 1215 3219 
5 0 3 0 0 8 5 1 1 1 726 4585 3695 284 6 1 0 0 0 13 5 0 1 1 1309 2823 1826 1723 
5 0 1 0 0 8 0 4 0 1 726 4585 4845 719 6 1 2 0 0 5 0 2 1 0 1185 4530 2772 4085 
5 1 0 0 0 8 0 4 0 0 726 4585 4845 1080 6 1 0 0 0 4 0 2 1 1 680 2130 106 1842 
5 0 3 0 0 8 0 4 1 1 726 4585 3695 284 6 1 0 0 0 8 0 0 1 0 988 3114 4716 3809 
5 1 0 1 0 13 1 3 0 0 684 4719 4447 4679 4 0 1 0 2 6 3 2 0 0 1309 289 4154 2069 
1 0 3 0 0 0 0 4 1 1 726 4585 1022 456 6 1 0 0 1 9 5 0 1 0 1220 3022 720 3809 
5 0 3 0 0 8 0 4 0 1 726 4585 4845 1080 6 1 0 0 1 3 3 0 1 1 945 3114 4716 782 
5 0 2 0 0 8 0 4 1 1 739 4585 3695 284 6 1 0 0 0 8 0 0 1 0 997 3022 106 3533 
5 0 3 0 0 7 5 2 0 1 726 4585 2668 284 6 1 0 0 1 10 4 0 0 1 932 2562 162 3838 
