0.8746822411966108 0.1750466747833156 0.0988857609702487 
0.8371887241059403 0.22227255997836548 0.13839396881687882 
0.9335314023371679 0.09647126160049846 0.11957991760745079 
0.9312088477245433 0.09624302548053332 0.12571805249522283 
0.8402646126024054 0.20556013473820856 0.1576602679368183 
0.838641818629837 0.21569185309736916 0.135159645255857 
0.8837701279000326 0.14390818810850348 0.1557369689686201 
0.841803484749953 0.20151536215933952 0.15487186436318723 
0.840239863464632 0.20558702246691873 0.1565686737138674 
0.8391714529918877 0.20674775506316223 0.15714287846089658 
0.8387716295824401 0.2095092215468427 0.14743472151266446 
0.8398291285008072 0.2146073570297713 0.1372547665872631 
0.8826432180162598 0.16362248388196632 0.09969055248141545 
0.8465214842337664 0.19367877594372995 0.1545814508182708 
0.8855128080521588 0.16088897815720793 0.09987493282333615 
0.9272329058602234 0.10145232112645763 0.11896447468540494 
0.8392425421980062 0.20860746491034532 0.1501058313354512 
0.9246173351185328 0.10401390543979194 0.1177581947455808 
0.89444822574722 0.14228905755137067 0.10969394231195262 
0.9323678056564162 0.09679443158119805 0.11994956849113947 
0.8780675020181918 0.15172838109311992 0.15678472292091217 
0.8918643416229658 0.13366368290897623 0.15152288692270988 
0.8996114939292621 0.12425954241321835 0.15219312533682527 
0.931344543084788 0.0983741731069645 0.11937527157450711 
0.8912643153636328 0.1512938954406151 0.10446035859063862 
0.8390246646024515 0.20903256407844295 0.14656261319021535 
0.871461114868124 0.17370192933916917 0.10360177659049175 
0.8398800816430531 0.21146897744453141 0.14012855623321907 
0.8462794573896275 0.19508570953377957 0.13808276162931854 
0.8569499323846637 0.18135131761133771 0.12819482087938927 
0.9046012127491404 0.11846277498495228 0.14546525442883063 
0.8536888795952181 0.18112965374619916 0.1405875487329804 
0.8386433790120216 0.2156895496544261 0.13702174100880715 
0.8904872684005087 0.14183725665334912 0.12464626942196244 
0.8743962733208333 0.17407376546531228 0.10001823626282957 
0.9327967524390186 0.09820065157016311 0.11602226445065578 
0.8685184427047066 0.1672209562313589 0.12423065513511744 
0.844678830325685 0.19863416232833075 0.13318962291513758 
0.8777241394983688 0.16689771221021554 0.10328850041934079 
0.875975332695099 0.1734383924877041 0.09908259266124819 
0.8783946995330016 0.16763639069765823 0.10131388923460893 
0.8821513502642261 0.14584898145222724 0.15283563312734216 
0.8440893509785927 0.20261310418097078 0.13223104072829006 
0.8455282225245074 0.20389606063306598 0.13174000842714806 
0.8766767499082816 0.16803560749409208 0.1027707712075061 
0.9135476841247436 0.10980368482553571 0.13350902838423917 
0.8796944140869487 0.15056376476660516 0.14178311439663005 
0.8459758360182195 0.1961575203607805 0.13557109530502987 
0.8881057076552532 0.145638254298325 0.12090913239994838 
0.8787879349409673 0.15155616828502227 0.1410928025331386 
0.8631946878918749 0.18690437006269855 0.10673519126876074 
0.9172473363687924 0.11102881605480985 0.1161571070539339 
0.8914193679572955 0.1414338115616276 0.11512381567774 
0.9201691610162195 0.10709314876142995 0.12020174415286888 
0.8584479924876213 0.18265320525365458 0.12269836908801057 
0.9275467459217089 0.10203208258263152 0.11419071771094313 
0.8420747527384734 0.2044913346815308 0.1407369727653649 
0.9064007217346924 0.12867577588641266 0.11023314118967487 
0.9267426487487709 0.10807173213863197 0.1100616597859061 
0.8612919742667542 0.18894217243418365 0.10928706486367179 
0.8397231177991734 0.20813078344517733 0.145188230323126 
0.901679316807887 0.12578696939753253 0.12794174147471338 
0.8822902896913927 0.16433062637988638 0.1007600740884218 
0.8446176217826955 0.20209308099967183 0.13978531114094495 
0.9329985141041719 0.09759026412299443 0.11918406839139695 
0.8865093385420101 0.13891603004020525 0.14630554279828833 
0.9120024606023828 0.11937504596972803 0.11260552851083228 
0.923103433582547 0.10480709004454591 0.12315304644536529 
0.8488450333554225 0.1924311266947113 0.13435746308061725 
0.8468316576407102 0.20710579138980367 0.12124259035372775 
0.9298358610019205 0.09928541688441661 0.12109842596977971 
0.9211179142021406 0.10559511756850415 0.12988961184983006 
0.8410307419629965 0.2031183711747634 0.1531340991844048 
0.8832653425768638 0.1472994629011759 0.13404095439362607 
0.8397928845988423 0.2075418802050274 0.14991755264177764 
0.9051644001912942 0.12035790236146571 0.13277952842913643 
0.8491879937771081 0.19312335128731806 0.12937944585009253 
0.8394590452776995 0.20622860296581924 0.15351525211530892 
0.9213120885433408 0.10632828166177433 0.1236011983866554 
0.9099282808430813 0.12112939516413812 0.11661728115470793 
0.8916993145232556 0.13481925455784838 0.1439032928944658 
0.8423964867046614 0.20275856023547711 0.13760030175709326 
0.8433065889209497 0.21057399041708325 0.12863863924377583 
0.8376229797772622 0.21208355917834532 0.14573104752688393 
0.8729196672346694 0.1580638445012421 0.137706230165203 
0.8929708367563096 0.14681402034626212 0.10867127580263891 
0.8824750143167484 0.1465860793160827 0.1414037316000708 
0.8426420289301894 0.2011669477811039 0.15124122934364448 
0.87938459649403 0.148825419058352 0.14821357131622126 
0.9194102669618662 0.11364941392555572 0.11104060090295587 
0.8429457744788726 0.2007114514514975 0.14787568355532155 
0.8778798445390874 0.15936916514077581 0.11671804010724762 
0.9215037359958033 0.1105355139438362 0.1108352331876965 
0.9302806914604698 0.09880986354676158 0.11997335735646142 
0.9055196360359128 0.11987761019537468 0.12712942685357054 
0.8997406249417781 0.1260283821527841 0.12696815902035163 
0.8675336142572992 0.1757297324462328 0.10704227861724203 
0.8530701407876515 0.19411775125189934 0.1186436272166409 
0.8812787426945368 0.16156445977891187 0.10248552538397548 
0.8820330542512227 0.14975102404983032 0.13011791605080025 
0.9012862740986312 0.13603988403412426 0.1105413719963082 
0.8507786622788619 0.18997058045933535 0.13248334541931206 
0.8385869901445647 0.2130772597401429 0.1399317245422198 
0.8850910166592574 0.15879690031502736 0.10180166557325909 
0.851280493255422 0.1871152790944801 0.13780439854990145 
0.8869335405717635 0.1386586262288395 0.1443977184014913 
0.8597777265949367 0.1754359105958384 0.13646618354451534 
0.8946051483752111 0.13570143320280847 0.12312428246147955 
0.8958982398736993 0.13409315090719687 0.12332111415247893 
0.8380990604218783 0.21391725330763722 0.13975714847815368 
0.9288045773702897 0.09958542694477379 0.12083000404871169 
0.9113151579426558 0.11652694435596389 0.12133635383482233 
0.8511602427502434 0.18574902430811457 0.14881303426127424 
0.8516758067373533 0.184836866368858 0.1477329329093059 
0.8961500698693025 0.12981064558464683 0.13839572557897561 
0.8919960340017419 0.13379978840382123 0.14523383045029326 
0.8573986925162449 0.18733468293415967 0.12395329801069421 
0.8867263676971815 0.13966779838073884 0.14377284791509704 
0.9006649775297207 0.1293748384341581 0.11858220388981466 
0.8376210562697709 0.21167759825189392 0.14822597959302652 
0.8431866498612919 0.1997942166931319 0.14905143489074457 
0.9225238408847106 0.10876660762570722 0.11521089837614729 
0.9020895876559193 0.12793027776572263 0.12503801639129009 
0.8470527432811985 0.19457950611487873 0.1374919501833236 
0.9292180034474502 0.09843158256806528 0.12548345970823327 
0.8402656701015634 0.2055589858597816 0.15765991817979952 
0.8451905227891877 0.19672548476352925 0.1404449659202286 
0.9070632182549433 0.13501069628397433 0.10602828237514628 
0.9188820761537612 0.107531332393768 0.12187409649949221 
0.9036518790520263 0.12217731105408713 0.1328471176349758 
0.9024189983607833 0.12295013947693323 0.1345843695100868 
0.8732907122387144 0.16125217688471893 0.1237584695526387 
0.8965827663405234 0.14605594029014246 0.10484500552171816 
0.8755495868233676 0.15465588274677056 0.1536027921719736 
0.8876697042623497 0.1387835362970008 0.13997891838608978 
0.8485965387796838 0.19360947651470173 0.13324652472681164 
0.8435956793532517 0.19929084461318858 0.1444293741141972 
0.9082260994969368 0.1161741641416495 0.13488330368509083 
0.8610017990778638 0.17592743404045696 0.12835675512787736 
0.8887520682152831 0.13701957150095434 0.1429500885924262 
0.9041679758293604 0.123059546316446 0.12577586244328298 
0.8703861255343451 0.1730867902057237 0.11248206883699352 
0.869276670646447 0.16549549479871195 0.12731098689655806 
0.8926264672844312 0.13301572376025306 0.1469097092614957 
0.9093648880539914 0.12242555603845917 0.11686678611512968 
0.9303836367445553 0.09895005396716561 0.11989436044713042 
0.8407395708258285 0.20652886436400753 0.1459652205030597 
0.928025764946383 0.10099503562545153 0.11925352488303986 
0.886224530739288 0.1411340144126465 0.13896596187917176 
0.8751486945691644 0.164042262188708 0.11052935274531184 
0.8935976361233953 0.1306976216147523 0.14867348421220028 
0.9200986169791197 0.11192403318326305 0.10944545864260458 
0.8847885650117765 0.143019887535211 0.13933618014724047 
0.8807705076918497 0.15026638723500774 0.1374351971534118 
0.8973670845926525 0.12836939164575412 0.131355912313188 
0.9028832268011611 0.12050164290869414 0.15055707635504922 
0.8466822907803035 0.19821900262139347 0.13167455894707814 
0.8749508480554481 0.16674266435189833 0.10765260552172229 
0.8726854986223862 0.15999241384921425 0.13688227330837377 
0.9195848426417998 0.10840677745636695 0.11587696754802346 
0.9000703658841769 0.12388446289281041 0.15136144213541947 
0.883130727229115 0.16321379779415757 0.10157079046842876 
0.8884573957129704 0.1370352609179326 0.14227227530420183 
0.8901610001802095 0.1366197178384837 0.13304248831690169 
0.8908779367799005 0.14270611310546621 0.11537352373410115 
0.8720938308724863 0.17046422335105726 0.10495438492144249 
0.9163557980271065 0.11470211195302416 0.11279184906726714 
0.9010095619674925 0.12858358972808126 0.12055880039113975 
0.8478375533539324 0.19208644785947693 0.149571167649718 
0.9238169323831988 0.10802243257964306 0.1113532744602942 
0.8627839346293487 0.17249379648111962 0.13097973762850035 
0.8713766921053427 0.16842539261962863 0.10883116078630928 
0.9078874334335467 0.11688924556909197 0.1387866013620619 
0.8724210839300534 0.17797127838201765 0.0994087617526711 
0.8742564953248794 0.15626416504238205 0.1534059604809742 
0.8723690448092152 0.17755975614750852 0.09945961596025898 
0.9320365491735265 0.0978258240937312 0.12027573758256249 
0.8727626224183023 0.1700488818992434 0.10621181250089917 
0.8413094066032403 0.20879468913638077 0.1289913443424725 
0.8954703226852057 0.14491681145781243 0.10606567592176219 
0.9225971001536095 0.10238105748230952 0.13383848196948012 
0.8526964654164029 0.18331996118780092 0.15089304870629605 
0.8992668615261921 0.1269218305508394 0.13490212316187267 
0.8698171698089404 0.1797920734855839 0.10067326104136487 
0.8835218680774417 0.14504071551738673 0.14415510818246768 
0.8868161930721711 0.1529983024090592 0.10719322207165005 
0.9198442656530319 0.1108411113700305 0.11440583585709985 
0.8769590397773869 0.15285203267795489 0.14274450472936484 
0.9047646557145199 0.11856565176517453 0.14350038891376093 
0.8848929961579501 0.1618983901546881 0.10095588658617105 
0.8836880002341124 0.1449682177595043 0.15203209952306262 
0.8697123080648541 0.18024260961665783 0.100487453034244 
0.8456994890047346 0.19752530779289312 0.1326157679251273 
0.8852162470435219 0.14138841958536397 0.1420542555004366 
0.8829728730417162 0.14548985171569395 0.15301301581772786 
0.8652486386615807 0.18259131567253228 0.10746780560210045 
0.8984591775121353 0.12757743699757085 0.13502411702781902 
0.8847975041547945 0.15350654667403363 0.11331013526621858 
0.8717934271484058 0.1600380266680438 0.14024554330763073 
0.911666557535545 0.11795009796626976 0.11487231956016342 
0.9186689487625728 0.11208106677938368 0.11348481478689021 
0.8959514111953207 0.14021820458791912 0.11785859899726314 
0.9146463543817762 0.11309807630344337 0.12143868330358565 
0.9110418875922224 0.11693127010217674 0.12066962755398847 
0.914296483335803 0.12332414556400517 0.10837720021801722 
0.8475138070609406 0.19214938437172624 0.13913701412649648 
0.883585422958551 0.15692109491697748 0.10400429299739755 
0.9085877323471406 0.12572977351499703 0.11190388984199962 
0.9028832268011611 0.12050164290869414 0.15055707635504922 
0.8703247540122436 0.16035492051502243 0.13183713345905912 
0.8853540083782107 0.14923082829639045 0.1131982464222081 
0.8606305795802166 0.1717766513415121 0.13631179098711022 
0.8601313562590858 0.17384622287111196 0.13865367406059415 
0.9285880581105446 0.09975350459903909 0.11765344487308571 
0.8989567940569478 0.14454959895230457 0.10471825597521 
0.8548835864985509 0.18325506335583142 0.1333117059359078 
0.919225998219469 0.11152731723041154 0.11177453837876106 
0.9087573645243304 0.11976052928789582 0.12889162941771004 
0.838306568394339 0.21272583150688662 0.14386051898379215 
0.8802455690911657 0.1591275077043175 0.10671223742321889 
0.897678331846318 0.13089006196326913 0.12407060664556269 
0.8542936905367838 0.1878514644164636 0.12494474204990613 
0.8458962041141187 0.1957581117803101 0.14079467255389044 
0.8939697717307898 0.14071666078166833 0.1185205602419308 
0.881188207784525 0.15844098942419815 0.10408608904247585 
0.8452688436804716 0.20780009610887318 0.12367764894739142 
0.8406578486178915 0.2075233325043958 0.14217475267809465 
0.9104294238764045 0.1253611939534618 0.1112967490099791 
0.9001439038088157 0.1331954226171127 0.11878174359234606 
0.8399905984772453 0.21043222556669183 0.1382683581394084 
0.9150910467388125 0.10906118297825818 0.1385038039622265 
0.8454139424815429 0.19827040966106446 0.13416437802990677 
0.8850008321535757 0.1409023592574935 0.14731465174932712 
0.9232856840823304 0.10504114477172644 0.1143184852194743 
0.9160227032550367 0.11128280609467844 0.13232880345960774 
0.8746598330245472 0.1579375286917455 0.12286863894027744 
0.9060801642061461 0.12145763235352125 0.12643499030877337 
0.8457902945537478 0.20485371947945585 0.1258656016438563 
0.8494481675325674 0.1924043477293007 0.12618648141276978 
0.9257739308733812 0.10113945231240107 0.12148379586549896 
0.8523116959256841 0.18797704437974783 0.13335444535478613 
0.9145617928602923 0.11411382348546184 0.11806332932654429 
0.8975673341564516 0.12638489909680795 0.14328777935941106 
0.8632476575115176 0.17449151151517228 0.12225562840137705 
0.8815301183132562 0.14761262446824364 0.14166095229999698 
0.8534910765058374 0.18299275371251256 0.13589844471166124 
0.9076190018455876 0.11798243554354448 0.13185172854986815 
0.9145218383430905 0.11255596905055154 0.12636587456086845 
0.884183828569581 0.14414493778528792 0.15369599505983067 
0.8928228223580718 0.14047967228798164 0.12411377507076449 
0.8588201293936144 0.18388380305080165 0.12251966015104987 
0.8899714883141412 0.153351640355877 0.10143259384445635 
0.855501441640843 0.1901062137769325 0.12240123752068532 
0.890599331832121 0.15208834961863016 0.1024320047947126 
0.8764533054364257 0.15544765797838078 0.12677654454192955 
0.8839495693135684 0.15656603360605081 0.1053577080140331 
0.8816555219287576 0.14667226142644363 0.151171737590574 
0.9253959917574643 0.10738705960203487 0.11041763085871292 
0.861352047781043 0.1776556159531374 0.127492270675998 
0.9169212915717438 0.11117373747970527 0.11829273426401843 
0.8454913668032089 0.20425136272380118 0.12873422454947692 
0.9154460804157646 0.1165825496478935 0.1122696547286044 
0.8757360870865807 0.16905755367215447 0.10302799190743217 
0.88602566144589 0.1513321591506629 0.11154280846323184 
0.8625251451712894 0.17025803378127624 0.14031834200621174 
0.8746772345747875 0.15706651770096314 0.13068529289814923 
0.8502188120686014 0.19733382639673813 0.12190590986090433 
0.8472505673412464 0.19683434668874344 0.13091274776298367 
0.8893662540955762 0.15389603658981998 0.1023811505871246 
0.9101581903133881 0.11536522033892749 0.1296304861390266 
0.8838079933184173 0.1550547148082242 0.10801441392013367 
0.8518763270686014 0.18454243799692704 0.1492709891560039 
0.8546091599518374 0.18253800865891956 0.13816944997504965 
0.8640770261278368 0.17088551418550801 0.1311765693194995 
0.888597100809594 0.14950335036011597 0.10635982969835955 
0.8517860871751031 0.19199840572770555 0.12921046628166433 
0.8925956090146628 0.14857597734440864 0.10378874408760153 
0.9293784145550246 0.10212268207794073 0.11272642152366241 
0.8987630321814593 0.13719335491949003 0.11409787003961624 
0.8387289162839713 0.2122931048913378 0.13740338756977732 
0.9032933102174626 0.12210693513001658 0.13628633163161508 
0.8886311068513237 0.14352679967968496 0.13390741126322425 
0.8658002312808774 0.16852417152238064 0.13210547039233123 
0.9179362160803745 0.11667242321701665 0.10986977097400685 
0.9217176068747515 0.10535069050327317 0.129836303972105 
0.9312804135770917 0.09721583453340343 0.12539525752749514 
0.8404114467853255 0.20921703079359044 0.13088012654915782 
0.8847566861863493 0.14339913523376624 0.1539531574972961 
0.8432969043850393 0.20035375225068242 0.1414894098559213 
0.8809773180080573 0.14946516112787644 0.1310278318397814 
0.8857320108044799 0.14560526638056814 0.12912852284701737 
0.894381241904684 0.14824573049075818 0.1051211512298531 
0.9239833893436117 0.1039591100744327 0.11870891104577563 
0.9282568016276549 0.0999207898620248 0.12203406957136098 
0.8521979850073492 0.18373692875857672 0.13975606862751422 
0.8780546973291664 0.16651286219988903 0.10418747324314159 
0.8525400729892776 0.19070652368179397 0.12309351514105993 
0.901936809079701 0.12374243656451167 0.13356467842373831 
0.904382538078583 0.12185959474860353 0.12961595528300363 
0.8762283530967503 0.16898511410834027 0.10203020308885669 
0.8413853312447315 0.20578887039631777 0.13236887456010638 
0.931074714157928 0.09926682112635687 0.11583194456494228 
0.9320365491735265 0.0978258240937312 0.12027573758256249 
0.8671575791777467 0.17057489423492744 0.12102444098528997 
0.9167067893237392 0.11284860852254575 0.11717304232720471 
0.845663182263839 0.1955459761976972 0.15256343893911306 
0.8778173297033908 0.1695134611396616 0.10112105997491427 
0.9207557718591529 0.10679168753589896 0.12525884758283012 
0.8756551829381068 0.1559990371131379 0.13375239731228672 
0.8873924125266783 0.13828354670843168 0.1435660352000857 
0.9282942815785322 0.10096792054665449 0.11955596661832424 
0.9058544329755902 0.12456506116190724 0.1131774801657408 
0.8480063863941028 0.19149497518828962 0.14956640732635296 
0.9222061150322929 0.10307169030346475 0.12742097112569029 
0.8965793860511581 0.138112517899735 0.11706399078010798 
0.8517103395527166 0.1870635941917026 0.14461157429612248 
0.9205190897179573 0.10991903493479993 0.11197137006976032 
0.8474696031465696 0.199068994357665 0.13047835593637436 
0.8970831467561585 0.1389006642927907 0.10937369585535306 
0.839424109011432 0.20673729962449983 0.15094369247304162 
0.9168965665336061 0.110235213900437 0.12060857585222318 
0.9139423516723608 0.11769958113083334 0.11218770861175487 
0.8399349101283253 0.21408357080175766 0.13535647694685626 
0.8649691473238597 0.18426391842371814 0.10657634704986219 
0.866031306762705 0.16968647744164866 0.1303173367684115 
0.9117553373609072 0.11268513342174646 0.13850404329057298 
0.8737356357590047 0.16558083302138282 0.11534876624775892 
0.8966919334971135 0.13016674408898976 0.13165198487637453 
0.9034391579562846 0.12253734204718059 0.12970612102963697 
0.9053934706528264 0.11948118283400255 0.1336448988845499 
0.8800902610260334 0.1651406756452194 0.1027871208854354 
0.8385798450484334 0.21267697160359134 0.14242580466092114 
0.850358846384009 0.18991514824595446 0.1347130469656035 
0.8808175308417194 0.16572687915835072 0.10214464545843904 
0.8875559747068511 0.13830644732748265 0.14300979746030662 
0.8890019043627947 0.14285197123636018 0.1260536879256967 
0.8438865919528511 0.20530143552629299 0.13676070138672514 
0.9191225032727097 0.1077741923554083 0.11984894148511005 
0.9175778160894443 0.11900603412246846 0.10893412737242547 
0.8773093475306862 0.15415007264767444 0.1402611193317328 
0.8700647653746956 0.17931962918418998 0.10144277781521815 
0.9136462054621559 0.1146358142376952 0.118396694664194 
0.8846120605111347 0.1575962987290891 0.10287662286120025 
0.842825683456478 0.200404834521536 0.15429734359924707 
0.876499869326685 0.15216273291205207 0.1450548137874006 
0.8706711000048696 0.16459650537860893 0.12689858304421775 
0.8791729360375756 0.15862499009471154 0.11286041619139442 
0.8962742426579634 0.128857288641967 0.13903649206155932 
0.8805569299636106 0.16021128218713132 0.10374787203338187 
0.8711340175073222 0.16587380169248445 0.11799605996007423 
0.8952093485638082 0.1304222516524176 0.13680373292758885 
0.8593753499829115 0.17686100182118814 0.13663580116122886 
0.8933195949781437 0.1335329731577377 0.138083856093545 
0.894426233437595 0.13174555389709863 0.14120180328468523 
0.8638182366697776 0.16864975148566475 0.140515173697211 
0.9130033918373148 0.12493242785961656 0.10818036852701762 
0.866099883190071 0.17641322635377443 0.11461568974330039 
0.9147312992650499 0.11478912203570169 0.11548260467773064 
0.9230063830429216 0.11141076189812427 0.10898287071023671 
0.8577217518694505 0.18448698820931053 0.12596617575043045 
0.8634806557676523 0.18787727938070153 0.1056027159761801 
0.9208640707648609 0.10654164518093667 0.11751884880146513 
0.8499742250921118 0.18749218565536052 0.13961404585625092 
0.8578672167330921 0.17994566826087954 0.12934013744180473 
0.9262536544232207 0.10364036487824302 0.11399388601994387 
0.8863042331515042 0.15639563676858192 0.10584482018114194 
0.8648067916915828 0.17888561589893315 0.11036440244544854 
0.9026778924524801 0.12272839760716592 0.14913815882330117 
0.8599367837225113 0.17445044859951597 0.13694418993106183 
0.9155598806255344 0.1156730543714739 0.11369566032003464 
0.927380995111451 0.10523053066919275 0.11166365803200728 
0.8948705404712698 0.14802413424423777 0.10506013013011395 
0.8642585281477113 0.17832770195467562 0.11120069462427018 
0.8668187040092952 0.18210059810415202 0.10558897057986016 
0.8567136714182659 0.1793446273145819 0.13985192052543205 
0.8668664961682027 0.17519041232916177 0.11064487937162748 
0.8712322995932508 0.1766405713659066 0.10170593509985204 
0.909558418677103 0.11819545494346873 0.12346538369151505 
0.8733869223709745 0.16885594105544566 0.10515121661244176 
0.8694722262603118 0.16282432775352085 0.13080929147373965 
0.8974319292613359 0.12804010411755762 0.13048629743209317 
0.8410359950330165 0.20311266418315477 0.15313394036633887 
0.8995493287675513 0.12625931913352406 0.13487807605453128 
0.9133249055241373 0.11513898017972612 0.11750453136915207 
0.8562849856944797 0.18345210819248825 0.12658921419348157 
0.8552754982187959 0.1926984078695384 0.11902024467612227 
0.8982918863167454 0.13666726028030884 0.11655771799163284 
0.9335314023371679 0.09647126160049846 0.11957991760745079 
0.8517000068499376 0.19662818121584802 0.12479095410787722 
0.8473842367925615 0.19312500360930562 0.1492869217332865 
0.9177688898016927 0.1171008307272734 0.10898287071023671 
0.8722140936293928 0.16242182688857165 0.1243326642785616 
0.8767462082763426 0.17067713894573522 0.10169407349324422 
0.8691462705886419 0.17348430218746314 0.10996137767388947 
0.8924731682656918 0.1342610878823045 0.13597540230412541 
0.8408280037060638 0.2085695228242037 0.13656571549219754 
0.8705951713608425 0.1649678374863921 0.12293161458092372 
0.9231269395059238 0.10595712743633612 0.11256017473679547 
0.8571016272998667 0.17713775290611344 0.14109566820537023 
0.8561371699266085 0.1866179724901018 0.1283080179329844 
0.8774177325371466 0.16474328730424526 0.1054329664499033 
0.8499760735000988 0.19099059617180414 0.13158315832400036 
0.8896982612161691 0.14531246113937524 0.11407340293498214 
0.8529020010062166 0.1884231130178421 0.13019062209190324 
0.8796877910314899 0.16602810840204674 0.10151072092560842 
0.9308044994620909 0.10104314073222354 0.1156852243660772 
0.9258721862631973 0.10064719522341392 0.12562561035559938 
0.8560427495486285 0.1876350380061409 0.12766761234516089 
0.9035703940411394 0.11958266748480861 0.14480032102504603 
0.8681117955077834 0.18049231580854053 0.10578580227085965 
0.855185871851728 0.18504727301314972 0.1298743954097189 
0.849574956980278 0.19750990615269293 0.12155877993730713 
0.9051856699889118 0.12074284527083601 0.13028334189519997 
0.9184259424758525 0.11214447508972003 0.11110680192337952 
0.8842296891332525 0.15735097770563888 0.10325357151041825 
0.8614631291546289 0.1747568364952503 0.13022446547758793 
0.9157039073468751 0.11588182007005288 0.11149942017086478 
0.865597358703653 0.1748987552036284 0.11678689207972581 
0.9295114079636027 0.10351553027738258 0.11143393706822535 
0.8430594294485257 0.2023850714681127 0.14207717749815674 
0.8834819537885437 0.14505948094295795 0.14833231792182955 
0.8838222733217785 0.14462566817141687 0.14799952466819977 
0.8664359196514948 0.18229710722378678 0.10515630675652254 
0.8474160511757874 0.19331497517782692 0.13566608781886458 
0.8865156242637259 0.13931725181033872 0.14381049319407146 
0.904850472774879 0.12058716560404559 0.13384665484359004 
0.8533899579460584 0.18849272294423158 0.12949780314891257 
0.8982592783600993 0.12710877521136799 0.13571873575466953 
0.8603186827319587 0.18555395112098594 0.1145031572884706 
0.8847566861863493 0.14339913523376624 0.1539531574972961 
0.8964901328847085 0.12755518211136452 0.1426229162625774 
0.8932335751361873 0.14440755332020894 0.1107478923326507 
0.8782652236846047 0.16254826522627608 0.10842863465590524 
0.8582219347589429 0.18055665295881806 0.12866427806890812 
0.9027791265933245 0.12158685914669876 0.1448866442074498 
0.8909759479560097 0.13744820759533782 0.12658444018335235 
0.8623276387733574 0.1819178524569346 0.1139801701620844 
0.849627610794367 0.18902357147897564 0.140935775039713 
0.9126184596779822 0.11590781614514711 0.11642872987719466 
0.8673000600829854 0.16646611679842283 0.13641947270419863 
0.852219860859763 0.1904653365422918 0.12652747635730066 
0.841702327698949 0.20212595326387506 0.14891684007964456 
0.8482469956752166 0.19542185272028767 0.13331948923883286 
0.9001798064870489 0.139356425487681 0.10565389957679128 
0.8544797602643528 0.18595613908547381 0.13467585718899233 
0.8592935721526724 0.1864082215390811 0.1159802086521915 
0.9249103512475989 0.10035997775694516 0.12915706518002934 
0.8812126130828506 0.1655608617538209 0.09935730175538426 
0.9080339883736251 0.12133115448843634 0.12557287227780112 
0.9025638095258506 0.12360891636535021 0.13256375542955168 
0.8649691473238597 0.18426391842371814 0.10657634704986219 
0.9181964504061524 0.1099871506090806 0.11837805929515643 
0.84769123876892 0.19495339884203622 0.1351099238075978 
0.8558995492207101 0.18096368635331428 0.13775859187289496 
0.8895286568284524 0.1476397636498653 0.10595688984988372 
0.8687716738762075 0.18092791147980147 0.10124594612421867 
0.8621600438808925 0.1722279708457175 0.13439972685194979 
0.9253182521963383 0.10176595140011746 0.12125737022025118 
0.8482662575538085 0.1909526160991094 0.13508164939426315 
0.8943874282271461 0.132483339706725 0.1415966397431827 
0.861081576652816 0.18824456796647226 0.112398935400426 
0.9221513021294573 0.11091212521305105 0.10932604665686807 
0.8808671259526476 0.15085749263568493 0.12332825766656252 
0.8677004668623342 0.171897475446098 0.11805173665232715 
0.8918489093846189 0.134613135848214 0.1330522332159979 
0.8638501407101292 0.17225948452506645 0.13149401938540728 
0.8708781863267352 0.1744619795840514 0.10459044914621762 
0.8647382152642169 0.1721588669868075 0.12606604947055966 
0.8854606967953935 0.14005528568036474 0.14687939778829862 
0.917176252991168 0.1129309373948274 0.11385478252136094 
0.8512691649985871 0.1885182066266453 0.1358344456218522 
0.8536049670834328 0.1895496113169628 0.12251966015104987 
0.9071851512620206 0.13058477240169053 0.10749042359284489 
0.8683559400972212 0.1686261875163666 0.12382109605009317 
0.8974220010400513 0.12929202388003702 0.12511970445655396 
0.9156282000732557 0.1136461270248641 0.11404144696616658 
0.9132872918314594 0.11423264341920036 0.12492927933005882 
0.8756084466094642 0.17245328245404146 0.1004123402058067 
0.8590883315258065 0.1817083990849353 0.11961730202092813 
0.9204060774630807 0.1099932352027374 0.11110680192337952 
0.8526434970726147 0.18904376613777052 0.12774527702482363 
0.845663182263839 0.1955459761976972 0.15256343893911306 
0.8817555598857718 0.15563835064945553 0.11915093550673161 
0.8408839306845968 0.20545864050871532 0.1467161507993484 
0.8555311884380994 0.18204961726373126 0.13690627954477463 
0.8503810904444994 0.1894829314144516 0.13720795992984725 
0.9171655052318958 0.11419791253557865 0.11218742072818966 
0.8765410922972179 0.1613608094678487 0.11311786651242495 
0.8495459234177205 0.19123875692320003 0.12965740772040169 
0.8532549599711869 0.18218056917623504 0.14276874653663518 
0.9150910467388125 0.10906118297825818 0.1385038039622265 
0.8772056783906865 0.1656618099822199 0.108115184050675 
0.8435739266475516 0.19848319568390305 0.146148244890698 
0.8480063863941028 0.19149497518828962 0.14956640732635296 
0.913073425808081 0.11059363756906382 0.13902169533616104 
0.8832942922758196 0.14792866506398716 0.12082901644027444 
0.8567573178841216 0.17871731501301458 0.1366240381722823 
0.857871491271369 0.17938853887865203 0.13468747591583008 
0.9139423516723608 0.11729153048521379 0.11468275821597174 
0.8604465059204858 0.17851904491117687 0.1260576506086064 
