2 1 0 2 1 9 1 0 0 0 1490 4500 1277 767 5 1 0 0 0 4 4 0 1 1 524 3451 3169 1698 
2 1 1 0 1 11 5 0 0 1 971 4500 970 197 7 0 0 2 0 0 5 3 1 1 524 4604 400 4333 
1 0 0 2 0 7 1 1 1 0 1490 1769 1324 3362 2 1 3 0 2 11 3 0 1 1 535 3451 3289 459 
1 0 0 2 0 7 1 1 1 0 1490 1769 3394 3362 2 1 3 0 2 11 0 0 1 1 535 2181 3169 274 
2 0 3 0 0 13 0 0 0 0 658 4500 4850 1496 6 0 0 2 0 0 0 3 1 0 548 4456 2851 4194 
2 1 1 0 1 11 5 0 0 0 971 4500 970 197 7 0 0 2 0 0 5 3 1 1 524 4604 400 4333 
1 0 3 0 0 7 0 0 1 0 942 1576 520 3110 6 0 0 0 1 8 0 3 1 0 685 4947 2704 4733 
2 0 3 0 0 13 0 0 0 0 907 4500 878 2471 4 0 0 2 0 14 0 3 1 0 685 4947 242 4180 
2 0 3 0 0 13 0 0 0 0 658 4500 4545 1496 6 0 0 2 0 0 0 3 1 0 520 4947 3169 4187 
2 0 3 0 0 13 0 0 0 0 658 4500 4850 1496 6 0 0 2 0 0 0 3 1 0 520 4947 400 4333 
2 1 2 0 0 10 5 0 0 0 823 4500 970 197 6 0 0 2 0 0 0 3 1 0 520 4604 400 4733 
0 0 0 0 1 11 5 0 0 0 971 4500 970 197 5 0 0 2 0 0 5 3 1 1 908 4947 400 4406 
2 1 0 2 1 9 1 0 0 0 1490 4500 1277 767 6 1 0 0 2 11 4 0 1 1 524 3451 1550 1698 
2 0 3 0 0 13 0 0 0 0 971 4500 4545 3113 6 0 0 2 0 14 0 3 1 0 685 4947 242 4180 
2 1 0 2 1 9 1 0 0 0 1490 4500 1277 767 5 1 1 0 2 11 4 0 1 1 548 3451 3289 459 
2 1 0 2 0 7 1 0 1 0 1275 897 1830 3224 4 0 3 0 2 11 3 0 1 1 535 3451 3289 459 
2 0 3 0 0 13 0 0 0 0 971 4500 970 197 5 0 0 2 0 0 0 3 1 1 908 4947 400 4333 
2 0 0 2 0 7 1 0 1 0 1490 1769 1324 3362 4 1 3 0 2 11 4 0 1 1 548 3451 3289 1698 
2 1 0 2 0 7 1 0 1 0 1490 3483 1825 3362 6 1 1 0 2 11 4 0 1 1 535 3551 400 4733 
1 0 0 2 0 7 1 0 1 0 1490 1769 3331 3362 2 1 3 0 2 11 4 0 1 1 548 2511 4166 459 
2 0 2 0 0 13 0 0 1 0 884 1576 520 3110 5 0 0 0 1 7 0 3 1 0 520 4755 4000 3817 
2 0 0 0 0 7 0 0 1 0 907 897 4341 3224 4 0 3 0 0 8 0 3 1 0 685 4456 242 4333 
2 0 0 0 0 7 0 0 1 0 907 897 4341 3224 4 0 3 0 1 8 0 3 1 0 685 3008 3431 843 
1 0 0 2 0 7 1 1 1 0 1490 1769 3394 3362 2 1 3 0 2 11 4 0 1 1 713 3451 3289 459 
2 1 0 2 1 9 1 1 1 0 1490 4796 1324 3362 6 1 1 0 2 11 4 0 1 1 520 3451 3289 4333 
2 1 2 0 0 12 5 0 0 0 823 4500 970 197 6 0 0 0 0 0 0 3 1 0 520 4604 400 4733 
2 1 0 2 1 9 1 0 0 0 1490 4500 1277 767 5 1 0 0 2 9 4 1 1 1 535 4805 400 4194 
1 1 2 0 0 13 5 0 0 0 971 4500 970 197 5 0 0 2 0 0 5 3 1 1 524 4604 400 4333 
1 1 0 0 0 13 0 0 0 0 907 4500 970 197 7 0 0 0 0 14 0 3 1 0 520 4456 242 4180 
2 1 0 2 0 8 0 0 0 0 971 4500 970 197 7 0 0 0 1 8 0 3 1 0 535 4947 3300 4180 
1 0 0 0 0 7 1 0 1 0 1167 897 1830 3224 4 0 3 0 1 7 0 3 1 0 685 4604 3169 4733 
2 0 0 0 0 13 0 0 0 0 971 4500 4545 3113 6 0 0 0 1 8 0 3 1 1 524 4604 400 4333 
2 1 1 0 1 11 5 0 0 0 971 4500 970 1027 7 0 0 2 0 0 5 3 1 1 524 4604 400 4333 
2 1 0 0 0 7 1 0 0 0 699 2590 1324 3362 4 0 3 0 2 9 4 0 1 1 520 3451 400 1361 
1 1 0 2 1 9 1 0 0 0 1490 4500 1277 767 5 0 0 0 0 4 4 0 1 1 524 3451 3169 1698 
1 1 0 2 0 7 1 3 1 0 1490 1769 1324 3362 2 1 3 0 2 11 4 0 1 1 548 2511 3289 459 
1 1 0 2 0 7 1 0 1 0 1393 4500 970 617 7 0 0 0 1 8 0 3 1 0 520 4947 400 4194 
2 1 0 0 0 13 5 0 0 0 971 4500 4682 197 5 0 0 2 0 8 0 3 1 1 524 4947 400 4180 
2 1 0 2 1 9 1 0 0 0 1490 4500 1277 767 5 1 0 0 2 9 4 1 1 1 548 3451 3289 1698 
1 1 0 2 1 9 1 0 0 0 1490 4500 1277 767 5 1 0 0 0 4 4 0 1 1 524 3451 3169 1698 
2 1 0 2 1 9 1 1 0 0 1490 4500 1277 767 5 1 0 0 2 9 4 0 1 1 535 4169 2710 3649 
2 0 3 0 0 7 0 0 1 0 942 1803 520 3110 5 0 0 0 2 8 0 3 1 0 535 4456 242 4194 
2 1 0 0 0 11 5 0 0 0 1443 4500 4545 1496 6 0 0 2 0 0 0 3 1 1 524 4947 400 4180 
1 0 0 0 0 13 5 0 0 0 971 4500 970 197 5 0 0 2 0 5 5 3 1 1 524 4947 242 4180 
2 1 0 2 1 9 1 0 0 0 1490 4500 1277 767 5 1 0 0 2 9 4 1 1 1 535 3451 400 1211 
1 0 0 2 0 7 1 0 1 0 1490 1769 4572 3362 4 0 3 0 2 7 0 3 1 0 520 3451 3289 459 
1 0 0 0 0 7 1 0 0 0 883 2793 4341 3224 4 0 3 0 1 8 0 1 1 1 527 4778 400 4777 
1 0 0 0 0 13 5 0 0 0 971 4500 970 197 5 0 0 2 0 8 0 3 1 1 524 4947 400 4180 
1 1 0 2 1 7 1 0 0 0 1490 1769 970 197 5 0 0 0 2 8 0 3 1 0 535 4456 242 4194 
2 0 0 0 0 7 1 0 0 0 699 2551 3296 3113 6 0 3 0 1 11 0 3 1 0 520 4604 400 4333 
1 1 0 2 1 9 1 1 0 0 1490 4500 1277 767 5 0 0 2 0 4 4 3 1 1 524 4778 400 4333 
2 1 0 2 0 7 0 0 0 0 1490 897 2684 3224 4 0 3 0 2 7 4 0 1 1 548 3451 3289 459 
2 1 0 2 0 7 1 0 1 0 1490 4615 251 3362 4 0 3 0 2 7 4 0 1 0 685 4604 3169 4733 
1 1 0 2 0 7 1 0 1 0 1490 1769 1324 3362 4 0 3 0 2 9 4 0 1 0 685 81 3169 2718 
1 1 0 1 0 8 5 1 0 0 1345 4500 970 300 5 0 0 0 0 9 0 3 1 1 663 4947 400 4180 
1 1 0 2 0 7 1 0 1 0 1490 1769 1324 3362 5 1 3 0 2 11 4 0 1 1 548 2020 3169 2704 
1 0 0 0 0 12 5 0 0 0 971 4500 970 197 5 0 1 2 0 0 0 3 1 0 520 4604 400 4333 
2 1 0 2 0 7 1 0 1 0 1490 2957 1830 3224 4 1 3 0 2 11 4 0 1 1 524 3451 3169 1698 
2 1 0 2 1 7 1 2 0 0 1490 1769 1324 3362 6 1 3 0 2 11 4 0 1 1 548 3451 1225 459 
1 1 0 2 1 9 1 0 0 0 1490 4500 1277 767 5 0 0 2 0 3 4 3 0 1 535 4922 513 4187 
2 1 2 0 0 13 5 0 0 0 971 4500 970 197 5 0 0 2 0 0 0 3 1 0 548 4752 3346 4333 
1 1 0 2 0 7 1 0 0 0 1490 1769 3717 3362 4 0 0 2 1 8 0 3 1 1 524 71 400 2976 
1 1 0 2 1 9 1 0 0 0 1490 4501 2689 630 6 1 1 0 2 11 4 0 1 1 535 3451 400 3930 
2 1 2 0 0 13 5 2 0 0 971 4500 970 197 5 0 0 2 0 8 0 3 1 1 524 4947 400 4180 
1 0 0 2 0 7 1 3 1 0 1490 1769 1324 3362 2 1 3 0 2 11 3 0 1 1 535 3451 3289 459 
1 0 0 0 0 7 0 0 1 0 942 1576 520 3110 5 0 0 0 1 8 0 3 1 0 685 4947 3169 4733 
2 1 0 2 0 7 1 0 1 0 1490 1769 1324 3362 6 1 0 0 2 11 4 0 1 1 527 4778 400 4777 
1 0 0 1 0 7 1 0 1 0 1490 1769 251 3362 4 1 3 0 2 11 4 0 1 0 548 3451 3289 459 
2 0 0 0 0 13 0 0 0 0 971 4610 1039 512 4 0 0 0 1 8 5 3 1 1 524 4515 400 4333 
2 1 0 2 1 11 5 0 0 0 971 4500 970 197 5 0 0 1 0 0 5 3 1 1 524 4456 3169 4555 
2 0 0 2 0 7 1 1 1 0 1490 1769 1324 3362 4 1 3 0 2 11 3 0 1 1 581 1718 3639 565 
1 0 0 0 0 7 1 0 1 0 1077 897 1830 3224 4 0 3 0 2 11 4 0 1 1 548 3451 3289 459 
2 0 3 0 0 13 0 0 0 0 971 4500 4545 1496 7 0 0 2 0 14 0 3 1 0 520 4854 400 4333 
2 0 0 2 0 7 1 0 1 0 523 4824 2257 3315 6 0 0 0 1 7 0 3 1 1 524 3322 1225 459 
2 0 3 0 0 12 5 0 0 0 823 4500 970 197 6 0 0 0 0 0 0 3 1 0 520 4604 1097 4733 
2 1 0 0 0 7 0 0 1 0 1490 1769 1324 3362 4 0 3 0 2 11 0 3 1 0 520 4854 400 4333 
2 1 0 0 0 10 0 0 0 0 971 4610 1039 512 4 0 0 0 1 8 5 3 1 1 524 4515 400 4333 
2 0 2 0 0 13 0 0 0 0 823 4500 970 197 6 0 0 2 0 0 0 3 1 0 520 4604 400 4733 
2 1 0 0 0 7 1 0 1 0 1275 897 1830 3224 4 0 3 0 1 11 4 0 1 1 548 3451 3633 459 
2 1 0 0 0 7 1 0 1 0 1490 1769 251 3072 4 0 0 0 2 11 4 0 1 1 520 3451 400 518 
2 0 0 0 0 7 0 0 0 0 907 897 2684 3113 5 0 3 0 1 7 0 3 0 1 520 4604 400 4333 
2 0 0 1 0 10 0 0 0 0 971 4500 970 197 7 0 0 2 0 0 0 3 1 1 527 4778 400 4333 
0 1 0 2 1 11 5 0 0 0 971 4500 970 197 5 0 0 2 0 0 5 3 1 0 524 4947 242 4180 
2 1 2 0 0 12 5 0 0 0 823 4500 970 197 6 0 0 2 0 0 0 3 1 1 527 4778 400 4333 
1 0 0 2 0 7 1 0 1 0 538 4500 1283 3113 4 0 0 0 1 8 0 3 0 0 520 4604 400 4333 
1 1 0 2 1 9 1 0 0 0 1490 1670 1277 767 5 1 0 0 2 9 4 1 1 1 535 4805 400 4194 
1 0 0 0 0 7 0 0 1 0 942 1576 520 197 4 0 0 0 1 8 0 3 1 1 535 3451 400 4333 
2 0 2 0 0 13 0 0 1 0 971 4500 970 197 7 0 0 0 0 0 0 3 1 0 520 4604 400 4733 
1 0 0 0 0 10 1 0 1 0 894 897 520 3110 5 0 0 0 1 8 0 3 1 0 685 4947 242 4180 
2 1 0 2 1 7 1 1 0 0 1490 1769 51 3362 4 0 1 0 2 11 4 0 1 1 548 2237 3289 459 
2 1 3 0 0 13 0 0 0 0 971 4500 4545 1496 7 0 0 2 0 8 0 3 1 0 535 4410 541 4180 
2 0 0 2 0 7 1 0 1 0 1393 4500 970 197 7 0 0 0 2 9 4 1 1 1 535 4456 327 2152 
1 1 0 2 1 7 1 1 0 0 1490 1769 1324 3292 4 0 3 0 2 11 4 0 1 1 535 3451 400 3930 
1 0 0 2 0 7 1 1 1 0 1490 1769 1324 3362 6 1 3 0 2 11 4 0 1 1 548 2610 1225 459 
2 1 0 2 0 7 1 0 1 0 1490 1769 1324 3362 4 0 3 0 1 7 0 3 1 1 524 4604 400 4337 
2 1 0 2 0 7 1 0 1 0 1490 1769 819 3110 4 0 0 0 1 8 0 3 1 0 535 3451 3169 1698 
2 1 0 2 0 7 1 0 0 0 1490 4500 1277 767 5 0 0 0 0 4 4 3 1 1 524 4604 400 4555 
1 1 0 1 0 11 5 1 0 0 971 4500 970 300 5 0 0 0 0 14 4 0 1 1 535 4922 513 4187 
2 1 0 2 1 7 1 1 0 0 1490 4500 970 197 5 1 0 0 2 7 4 0 1 1 535 4947 3169 2704 
2 1 0 0 0 7 1 0 0 0 1490 2033 251 3424 6 0 0 0 2 7 0 3 1 0 685 4604 3169 4733 
1 1 0 2 1 9 1 0 0 0 1490 1769 1324 4705 5 1 0 0 2 9 4 1 1 1 520 4947 400 4733 
2 1 0 2 0 13 0 0 0 0 907 4500 878 512 4 0 0 2 1 8 0 3 1 1 524 4604 400 4333 
2 1 2 0 0 13 5 0 0 0 971 4500 970 197 5 0 0 2 0 0 5 3 1 1 524 4604 400 4333 
2 1 0 2 0 9 1 0 0 0 1490 4500 1277 767 5 1 1 0 2 11 4 0 1 1 548 3451 3289 459 
2 0 0 1 0 10 0 0 0 0 971 3335 970 197 4 0 0 0 2 8 0 3 1 0 535 4456 4660 4399 
2 0 0 0 0 7 1 0 1 0 942 1576 520 3110 5 0 0 0 1 8 0 3 1 0 685 4947 3169 4733 
2 0 0 0 0 7 0 0 0 0 942 4500 970 197 5 0 0 0 1 8 0 3 1 0 535 564 3346 4333 
2 1 0 0 0 7 1 0 0 0 1490 1769 251 3424 6 0 0 0 2 7 4 3 1 0 520 4854 400 4333 
1 1 0 0 0 7 1 0 0 0 1490 1769 251 3424 6 0 0 0 2 7 4 3 1 0 520 4854 400 4333 
2 1 2 0 0 11 5 0 0 0 971 4500 970 2486 5 0 0 2 0 0 5 3 1 1 524 4947 242 4406 
1 0 0 2 0 7 1 0 1 0 1490 1769 1324 3362 2 0 3 0 2 11 4 0 1 1 548 3322 1225 459 
1 0 0 2 0 7 1 0 1 0 1490 1769 251 3362 6 0 3 0 2 7 4 0 1 1 535 4947 400 4406 
2 0 3 0 0 13 0 0 0 0 971 4500 4545 3113 6 0 0 0 1 8 0 3 1 1 524 4604 400 4555 
2 0 2 0 0 13 0 0 0 0 971 4500 4545 3110 5 0 0 0 1 8 0 3 1 1 524 4947 400 4180 
2 1 0 0 0 7 1 0 0 0 699 1414 1324 3362 4 0 3 0 1 8 0 3 1 1 520 4947 4660 4194 
1 0 0 0 0 7 1 0 1 0 523 897 3841 3224 4 0 0 0 1 8 0 4 1 1 524 4604 400 4333 
2 1 0 2 0 9 1 0 0 0 1348 4500 970 197 5 0 0 2 0 0 0 3 1 0 520 876 400 4733 
1 0 0 0 0 7 1 0 1 0 642 1576 520 3110 5 0 0 0 0 8 0 3 1 0 524 4947 3169 4555 
1 1 0 0 0 7 1 0 0 0 1490 1769 1324 3362 5 0 0 0 0 9 4 0 1 0 520 4604 400 4733 
2 1 2 0 0 12 5 0 0 0 823 4500 970 197 6 0 0 2 0 0 0 3 1 0 520 4604 400 4733 
2 0 3 0 0 13 0 0 0 0 971 4240 4682 197 5 0 0 2 0 8 0 3 1 1 524 4947 400 4180 
2 0 0 2 1 7 1 1 0 0 1490 1769 1324 3362 4 0 3 0 2 11 4 0 1 1 548 3451 3289 1698 
2 0 0 0 0 7 0 0 1 0 1490 1769 1324 4705 5 1 0 0 2 9 4 1 1 1 520 4947 400 4733 
1 0 0 0 0 13 5 0 0 0 971 4500 970 197 5 0 0 2 0 8 0 3 1 0 535 4456 4890 4180 
2 0 0 2 0 7 1 0 1 0 1275 897 1830 3362 4 0 3 0 2 11 3 0 1 1 581 1718 3289 459 
2 0 3 0 0 13 0 0 0 0 658 4500 4545 1496 6 0 0 2 0 0 0 3 1 0 548 4456 2851 4194 
1 0 0 0 0 10 0 0 0 0 971 4500 970 197 7 0 0 2 0 14 0 3 1 0 520 4854 400 4333 
1 1 0 2 1 9 1 0 0 0 1490 814 1277 767 5 1 0 0 0 11 4 0 1 1 596 2511 3289 459 
1 1 0 0 0 7 1 0 1 0 1490 1769 1324 3362 4 0 3 0 2 9 4 0 1 0 535 3451 3289 459 
2 1 0 0 0 7 1 0 1 0 1167 897 1397 3224 4 0 0 0 1 8 0 0 1 1 520 3451 400 3853 
1 1 0 0 0 7 1 1 1 0 1490 1769 1324 3113 6 0 3 0 2 7 0 3 1 0 685 4947 3169 4733 
1 0 0 0 0 7 1 0 0 0 1393 4500 970 197 5 0 0 0 2 9 0 1 1 1 535 4456 4827 2152 
2 1 0 2 1 9 1 1 0 0 1490 4796 1324 3362 6 1 1 0 2 11 4 0 1 1 581 1718 3289 459 
1 0 2 0 0 7 1 0 1 0 699 2590 3296 3113 6 0 3 0 1 7 0 3 1 0 520 4604 400 4333 
1 0 0 1 0 7 1 0 1 0 942 1576 520 3110 5 0 0 0 1 8 0 3 1 1 524 4805 400 4194 
2 1 0 0 0 11 5 0 0 0 971 4500 970 512 3 0 0 2 1 8 0 3 1 0 535 422 400 4180 
2 0 3 0 0 13 5 0 0 0 971 4500 970 197 5 0 0 0 0 8 0 3 1 0 535 4456 541 4180 
1 0 0 2 0 7 1 0 1 0 1490 1769 3841 3224 5 0 3 0 1 8 0 3 1 0 548 3451 2568 4180 
1 1 0 2 0 7 0 0 0 0 971 4500 970 197 7 0 0 0 1 8 0 3 1 0 520 4456 242 4180 
1 0 0 0 0 7 0 0 0 0 1114 1576 1301 3110 5 0 0 0 1 8 0 3 1 0 685 4947 3169 4733 
1 1 0 1 0 7 1 0 0 0 1490 1769 1324 3362 4 1 3 0 2 9 0 3 1 1 524 4604 400 4333 
2 1 0 2 0 7 1 0 0 0 1490 4500 1277 767 2 0 0 0 0 4 4 3 1 0 685 4947 242 4180 
2 1 0 2 0 7 1 1 0 0 971 4500 4545 3113 6 0 0 0 1 8 0 4 1 1 524 3451 320 4194 
2 0 0 0 0 7 0 0 1 0 613 897 4341 3224 4 0 1 0 2 8 0 3 1 1 535 2181 400 4733 
2 1 0 0 0 7 1 0 1 0 1490 1769 251 3072 6 0 0 0 2 11 4 0 1 1 520 3451 400 518 
1 0 0 2 0 7 1 0 1 0 1490 1769 1324 3362 2 1 3 0 2 11 4 0 1 1 548 3322 1225 459 
2 1 3 0 0 13 0 0 0 0 971 4500 4545 1496 7 0 0 2 0 3 0 3 1 1 535 4922 513 4187 
2 0 0 2 0 7 1 0 1 0 1490 1769 1324 3362 6 1 3 0 2 11 4 0 1 1 548 2610 1225 459 
2 1 0 0 0 7 1 1 0 0 507 1081 520 3110 5 0 0 0 1 7 0 3 1 0 520 4604 400 4733 
1 1 0 0 0 7 0 0 0 0 1490 4500 970 197 5 1 0 0 2 7 4 0 1 1 535 4947 400 1361 
1 0 0 0 0 7 1 0 1 0 523 897 3841 3224 4 0 0 0 1 8 0 3 1 0 685 4604 1011 4194 
1 1 0 2 0 7 1 3 0 0 1490 1769 1324 3362 6 1 0 0 2 11 4 0 1 1 520 3451 2735 518 
2 1 0 0 0 7 0 0 0 0 942 1803 520 3110 5 0 2 0 2 8 0 3 1 0 535 4456 400 4733 
2 1 0 0 0 7 1 0 0 0 699 2551 3296 3113 6 0 3 0 1 11 0 3 1 0 520 3281 400 4333 
1 0 0 0 0 7 1 3 0 0 1490 1072 1324 3362 4 0 0 0 1 7 0 3 1 1 520 4947 4660 4194 
1 0 0 0 0 7 0 0 1 0 868 897 2684 3224 4 0 3 0 1 8 0 3 1 0 685 3008 3431 843 
2 1 0 2 0 10 0 0 0 0 971 4500 970 197 7 0 0 2 1 0 0 3 1 1 527 4778 400 4333 
2 1 0 2 0 9 1 0 0 0 1426 4501 3267 630 5 0 0 0 1 7 4 0 1 1 535 2569 3169 4555 
2 1 0 1 0 7 1 0 1 0 942 2744 520 3110 6 0 0 0 2 8 0 3 1 0 685 4947 3169 1405 
1 1 0 2 0 7 1 0 1 0 1490 1769 251 3362 6 0 3 0 2 7 4 0 1 1 535 3451 3169 520 
2 0 0 0 0 7 0 0 1 0 907 897 4341 3224 4 0 3 0 2 8 0 3 1 0 685 3008 3431 843 
1 1 0 2 1 9 1 1 0 0 1348 4500 970 197 5 1 0 0 2 11 4 0 1 1 524 3451 3169 1698 
1 0 0 0 0 7 1 0 1 0 642 1576 520 3110 5 0 0 0 1 7 0 3 1 1 524 4604 400 4337 
1 0 0 0 0 7 1 3 0 0 1490 1803 520 3110 5 0 0 0 2 8 0 3 1 0 535 4456 242 4194 
2 1 0 2 0 7 1 0 1 0 1490 4615 251 3362 6 0 3 0 2 7 4 0 1 0 685 4947 4459 4180 
2 1 0 2 0 9 1 0 0 0 1490 4500 1277 767 5 1 0 0 2 9 4 1 1 1 524 4456 3169 4555 
2 1 0 2 0 7 1 0 0 0 1490 1769 993 3362 2 0 0 0 1 11 4 0 1 1 524 4132 400 459 
2 0 0 2 0 7 0 0 0 0 1490 1769 4658 3247 5 1 0 0 2 7 4 3 1 1 524 3451 2441 4194 
2 0 2 0 0 13 0 0 1 0 655 4500 970 197 7 0 0 0 1 8 0 3 1 1 524 4604 400 4333 
1 1 0 2 1 7 1 1 0 0 1490 1769 1324 3362 4 0 3 0 2 11 4 0 1 1 548 3451 3289 1698 
2 1 0 0 0 7 1 0 0 0 971 4500 878 512 4 0 0 0 1 8 0 3 1 0 527 2716 400 4333 
2 1 0 2 0 7 1 0 0 0 1490 4501 3267 630 5 1 0 0 1 8 4 3 1 1 524 4947 400 4180 
1 1 0 2 0 7 1 0 1 0 1069 897 4634 3224 4 0 3 0 1 8 0 3 1 0 535 564 4252 1263 
2 1 0 2 1 9 1 1 0 0 1490 4500 1277 767 5 1 0 0 0 4 4 0 1 1 524 3451 3169 4180 
2 0 2 0 0 7 1 0 1 0 699 2590 3296 3113 6 0 3 0 1 7 0 3 1 0 520 4604 400 4333 
2 1 0 2 1 9 1 0 0 0 1490 4500 1277 767 5 1 0 0 0 4 4 0 1 1 535 3451 400 3930 
2 0 0 2 0 7 1 1 1 0 1490 1769 3331 3362 2 1 3 0 2 11 4 0 1 1 548 2511 3289 459 
2 1 0 2 0 7 1 0 0 0 1490 4500 1277 767 5 0 0 0 0 4 4 3 1 1 524 3451 320 2689 
2 1 0 0 0 11 5 0 0 0 971 4500 970 197 5 0 0 2 0 0 5 3 1 1 520 4752 3346 4333 
4 1 0 2 0 7 1 2 0 0 1490 4796 1324 3362 6 1 1 0 2 11 4 0 1 1 535 3551 400 4733 
2 0 0 0 0 7 1 1 1 0 1275 897 1830 3224 4 0 3 0 2 11 0 0 1 1 535 2181 3169 274 
2 0 2 0 0 13 0 0 0 0 971 4500 4545 3110 5 0 0 0 1 8 0 3 1 0 685 4947 3169 4733 
2 1 0 0 0 7 1 0 1 0 1275 897 2684 3113 5 0 3 0 1 7 0 3 0 1 520 4604 400 4333 
2 1 0 2 1 9 1 0 0 0 1490 4500 1277 767 4 1 0 0 0 4 4 0 1 1 535 4922 1474 4187 
1 0 0 0 0 7 0 0 1 0 942 1576 520 197 4 0 0 0 1 8 0 3 1 0 524 4132 3300 4333 
2 1 0 2 0 7 1 1 0 0 1348 4664 970 197 5 1 0 0 2 7 4 0 1 1 535 2511 3289 459 
2 1 0 2 0 7 1 0 0 0 1490 1769 1324 3362 2 1 3 0 2 8 4 0 1 1 535 4410 1112 459 
2 0 0 0 0 7 1 0 0 0 699 2590 3296 3113 6 0 3 0 1 7 0 3 0 0 520 3451 400 4200 
1 0 0 0 0 7 1 0 1 0 1275 897 3841 3224 4 0 0 0 1 8 0 3 1 0 548 3322 1225 459 
2 1 0 2 1 9 1 0 0 0 1490 4500 1277 767 5 1 0 0 0 11 4 0 1 1 596 2511 3289 459 
2 0 3 0 0 7 0 0 1 0 942 1803 520 3110 5 0 2 0 1 8 0 3 1 1 524 4604 400 4333 
1 1 0 2 1 9 1 0 0 0 1490 4500 1277 767 5 1 0 0 0 4 4 0 1 1 535 4805 400 4194 
2 1 0 0 0 13 5 0 0 0 971 4500 4682 197 5 0 0 2 0 8 0 3 1 1 524 4947 1943 4733 
2 1 0 0 0 7 0 0 1 0 942 1576 520 3110 5 0 0 0 1 8 0 3 1 0 685 4947 3169 4733 
2 0 2 0 0 7 2 0 1 0 942 1576 520 3110 5 0 0 0 1 8 0 3 1 0 524 4947 3169 4733 
1 1 0 2 1 9 1 0 0 0 1490 4501 2577 630 5 1 1 2 0 8 4 3 1 1 524 4604 400 4333 
2 1 0 0 0 7 1 0 0 0 699 1769 2938 3224 4 0 0 0 1 9 0 1 1 1 535 4456 4827 2152 
2 1 0 1 1 7 1 0 1 0 1490 3435 1324 3362 6 1 0 0 1 9 4 0 1 1 524 4604 400 4555 
1 1 0 0 0 7 0 0 1 0 942 2744 520 3110 6 0 0 0 2 8 0 3 1 0 685 4947 3169 1405 
2 1 0 2 0 7 1 1 0 0 1490 1769 1324 3362 4 0 3 0 2 9 4 0 1 1 524 4604 400 4333 
2 1 0 2 0 7 1 0 1 0 1490 1769 1324 3362 7 1 3 0 2 11 4 0 1 1 520 4947 3169 4733 
2 1 0 2 0 7 1 0 0 0 942 1880 1277 767 5 1 0 0 2 9 4 1 1 1 535 3451 4286 1211 
1 1 0 2 0 7 1 0 1 0 1490 1072 1324 3362 4 0 3 0 2 11 4 3 1 0 685 4604 1011 4194 
2 1 0 0 0 7 1 0 1 0 1490 1769 251 3362 6 0 3 0 2 7 4 0 1 1 535 4947 3169 2704 
1 1 0 2 1 9 1 1 0 0 1490 1769 993 3362 7 1 2 0 2 11 4 0 1 1 520 3451 400 518 
2 1 0 0 0 13 0 0 0 0 907 4500 878 512 4 0 0 2 1 8 0 3 1 0 520 4947 400 4194 
2 1 0 2 0 7 1 1 0 0 1490 4500 1277 767 5 1 0 0 2 9 4 0 1 1 535 4169 2710 3649 
1 1 0 2 0 7 1 0 1 0 1490 4615 1324 3362 2 0 3 0 2 11 4 0 1 1 548 3322 1225 459 
1 0 0 0 0 7 0 0 1 0 868 897 2684 3224 4 0 3 0 1 8 0 3 1 0 685 3008 3431 843 
1 0 0 0 0 7 0 0 0 0 1490 4500 3451 3110 5 0 0 0 1 8 0 3 1 0 524 4947 3169 4733 
2 1 0 2 0 7 1 0 1 0 1490 3483 1825 3362 5 1 0 0 2 7 4 3 1 1 524 3451 320 4194 
2 0 0 0 0 8 0 0 0 0 971 4500 3322 3113 4 0 0 0 1 8 0 3 1 1 524 4604 400 4333 
2 0 0 0 0 8 0 0 0 0 971 4500 1283 3113 4 0 0 2 0 7 0 3 1 0 535 4456 4890 4180 
1 1 0 2 0 7 1 0 1 0 1490 1769 1324 3362 4 0 3 0 2 11 3 0 1 1 581 1718 3639 565 
1 1 0 2 1 7 1 0 0 0 1490 1769 970 197 5 1 0 1 0 4 4 0 1 1 524 3451 3169 4106 
2 1 0 0 0 7 0 0 0 0 971 4500 970 197 4 0 0 0 0 14 0 3 1 0 685 4947 3169 4733 
2 1 0 2 0 7 1 0 1 0 1490 1769 1324 3362 6 1 0 0 2 11 4 0 1 1 520 3451 400 518 
1 1 0 2 0 7 2 0 0 0 1490 1769 1324 3362 2 1 3 0 2 7 0 3 1 0 685 4947 3169 4733 
2 0 3 0 0 13 5 0 0 0 971 4500 970 197 5 0 0 2 0 0 5 3 1 1 524 4604 400 4333 
2 1 0 2 0 7 1 0 0 0 1490 4500 970 1299 4 1 0 0 2 7 4 0 1 1 535 4947 3169 2704 
1 1 0 2 0 7 1 0 1 0 1490 1769 251 3362 5 0 0 0 0 9 0 3 0 1 524 4433 242 4180 
2 1 0 2 0 9 1 0 0 0 971 4500 970 197 5 0 0 2 0 8 0 3 1 0 535 4947 2234 4333 
1 0 0 0 0 13 0 0 0 0 971 4500 970 197 7 0 0 2 0 14 0 3 1 0 520 4854 3729 4333 
2 1 0 0 0 7 4 0 1 0 1490 1769 1277 767 5 1 0 0 2 9 4 1 1 1 524 4456 3169 4555 
1 1 0 2 0 7 1 0 0 0 1490 4500 970 197 5 1 0 0 2 7 4 0 1 1 535 4947 3169 2704 
1 1 0 2 1 11 5 0 0 0 971 4500 970 197 5 0 0 2 0 0 5 3 1 1 524 4947 242 4180 
2 1 2 0 0 13 5 0 0 0 971 4500 970 197 5 0 0 2 0 0 0 3 1 1 535 4169 400 4333 
1 1 0 2 1 7 1 1 0 0 1490 1769 1324 3362 4 1 0 0 2 2 4 0 1 1 535 4947 3169 2704 
1 0 0 2 0 7 1 1 1 0 1490 1769 1277 767 5 1 1 0 2 7 4 3 1 1 524 3451 320 4194 
2 1 2 0 0 13 5 0 0 0 971 4500 970 197 5 0 0 0 0 0 5 3 1 1 524 4604 400 4333 
2 1 0 0 0 7 1 0 1 0 1167 897 1830 3224 4 0 3 0 1 7 0 0 1 0 685 2181 3169 565 
2 1 0 1 0 10 0 0 0 0 971 4500 970 197 7 0 0 2 0 14 0 3 1 0 520 4854 3729 4333 
2 0 0 0 0 7 0 0 1 0 942 1576 520 3110 6 0 0 0 1 8 0 3 1 0 685 4947 3706 4733 
1 1 0 2 0 7 1 0 1 0 1490 1769 1324 3362 4 0 3 0 2 11 4 0 1 1 535 3451 400 967 
1 0 0 2 0 7 1 1 1 0 1490 1769 1324 3362 2 1 3 0 1 11 0 3 1 0 520 4604 400 4333 
1 1 0 2 0 7 1 3 1 0 1490 4500 267 3110 5 0 0 0 1 8 0 3 1 0 535 4456 400 4194 
2 0 0 0 0 7 0 0 1 0 1490 1769 251 3362 6 0 3 0 2 7 4 0 1 1 535 4778 3273 4399 
2 1 0 0 0 11 5 0 0 0 971 4500 970 197 5 0 0 2 0 0 5 0 1 1 520 4752 3346 4333 
2 1 0 1 0 11 5 0 0 0 971 4500 970 300 5 0 0 0 1 8 0 3 1 1 524 3451 320 4194 
1 1 0 2 0 7 1 0 1 0 1490 1769 1324 3362 4 1 3 0 2 11 0 0 1 1 548 2020 3169 2704 
1 0 0 0 0 9 1 0 0 0 971 4500 970 197 5 0 0 2 0 8 0 3 1 0 535 4947 2234 4333 
1 1 0 2 0 7 1 0 1 0 1490 1769 1324 3362 4 0 3 0 2 11 4 2 1 1 524 4604 400 4337 
1 0 0 0 0 7 1 0 1 0 1275 897 3841 3224 4 0 0 0 1 8 0 3 1 0 685 4604 1011 4194 
2 1 0 0 1 7 0 0 0 0 1490 4500 970 197 4 0 0 0 2 7 0 3 1 0 535 4456 242 4180 
1 0 0 0 0 7 0 0 1 0 942 1576 520 197 4 0 0 0 1 8 0 3 1 1 524 4947 1943 4733 
1 1 0 0 0 13 0 0 0 0 971 4500 4545 3113 6 0 0 0 0 8 0 3 1 1 520 4947 400 4733 
1 0 0 2 0 7 1 0 1 0 1490 1769 3841 3224 7 0 2 0 1 8 0 1 1 1 535 459 3169 4333 
1 0 0 0 0 7 1 0 1 0 1490 1769 251 3362 6 0 3 0 2 7 3 0 1 1 535 4947 3169 2704 
2 0 3 0 0 7 0 0 1 0 942 1803 520 3110 5 0 2 0 2 8 0 3 1 0 535 4456 242 4194 
2 1 0 2 0 7 1 3 1 0 1490 3847 1324 3362 2 1 3 0 1 7 0 3 1 1 524 4132 2498 4733 
2 1 0 2 0 11 0 0 0 0 1490 4500 1508 197 5 0 0 2 0 14 0 3 1 0 520 4947 4660 459 
2 1 0 2 1 7 1 1 0 0 1490 4500 970 197 5 1 3 0 2 11 4 0 1 1 508 3451 3289 4333 
2 1 0 2 0 7 5 0 0 0 504 4500 267 197 7 0 0 0 0 0 4 3 1 1 527 4947 400 4194 
2 1 0 2 1 9 1 0 0 0 1490 4796 1324 3362 6 1 1 0 2 11 4 0 1 1 535 3551 400 2405 
2 1 0 0 0 7 1 0 1 0 1275 4831 2684 3113 5 0 0 0 0 7 0 3 1 1 524 870 2441 4194 
2 1 0 2 1 9 1 1 0 0 1490 4796 1324 3362 5 0 0 0 1 7 4 0 1 1 535 4947 3169 2704 
2 0 3 0 0 7 0 0 1 0 942 1803 520 3110 5 0 0 0 1 8 0 3 1 1 524 4604 400 4333 
1 1 0 2 1 7 1 1 0 0 1490 1769 1324 3362 4 1 3 0 2 11 4 0 1 1 548 3451 3289 1698 
2 1 0 0 0 13 0 0 0 0 1490 4500 1508 197 5 0 0 2 1 8 0 3 1 0 520 3451 4051 459 
1 0 0 2 0 7 1 1 0 0 1490 1769 1324 3362 4 0 3 0 2 9 4 0 1 1 520 3451 400 3853 
2 1 0 0 0 11 5 0 0 0 971 4500 970 197 5 0 0 2 0 0 5 3 1 1 520 3451 400 1361 
1 1 0 2 0 7 1 0 0 0 1490 1769 1324 3362 5 1 3 0 0 11 4 0 1 1 548 4604 400 4733 
2 1 0 2 1 9 1 0 0 0 1490 4500 1277 767 5 1 0 0 2 9 4 1 1 1 535 4947 3169 2704 
2 1 0 2 1 7 1 0 1 0 1490 3435 1324 3362 6 0 0 0 1 9 4 0 1 1 524 4604 400 4555 
2 0 0 0 0 8 0 0 0 0 971 4500 1283 3113 4 0 0 2 1 7 0 3 1 0 548 3451 541 4180 
1 0 0 2 0 7 1 0 0 0 971 4500 4545 3113 6 0 0 0 1 8 0 1 1 1 524 4132 1943 4733 
2 1 0 0 1 9 1 0 0 0 1490 4500 970 197 7 0 0 2 0 0 0 3 1 1 527 4778 400 4333 
2 1 0 0 0 11 5 0 0 0 971 3545 1039 512 4 0 0 0 1 8 5 3 1 1 644 4604 400 4333 
2 1 0 2 1 9 1 1 0 0 1490 4796 1324 3362 6 1 1 0 2 11 4 0 1 1 520 3451 3289 4333 
1 0 0 2 0 7 1 0 1 0 1490 1769 111 3224 5 0 3 0 2 11 0 3 1 0 524 4947 3169 4555 
1 1 0 2 0 7 1 0 1 0 1486 4438 2994 197 5 1 0 0 2 7 4 0 1 1 548 3451 3289 4478 
2 0 3 0 0 13 0 0 0 0 971 4500 4545 3113 5 0 0 0 2 8 0 3 1 0 535 4456 242 4194 
2 0 0 0 0 8 0 1 0 0 971 4500 970 517 7 0 0 0 1 8 0 3 1 0 685 4947 2704 4733 
1 1 0 0 0 7 1 0 0 0 971 4500 878 512 4 0 0 0 1 8 0 3 1 0 527 2716 400 4333 
2 1 0 2 0 7 1 0 0 0 1490 4500 970 4866 5 1 0 0 2 7 4 0 0 1 535 4947 3169 2704 
2 1 0 0 0 7 0 0 0 0 971 4500 970 197 4 0 0 0 0 0 5 3 1 1 524 4604 400 4333 
1 1 0 2 1 9 1 1 0 0 1490 4796 1324 3362 6 0 0 0 2 11 4 0 1 1 520 3451 400 518 
2 1 0 2 0 7 1 0 0 0 1490 1769 1324 3362 2 1 3 0 2 11 3 0 1 1 535 3451 3289 459 
2 1 0 2 0 7 1 0 1 0 1490 3483 1825 3362 6 1 1 0 2 11 4 0 1 0 685 3008 3431 843 
2 1 1 0 1 11 5 0 0 0 971 4500 970 197 7 0 0 2 0 0 0 3 1 1 527 4778 400 4333 
1 0 0 0 0 7 1 0 0 0 1490 1072 1324 3362 2 0 3 0 2 8 0 3 1 0 524 4947 400 4333 
2 1 0 0 1 7 1 1 0 0 507 1081 251 3362 5 0 0 0 0 9 0 3 0 1 524 4433 242 4180 
2 1 0 2 0 8 0 0 0 0 971 4500 1283 3113 4 0 0 2 1 7 0 3 1 0 548 3451 541 4180 
2 1 0 2 1 9 1 0 0 0 1490 1769 1324 3362 4 0 3 0 2 11 4 0 1 1 548 3451 3289 459 
2 0 0 2 0 7 1 1 1 0 1490 1769 3331 3362 2 1 3 0 2 11 0 1 1 0 524 4132 1943 4733 
1 0 0 2 0 7 1 1 1 0 1490 1769 1324 3362 2 1 3 0 2 11 1 0 1 1 548 3451 3289 459 
2 1 0 0 1 11 5 0 0 0 971 4500 970 197 7 0 0 2 0 0 0 3 1 1 527 4778 400 4333 
2 0 3 0 0 7 0 0 1 0 942 1803 520 3110 5 0 2 0 1 8 0 3 1 0 535 4456 4660 4399 
2 1 0 0 0 13 5 0 0 0 907 4500 878 2471 4 0 0 2 0 14 0 3 1 0 685 4947 242 4180 
1 0 0 0 0 7 1 0 1 0 1275 4831 2684 3113 5 0 0 0 0 7 0 3 1 1 524 870 2441 1015 
1 0 0 2 0 7 1 0 0 0 1253 2590 3296 3113 6 1 0 0 0 7 0 3 1 0 520 3451 4051 459 
2 1 0 2 2 7 1 1 0 0 1348 4500 970 3520 5 1 0 0 2 11 4 0 1 1 535 3451 400 3930 
1 0 0 2 0 7 1 0 1 0 1490 1769 3841 3224 5 0 3 0 2 11 4 0 1 1 524 3451 3169 1698 
2 0 0 2 0 7 1 1 1 0 1490 1769 1324 3362 4 0 3 0 2 11 3 0 1 1 581 1718 3639 565 
2 0 0 0 0 13 0 0 0 0 971 4500 4545 3113 6 0 0 0 0 8 0 3 1 1 520 4947 400 4733 
2 1 0 2 1 9 1 1 0 0 1380 4796 1324 197 5 0 0 0 2 7 4 0 1 1 535 3567 4044 2704 
2 1 0 2 0 11 0 0 0 0 1490 4500 1508 197 5 0 0 2 0 14 0 3 1 0 520 4947 400 4333 
1 0 0 2 0 7 1 0 1 0 1490 1769 3841 3224 5 0 2 0 2 8 0 3 1 0 535 4456 242 4194 
2 1 0 2 0 7 0 1 0 0 1490 897 2684 3224 4 0 3 0 2 7 0 3 1 0 685 4947 3169 4733 
2 1 0 2 1 9 1 0 0 0 1490 4500 1277 767 5 1 0 0 1 7 4 0 1 1 535 4947 3169 2704 
2 1 0 1 0 13 5 0 0 0 971 4500 970 197 5 0 0 2 0 0 0 3 1 1 527 4778 400 4333 
2 1 0 2 0 7 1 0 1 0 1490 1769 1324 3362 2 1 3 0 2 11 4 0 1 1 596 2511 3289 459 
2 0 0 2 0 7 1 1 1 0 1490 1769 3331 3362 2 1 3 0 2 11 4 0 1 1 548 2511 4166 459 
1 1 0 2 0 7 1 0 0 0 971 4500 970 197 7 0 0 0 1 8 0 0 1 1 524 4604 400 4333 
1 1 0 0 0 7 0 0 0 0 1490 1769 1324 3362 4 1 3 0 2 11 4 0 1 1 535 3451 400 3930 
2 0 3 0 0 13 0 0 0 0 658 4500 4245 1496 6 0 0 0 0 7 0 3 1 0 535 4456 242 4180 
2 1 0 2 1 9 1 0 0 0 1490 4500 1277 767 6 1 0 0 2 11 4 0 0 1 535 4456 2851 4194 
2 1 0 2 0 7 1 0 1 0 1490 1769 3331 3362 2 1 3 0 2 11 0 1 1 0 524 4132 1943 4733 
1 0 0 2 0 7 1 0 0 0 971 3013 4545 3113 6 0 0 0 1 8 0 1 1 1 524 4132 400 4180 
2 0 0 0 0 7 1 0 1 0 942 1576 520 3110 5 0 0 0 2 8 0 3 1 0 685 4947 3169 4733 
1 0 0 2 0 7 1 1 1 0 1490 1769 1324 3362 6 1 3 0 2 11 4 0 1 1 548 3834 1225 459 
1 1 0 2 0 7 1 0 1 0 1490 1769 251 3362 5 0 0 0 0 9 4 0 1 1 524 3451 320 4194 
2 0 2 0 0 13 0 0 1 0 971 4500 970 197 7 0 0 0 1 8 0 3 1 0 535 4410 541 4180 
1 0 0 2 0 7 1 1 1 0 1490 1769 1324 3224 4 0 3 0 2 7 4 1 1 0 685 2181 3169 565 
2 1 0 2 0 7 1 0 1 0 971 3259 970 3269 5 0 3 0 2 11 4 0 1 1 524 3451 3169 1698 
2 0 0 0 0 13 0 0 1 0 942 3240 520 1986 5 0 0 0 0 7 0 3 0 0 527 4778 3729 4333 
1 1 0 2 0 7 1 0 1 0 1490 1769 1324 3362 6 1 0 0 2 11 4 0 1 1 520 3451 400 518 
2 1 0 2 0 12 0 0 0 0 971 4500 970 197 5 0 0 2 0 0 0 3 1 1 524 494 2441 4194 
1 0 0 2 0 7 1 0 0 0 1490 4796 1324 3362 6 1 1 0 2 11 4 0 1 1 535 3551 400 2405 
2 0 3 0 0 13 0 0 0 0 971 4500 4545 1496 5 0 0 2 0 0 0 3 1 1 527 4778 400 4333 
1 1 0 2 0 7 1 0 1 0 1490 1769 1324 3362 4 0 3 0 2 7 4 0 1 0 685 81 3169 4733 
2 1 0 2 0 7 1 0 0 0 1490 1769 993 3362 6 1 3 0 2 11 4 0 1 1 520 4456 242 4180 
1 1 1 0 1 11 5 0 0 0 971 4500 970 197 7 0 0 2 0 0 5 3 1 1 524 4604 400 4333 
2 1 0 2 1 9 1 0 0 0 1490 4500 1277 767 5 1 0 0 0 4 4 3 1 0 685 4604 3169 4733 
1 0 0 2 0 7 1 0 0 0 971 4500 970 512 3 0 0 0 1 8 0 3 1 0 535 422 400 4406 
2 1 0 0 0 7 1 0 1 0 1167 897 1830 3224 4 0 3 0 1 7 0 0 1 0 685 1847 3169 4733 
2 1 0 2 0 7 1 0 0 0 1393 4500 970 197 5 0 0 1 0 9 0 1 1 1 535 4456 4827 2152 
2 1 0 0 0 7 1 0 1 0 1275 897 2684 3113 5 0 0 0 0 7 0 3 1 1 524 870 2441 4194 
2 1 0 2 0 7 1 0 1 0 1490 1769 1324 3113 6 0 3 0 2 7 0 3 1 0 685 4947 3169 4733 
1 0 0 0 0 7 1 0 0 0 1490 1769 4658 3247 4 0 3 0 1 7 0 4 1 1 524 3451 3939 1141 
2 1 0 2 1 9 1 1 0 0 1490 4796 1324 3362 5 0 0 0 0 4 4 0 1 1 535 3451 400 3930 
2 1 2 0 0 13 5 0 0 0 971 4500 970 197 5 0 0 2 0 0 5 3 1 0 520 4941 513 4512 
1 0 0 0 0 11 5 0 0 0 971 4380 970 512 3 0 0 0 1 8 0 3 1 1 524 4604 3169 4180 
1 1 0 2 1 9 1 1 0 0 1348 4500 970 197 5 1 0 0 2 11 4 0 1 1 535 3451 400 3930 
2 1 0 0 0 7 0 0 1 0 942 1576 520 3110 4 0 0 0 1 8 0 3 1 0 685 4132 3300 4333 
2 1 0 2 0 11 1 0 1 0 1490 1769 819 3036 4 0 0 0 1 8 0 3 1 1 535 4947 3169 2704 
2 0 3 0 0 11 5 1 0 0 971 4500 970 300 5 0 0 2 0 14 4 2 1 1 524 4947 400 4180 
1 0 0 2 0 7 1 0 1 0 1490 1769 1324 3362 4 0 3 0 2 9 4 0 1 1 520 3451 400 1361 
2 1 0 2 1 9 1 0 0 0 1490 1769 1324 3362 4 1 3 0 0 11 4 0 1 1 548 3451 3289 459 
2 0 0 0 0 7 1 0 0 0 699 2551 3296 3113 6 0 3 0 0 11 0 3 1 0 520 4604 400 4333 
1 1 0 2 1 9 1 0 0 0 1490 4500 1277 767 4 1 0 0 0 4 4 0 1 1 535 4922 513 4187 
1 1 0 0 0 7 1 1 0 0 1490 1769 1324 3362 4 0 3 0 2 9 4 0 1 1 520 3451 400 3853 
1 1 0 2 0 7 1 0 0 0 1490 4501 3267 630 6 1 1 0 0 11 4 0 1 1 535 3451 4382 4333 
2 0 3 0 0 13 0 0 0 0 907 4500 878 2471 4 0 0 2 0 14 0 3 1 0 685 4947 3169 4733 
2 0 0 0 0 7 1 0 1 0 699 2590 3296 3113 6 0 3 0 1 7 0 3 1 0 520 4604 400 4333 
2 1 0 2 0 7 1 0 0 0 971 4500 4545 3113 6 0 0 0 0 8 1 3 1 1 520 4947 400 2425 
1 1 0 2 0 7 1 0 1 0 1393 4500 970 197 7 0 0 0 2 9 4 1 1 1 535 4456 327 2152 
2 1 0 0 0 7 1 0 1 0 1275 897 3841 3224 4 0 0 0 1 8 0 3 1 0 685 4604 1011 4194 
2 1 0 2 0 7 1 1 0 0 1490 4500 1277 767 5 1 0 0 2 9 4 0 1 1 535 3451 400 4333 
1 0 0 0 0 7 1 0 0 0 1393 4500 970 197 5 0 0 0 2 9 4 1 1 1 535 4456 327 4194 
2 1 0 0 0 7 1 0 1 0 1167 897 1830 3224 4 0 0 0 1 8 0 3 1 1 524 4604 400 4333 
2 0 0 0 0 7 1 0 0 0 907 4500 878 512 4 0 0 2 1 8 0 3 1 1 524 71 400 4333 
2 1 0 0 0 7 0 0 1 0 942 1576 520 3110 4 1 0 0 1 8 0 3 1 1 520 3451 400 518 
2 0 0 2 0 7 1 0 1 0 523 1722 2257 3315 6 0 0 0 2 8 0 3 1 0 535 4456 242 4194 
1 0 0 0 0 8 0 0 0 0 971 4500 1283 3113 4 0 0 2 1 7 0 3 1 0 548 3451 541 4180 
2 1 0 2 1 9 1 1 0 0 1490 1769 993 3362 7 1 2 0 2 11 4 0 1 1 520 3451 400 518 
1 0 0 2 0 11 1 0 0 0 1426 4501 3267 630 5 0 0 0 1 14 4 0 1 1 535 4947 4660 4194 
1 1 0 1 0 7 1 0 0 0 1490 1769 1324 3362 4 1 3 0 2 9 4 0 1 1 520 3451 400 3853 
2 1 0 2 1 7 1 3 0 0 1490 1769 1324 3362 6 1 3 0 2 11 4 0 1 1 524 3451 3169 1882 
1 0 0 0 0 11 5 0 0 0 742 4500 970 512 3 0 0 0 2 9 4 1 1 1 524 4456 3169 4555 
2 1 0 2 1 9 1 1 0 0 1490 4500 1277 767 5 1 0 2 0 4 4 3 1 1 524 4778 400 4333 
2 1 0 2 0 7 1 0 1 0 1490 1769 1324 3362 4 0 3 0 2 9 4 0 1 0 535 3451 3289 459 
2 0 0 0 0 13 0 0 0 0 971 4610 1039 512 4 0 0 0 1 8 0 3 1 0 548 4752 3346 4333 
1 0 0 0 0 10 0 0 0 0 1490 4500 970 197 4 1 0 0 2 7 0 3 1 0 535 4456 242 4180 
2 1 0 2 0 7 1 0 1 0 1490 1769 1324 3362 5 1 3 0 2 11 4 0 1 1 548 2020 3169 2704 
2 1 0 2 0 9 1 0 0 0 1490 2076 1277 767 5 1 0 0 2 11 4 0 1 1 535 3451 400 4049 
2 1 0 2 0 11 1 0 0 0 1426 4501 3267 630 5 0 0 0 1 14 4 0 1 1 535 4947 4660 4194 
2 0 0 1 0 7 0 0 1 0 907 897 4061 3224 4 1 3 0 1 8 0 3 1 0 535 784 513 565 
1 1 0 0 0 13 1 0 0 0 971 4500 4545 3110 5 0 0 0 1 8 0 3 1 0 685 3606 3169 4733 
1 1 0 2 0 7 1 0 1 0 1490 1072 1324 3362 5 1 2 0 2 11 4 0 1 1 644 4604 400 4333 
1 1 0 2 1 7 1 1 0 0 1490 1769 51 3362 4 1 3 0 2 11 4 0 1 1 548 2511 3289 459 
2 1 0 2 1 9 1 1 1 0 1490 4796 1324 3362 6 1 1 0 2 11 4 0 0 1 524 3451 3169 1698 
2 1 0 0 0 7 1 0 0 0 1490 4500 1277 767 5 0 0 0 0 4 4 3 1 1 524 4604 400 4555 
2 1 0 2 1 9 1 0 0 0 1490 4500 1277 1481 5 0 0 0 0 4 4 0 1 0 520 4947 400 4733 
2 0 0 0 0 7 0 0 0 0 907 4500 878 512 4 0 0 2 1 8 0 3 1 0 520 4947 3169 4733 
2 1 0 2 0 9 1 1 0 0 1380 4796 1324 197 5 0 0 0 2 7 4 3 1 1 520 4947 400 4733 
1 1 0 2 1 9 1 0 0 0 1490 4500 1277 767 5 1 0 0 0 15 4 0 1 1 524 3451 3169 4333 
1 0 0 1 0 7 1 0 1 0 1490 1769 251 3362 6 0 3 0 2 7 4 0 1 1 535 4778 3273 4399 
1 1 0 2 0 9 1 0 0 0 1490 4500 1277 767 5 1 0 0 2 9 4 1 1 1 524 4456 3169 4555 
2 0 0 2 0 7 0 0 0 0 971 4500 1838 3113 6 0 0 0 1 7 0 3 1 1 520 4947 4660 4194 
2 0 0 2 0 7 1 0 1 0 1490 1769 520 3110 5 0 0 0 1 7 0 3 1 0 520 4755 4000 3817 
2 0 3 0 0 13 0 0 0 0 971 4500 4545 1496 7 0 0 2 0 14 0 3 1 0 520 4604 400 4333 
2 1 0 2 0 7 1 0 1 0 1275 897 3841 3224 4 0 0 0 1 8 0 3 1 0 685 4604 1011 4194 
2 1 0 2 0 7 1 0 1 0 1490 1769 1324 3362 4 0 3 0 2 11 4 3 1 1 530 4778 3101 4399 
1 0 0 0 0 10 0 0 0 0 1361 4500 970 197 5 0 0 0 1 8 4 3 1 0 524 4947 400 4180 
2 1 0 0 0 11 2 0 0 0 971 4500 970 197 5 1 1 0 2 3 4 0 1 1 535 4456 242 4180 
1 1 0 1 0 7 1 0 1 0 1490 4615 251 3362 6 0 3 2 2 11 4 0 1 0 520 3451 400 518 
1 0 0 2 0 7 1 1 1 0 1490 1769 1324 3362 2 1 3 0 2 11 3 0 1 1 535 3451 3289 459 
2 1 0 2 1 9 1 0 0 0 1084 4500 970 197 6 0 0 2 0 0 0 3 1 1 520 4604 400 4733 
2 0 2 0 0 13 0 0 1 0 971 4500 970 197 7 0 0 0 1 8 0 4 1 0 535 4456 541 4180 
2 1 0 2 1 7 1 3 0 0 1490 1769 94 3362 6 1 3 0 2 11 4 0 1 1 524 3451 2556 4732 
1 0 0 0 0 7 1 0 0 0 1393 4500 970 197 5 0 0 0 2 9 0 1 1 1 520 4947 400 1847 
2 1 0 2 1 9 1 0 0 0 1490 4500 1277 767 6 1 0 0 2 11 4 0 0 1 535 4922 513 4187 
2 1 0 2 0 7 1 0 0 0 1490 4501 3267 630 5 1 1 2 0 8 4 3 1 1 524 4604 400 4333 
1 1 0 2 0 7 1 0 1 0 942 1576 520 3110 5 0 0 0 1 8 0 3 1 0 548 3451 541 4180 
2 1 0 0 0 13 5 0 0 0 971 3774 970 197 5 0 0 2 0 0 5 3 1 0 520 4941 513 4512 
2 1 0 2 0 7 1 0 1 0 1486 4438 2994 197 5 0 0 0 1 8 0 3 1 0 685 4947 2704 4733 
2 1 0 2 0 7 1 0 0 0 1490 1769 1324 3362 4 0 3 0 2 11 4 0 1 1 548 3451 3289 459 
2 0 0 0 0 8 0 0 0 0 971 4500 4720 3113 4 0 0 2 0 7 0 3 1 0 535 4456 541 4180 
1 1 0 2 0 11 5 0 0 0 1150 4500 970 197 0 0 0 0 0 7 0 3 1 0 527 4778 400 4333 
2 1 0 2 0 9 1 0 0 0 1490 4500 1277 767 6 0 0 0 2 9 4 0 1 1 524 4132 400 459 
2 1 0 0 0 11 5 0 0 0 971 4500 970 512 3 0 0 0 1 8 0 3 1 0 535 422 400 4406 
1 1 0 2 0 7 1 0 1 0 1490 4615 251 3362 6 0 3 2 2 7 4 0 1 1 524 4604 400 4555 
2 1 0 2 0 11 0 0 0 0 971 4500 970 512 3 0 0 2 1 8 0 3 1 0 535 422 400 4180 
1 1 0 2 1 9 1 1 0 0 1490 4500 1277 767 5 1 0 0 2 9 4 0 1 1 535 4169 2710 3649 
1 0 0 2 1 7 1 0 1 0 1490 1769 1324 3362 2 1 3 0 2 11 4 0 1 1 535 3451 3169 520 
2 1 0 2 0 7 1 1 1 0 1275 897 1830 3224 4 0 3 0 2 11 0 0 1 1 535 2181 3169 274 
2 1 0 1 1 7 0 0 0 0 971 4500 970 2630 4 0 0 0 0 0 5 3 1 1 524 4604 400 4333 
1 0 0 0 0 7 1 0 1 0 1167 897 1830 3224 4 0 3 0 1 7 0 3 1 0 535 4805 400 4194 
1 1 0 2 1 9 1 0 0 0 1490 4500 1277 1481 5 0 0 0 0 4 4 0 1 0 520 4947 400 4733 
1 1 0 2 0 13 0 0 1 0 971 4500 970 197 7 0 0 0 0 8 0 3 1 1 524 4604 400 3778 
1 1 0 1 0 11 5 1 0 0 971 4500 970 300 5 0 0 0 0 14 4 2 1 1 524 4947 400 4180 
2 1 0 0 0 7 0 0 1 0 1490 1769 1324 3362 4 0 3 0 2 11 0 3 1 1 535 4922 513 4187 
2 1 0 2 0 7 1 0 0 0 1490 1769 1324 3362 4 1 3 0 2 11 4 0 1 1 535 3451 400 4333 
2 1 0 2 0 7 1 0 0 0 1490 4501 3267 736 6 1 1 0 2 11 4 0 1 1 535 3451 400 4180 
2 1 0 0 0 7 1 0 0 0 971 4500 970 512 3 0 0 0 1 8 0 3 1 0 535 422 400 4406 
2 1 0 2 0 7 1 0 1 0 1490 1769 1324 3362 6 1 1 0 2 11 4 0 1 1 535 3551 3637 4733 
2 1 0 2 0 9 1 0 0 0 1490 4500 1277 767 5 1 1 0 1 7 0 3 1 0 535 4805 400 4194 
2 1 0 2 1 7 1 0 1 0 1490 1769 1324 3362 2 1 3 0 2 11 4 0 1 1 535 3451 3169 520 
1 0 0 0 0 13 0 0 0 0 971 4500 970 197 5 0 0 2 0 0 0 3 1 1 908 4947 400 4333 
2 1 2 0 0 7 0 0 1 0 942 1803 520 3110 5 0 0 0 2 8 0 3 1 0 535 4456 1101 4194 
1 0 0 0 0 13 1 0 1 0 523 897 3841 3224 4 0 0 0 1 8 0 4 1 1 524 4604 400 4333 
2 1 0 2 0 9 1 0 0 0 1348 4500 970 197 5 1 0 1 0 6 4 0 1 1 524 4604 400 4333 
2 1 0 1 0 11 0 0 0 0 907 4500 878 512 4 0 0 2 1 8 0 3 1 0 520 4947 400 4194 
1 0 0 0 0 7 0 0 1 0 942 1576 520 3110 5 0 0 0 1 8 0 3 1 1 685 4947 3169 4333 
0 0 0 2 0 7 1 0 1 0 1490 1769 1324 3362 4 0 3 0 1 7 0 3 1 1 524 4604 400 4337 
1 0 0 0 0 11 5 0 0 0 971 4500 970 512 3 0 0 0 1 8 4 3 1 0 535 422 400 4406 
2 1 0 0 0 7 1 0 1 0 1275 897 3841 3224 4 0 0 0 1 8 0 3 1 1 524 494 2441 4194 
2 1 0 2 0 9 1 0 0 0 971 4500 878 512 4 0 0 0 0 4 4 3 1 1 524 1129 400 4555 
2 0 3 0 0 7 0 0 1 0 942 1803 520 3110 5 0 2 0 1 8 0 3 1 0 535 4456 4660 4399 
1 0 0 0 0 7 1 0 1 0 1275 897 3841 3224 4 0 0 0 1 8 0 3 1 0 520 4947 400 4733 
2 1 0 2 0 7 1 2 0 0 1490 4796 1324 3362 2 0 3 0 0 7 4 0 1 1 535 4456 242 4180 
2 1 0 2 1 9 1 0 0 0 1490 3483 1825 3362 5 1 0 0 2 7 4 3 1 1 524 3451 320 4194 
2 1 0 2 0 10 1 0 0 0 971 4500 878 512 4 0 0 0 1 8 0 3 1 0 527 2271 400 4733 
1 1 0 0 0 7 1 0 1 0 523 897 3841 3224 4 0 0 0 1 8 0 3 1 0 548 2610 1225 459 
2 1 0 2 0 7 1 0 1 0 1490 1829 520 3110 5 0 0 0 2 8 0 3 1 0 535 4456 242 4194 
2 1 0 2 1 9 2 0 0 0 1490 4500 1277 767 5 1 0 0 1 8 0 3 1 1 524 4604 400 4555 
2 0 0 0 0 13 0 0 1 0 971 4500 970 197 7 0 0 0 1 8 0 4 1 0 535 4456 541 4180 
2 1 0 2 0 7 1 0 1 0 1490 1769 1324 3362 4 0 3 0 2 9 4 0 1 1 524 4947 400 4180 
2 0 0 0 0 8 0 0 0 0 971 4500 1283 3113 4 0 0 2 0 7 0 3 1 1 548 3451 3289 459 
1 1 0 1 0 11 5 0 0 0 1150 4500 970 197 3 0 0 0 0 8 0 3 1 1 535 4947 400 4194 
2 0 0 0 0 13 0 0 0 0 658 4500 4545 1496 6 0 0 2 0 0 0 3 1 0 524 4604 400 4333 
2 1 0 2 0 10 0 0 0 0 971 4898 970 2375 7 0 0 2 0 14 0 3 1 0 520 4854 3729 4333 
1 1 0 2 1 7 1 0 0 0 1490 1769 970 197 5 0 0 0 2 4 4 0 1 1 524 3451 3169 1698 
1 0 0 0 0 14 0 1 1 0 971 4500 761 197 5 0 0 0 1 8 4 3 1 1 524 4947 400 4180 
1 0 0 0 0 11 5 0 0 0 1490 4500 1277 767 5 0 0 0 0 4 4 3 1 1 524 3451 320 2689 
2 0 0 2 0 7 1 0 1 0 1275 897 1830 3224 4 0 3 0 2 11 0 0 1 1 509 2181 3169 274 
2 1 0 2 1 9 1 0 0 0 1490 4501 3267 630 5 1 1 0 2 11 4 0 1 1 535 3451 400 3930 
1 1 0 2 1 7 1 0 0 0 1490 1072 1324 3362 2 0 3 0 2 8 0 3 1 0 524 4947 3169 4555 
1 0 0 2 0 7 1 0 1 0 1490 1769 3841 3224 6 1 0 0 2 7 0 3 1 0 535 4456 242 4180 
2 1 0 2 1 9 1 0 0 0 1490 4500 1277 767 5 1 0 0 0 4 4 3 1 0 685 4604 3169 4733 
1 0 0 2 0 7 0 0 0 0 1490 1769 1324 3362 4 1 3 0 2 7 4 0 1 1 535 3451 1863 565 
2 1 0 0 0 13 5 0 0 0 971 4500 4682 197 5 0 0 2 0 8 0 3 1 0 524 4132 3300 4333 
2 0 0 0 0 8 0 1 0 0 971 4500 970 517 7 0 0 0 1 7 0 3 1 0 685 4947 2704 4733 
1 1 0 2 0 7 1 0 0 0 1490 4500 970 4866 5 1 0 0 2 7 4 0 1 1 535 4947 3169 2704 
2 1 0 2 1 9 1 0 0 0 1490 4500 1277 767 4 1 0 0 0 4 4 0 1 1 535 4922 513 4187 
2 1 0 0 0 7 1 0 0 0 504 4500 267 3110 5 0 0 2 0 7 0 3 1 0 527 4778 400 4333 
2 1 0 2 0 7 1 3 1 0 1490 1769 1324 3224 4 0 3 0 2 11 0 0 1 1 535 2181 3169 274 
2 1 0 0 0 13 0 0 0 0 971 4500 970 197 7 0 0 0 1 8 0 3 1 0 535 4456 541 4180 
1 1 0 1 0 7 0 0 1 0 613 897 4341 3224 4 0 1 0 2 8 0 3 1 1 535 2181 400 4733 
2 1 0 2 1 11 5 0 0 0 971 4500 3267 630 5 0 2 0 2 13 4 0 1 1 535 4947 400 4180 
1 1 0 2 1 7 1 1 0 0 1490 1769 1324 3362 4 1 3 0 2 11 4 0 1 1 508 3451 3289 4333 
2 1 0 2 0 7 1 1 1 0 1490 4939 1324 3362 5 0 0 0 1 8 0 3 1 0 548 3451 541 4180 
2 1 0 1 0 7 1 0 0 0 1393 4500 970 197 5 0 0 1 0 9 0 1 1 1 535 4456 4827 4194 
2 1 0 0 0 7 1 0 1 0 1275 897 2684 3113 5 0 0 0 1 8 0 3 1 1 524 4604 400 4333 
2 0 0 2 0 7 1 0 0 0 971 4380 970 512 3 0 0 0 1 8 0 3 1 0 535 4456 4890 4180 
2 1 0 2 1 9 1 1 0 0 1490 4500 1277 767 5 1 0 0 2 7 4 3 1 1 524 3451 320 4194 
2 1 0 2 0 7 1 0 0 0 971 4500 970 512 3 0 0 0 1 8 0 3 1 0 535 422 400 4406 
1 0 0 0 0 7 0 0 1 0 942 1576 520 3110 5 0 0 0 1 8 0 3 1 0 685 4947 400 4733 
2 1 0 2 0 7 1 1 1 0 1490 1769 1324 3362 4 0 0 0 2 11 3 0 1 1 520 3451 3289 4333 
1 0 0 0 0 11 5 0 0 0 971 4500 970 512 3 0 0 0 1 8 0 3 1 0 535 422 400 4406 
2 1 0 2 0 11 0 0 0 0 1490 4500 1508 197 5 0 0 2 0 14 0 3 1 0 520 4947 4660 4194 
2 1 0 2 1 9 1 0 0 0 1490 1769 1324 3362 5 1 2 0 2 11 4 0 1 1 524 4947 400 4187 
1 1 0 2 0 7 1 0 1 0 1393 4500 970 197 7 0 0 0 0 9 0 3 1 0 685 4947 242 4180 
1 1 0 2 0 7 1 0 1 0 1490 1769 251 3362 5 0 0 0 1 8 0 3 1 1 524 4604 400 4333 
2 1 0 2 0 7 1 1 0 0 1490 1769 1324 3362 4 0 3 0 2 9 4 0 1 1 520 3451 400 3853 
2 1 0 0 0 7 1 0 1 0 1490 1769 3841 3224 5 0 3 0 1 9 4 2 1 1 548 3451 3289 459 
2 1 0 2 1 9 1 1 0 0 1490 4500 1277 767 5 1 0 0 0 11 4 0 1 1 524 4604 400 4333 
2 1 0 0 1 9 1 0 0 0 1490 4500 970 197 4 0 0 0 2 8 0 3 1 0 535 4456 4660 4399 
2 1 0 2 0 7 1 0 0 0 1490 1769 1324 3362 4 1 3 0 2 11 4 0 1 1 535 3451 400 3930 
2 1 0 0 0 11 2 0 0 0 971 4500 970 197 5 1 1 0 1 7 0 3 1 1 535 4456 4890 4180 
2 0 3 0 0 13 0 0 0 0 658 4500 4245 1496 6 0 0 0 0 7 0 3 1 0 535 4456 242 4180 
2 0 0 0 0 8 0 0 0 0 1490 4796 1324 3362 6 1 1 0 2 14 4 0 1 1 520 3451 400 518 
2 0 2 0 0 12 5 0 0 0 971 4500 970 197 5 0 0 2 0 14 0 3 1 0 520 4854 3729 4333 
1 0 0 0 0 2 0 0 0 0 971 4500 970 448 5 0 0 0 1 8 0 3 1 1 524 4805 400 362 
1 0 0 0 0 11 5 0 0 0 971 4380 970 512 3 0 0 0 1 8 0 3 1 0 535 4456 4890 4180 
2 1 0 2 0 7 1 0 0 0 1490 1769 993 3362 6 1 3 0 2 11 4 0 1 1 535 4456 327 2152 
1 1 0 2 0 7 1 0 1 0 1393 4500 970 197 7 0 0 0 1 9 4 1 1 1 535 4456 4890 4180 
2 1 0 0 0 13 5 0 0 0 971 4500 970 300 5 0 0 0 1 8 0 3 1 1 524 3451 320 4194 
2 0 0 0 0 13 0 0 0 0 971 4500 4545 3113 6 0 0 0 0 8 0 3 1 0 548 4752 3346 4333 
2 1 0 0 0 7 1 0 1 0 1167 897 1830 3224 4 0 3 0 1 7 0 0 1 0 685 2181 3169 565 
2 1 0 0 0 7 1 0 0 0 1490 4500 1277 767 5 0 0 0 0 4 3 0 1 1 524 3451 3169 1698 
2 0 0 0 0 13 0 0 0 0 971 4500 4545 1496 7 0 0 2 0 14 0 3 1 0 685 4947 242 4180 
2 0 2 0 0 13 0 0 1 0 971 4500 970 197 7 0 0 0 1 8 0 3 1 0 535 4410 541 4180 
1 0 0 0 0 7 1 0 1 0 1167 897 1830 3224 4 0 3 0 1 7 0 0 1 1 535 838 1474 4187 
1 1 0 2 0 7 1 0 1 0 1490 4824 2257 3315 6 0 0 0 1 7 0 3 1 1 524 3322 1225 4408 
2 0 0 0 0 7 0 0 0 0 942 4500 970 197 5 0 0 0 1 8 0 3 1 0 524 4947 400 4180 
1 1 0 1 0 13 0 1 0 0 971 4500 4545 3113 6 0 0 0 1 8 0 4 1 1 524 3451 320 4194 
2 1 0 2 0 7 1 0 0 0 1490 1769 993 3362 6 1 3 0 2 11 4 0 1 0 535 4456 242 4180 
2 1 0 2 0 9 1 0 0 0 971 4500 878 512 4 0 0 0 1 8 0 3 1 0 527 2716 400 4333 
