0.8152054823218289 0.1798988634541281 0.27486513788888955 
0.6954114432345154 0.32537037382076106 0.20057140767598947 
0.6079132298452765 0.4172642416196335 0.23988665529248454 
0.8161514334424107 0.18389908993673731 0.26480479235460985 
0.6873409025426401 0.2874661139921081 0.3230892728508278 
0.6079132298452765 0.4172642416196335 0.23988665529248454 
0.6184905551589793 0.40015803773913783 0.22374618352284614 
0.8094439800664501 0.18332629201839368 0.2761548960119772 
0.6079632917510935 0.4156541732236728 0.25315362777528005 
0.8115018392193442 0.18087812875820408 0.27763019828610536 
0.8109528717007957 0.18153097229425452 0.27082389576988175 
0.7975220969932526 0.19067078179896269 0.2648983098555614 
0.6794744237367428 0.2967925326686698 0.32202494441057183 
0.613207135505075 0.40651103088970164 0.23716045855699108 
0.8027919842186083 0.1900956073678245 0.26517983017886115 
0.7297124051054149 0.2592650697730178 0.227146319155358 
0.6556351195751092 0.3304587131438368 0.254807052499627 
0.7610760861945634 0.20962593488224857 0.2927946597560882 
0.6366601623394406 0.3849879783960668 0.2050517671678781 
0.8090187708224723 0.18895862734112934 0.2575730959311222 
0.6947922519934828 0.27861854655716023 0.3174512476777257 
0.7067891469976496 0.26558448907396204 0.3007140592234102 
0.7156337072356964 0.25376468230289373 0.3018986002467485 
0.8059823697638608 0.18573093237618 0.2607636194418115 
0.6924485045706474 0.2814646151676169 0.31830064089843346 
0.6481487544678531 0.33632286076585216 0.29891692362405864 
0.6857169292529246 0.28936503222652665 0.32096145964241196 
0.7086614378621379 0.2620248005646524 0.30623143967779576 
0.7029262841388332 0.26884864024011323 0.31129016001386445 
0.6914898388806557 0.2824807633531764 0.32011151549997996 
0.7218050115404702 0.25466558201554934 0.2551621421326228 
0.6832772347452872 0.2922481902170522 0.30149672002605565 
0.6206159332385788 0.3869975502975419 0.22735463743430628 
0.7908053885642662 0.1991488513794767 0.24479033816633067 
0.6232329587486005 0.37851074326649603 0.2303399728697204 
0.6133828050000671 0.403592312426451 0.2469494479060682 
0.63380332262005 0.3618936514907707 0.23302579718675542 
0.6524506410744036 0.3342438735878198 0.2639530215058027 
0.8042782483404887 0.1848051195877305 0.2758944392180729 
0.6643746474037759 0.31680973005430624 0.28978180507463436 
0.7699368717979821 0.21077859272834032 0.24616044892356004 
0.76754145067809 0.22348831491082843 0.23259912891278256 
0.6097368088552585 0.4144542692431441 0.2618040512213309 
0.7251062574224509 0.28370904918663264 0.2117473684499439 
0.7385018344861359 0.2345528657273489 0.2849137626689806 
0.6547634190875529 0.33373860067800043 0.25257037860464904 
0.6177234265323397 0.3828896666538679 0.2424972372993246 
0.6336601867427097 0.37672082106353866 0.2154763233971071 
0.8064192301562733 0.1919800688314134 0.2512857136421992 
0.6737004752711432 0.3035929034681375 0.2980685475936059 
0.7457219581537791 0.23091077384432845 0.2572169466311033 
0.7680549463596296 0.21447199035790476 0.2453619103012783 
0.6714945550767046 0.30913483843130796 0.2746385380606129 
0.6944393653455123 0.32225701991724 0.20159944295187748 
0.742721531697756 0.23633863216415985 0.2596933937157351 
0.6405839561915072 0.37775410811540266 0.20377698016947654 
0.6212359888885707 0.37317296178274817 0.266474346404852 
0.6330751264248033 0.3609323882222122 0.24741248708723806 
0.6239727869481091 0.39794916854508244 0.22058151489187872 
0.6690539605922246 0.3119908188222579 0.29180343010782295 
0.7060103095350678 0.2997244380971551 0.204226678963648 
0.6299287626753807 0.3646555174179472 0.23945165099261723 
0.6251358934204179 0.3685327508034347 0.27072828547749195 
0.6895212737346865 0.28676014274787764 0.30562882621566967 
0.616583595127017 0.3955789130616678 0.22880490148421984 
0.619279473694728 0.3907007060829484 0.23087153146951778 
0.6748875403680934 0.30218050158725873 0.2886035331569825 
0.6147640008085573 0.40452431667676203 0.22880490148421984 
0.688581758068439 0.28593588333165487 0.31587203242182305 
0.6633269680499332 0.3160840275257857 0.312454331047461 
0.726883245735107 0.2705029671222623 0.22542154344652965 
0.6531431521896076 0.3610508237754544 0.20649477381268055 
0.6245662964994853 0.3913182342668253 0.2176650272078393 
0.6476354763417494 0.3445675455978201 0.2452819520975742 
0.6137583817531154 0.39400648947727046 0.24375917738587072 
0.7285819579725612 0.24499718091413913 0.26254034097164825 
0.6414624089660574 0.3719208397481527 0.21459793768550428 
0.6544503032223468 0.32882510909565166 0.2942980555644319 
0.7915360966452628 0.1902543627742469 0.27674541057155677 
0.6483313346661962 0.33885572341235237 0.2794454600927787 
0.7736871818799191 0.21093187399912983 0.24492506085769483 
0.6653651936388911 0.3211778107042108 0.25081952853551326 
0.752076218972814 0.21843961186898964 0.2849137626689806 
0.7035587384646449 0.3113531632633715 0.20287562467366949 
0.7399529517886798 0.2296543856231692 0.3005264604165653 
0.6102151576113123 0.41075146809428376 0.24318137709776266 
0.7003030428122301 0.28162905613475764 0.2645231456033237 
0.7493953582240567 0.22668422013712453 0.2607214289916231 
0.7843522302843393 0.20141029490587214 0.25527378076854146 
0.7648739416361717 0.2194432518521482 0.2384525270084683 
0.751441716532634 0.22748334528006287 0.25087002796257574 
0.6451330608741745 0.3549556650474601 0.2148415814537321 
0.7505544321265681 0.23649383722951112 0.24118865763241226 
0.7186980160154401 0.2650502625392548 0.23663705309901617 
0.6567993399016794 0.3281490918110921 0.2709476906139361 
0.6282471068479888 0.3994239593773826 0.2164783324671189 
0.6819991325591275 0.2938218951462487 0.31373464692204744 
0.6226201637115867 0.39800583206531004 0.22104019662335683 
0.680427693380053 0.2976957731138681 0.2939779756599784 
0.64993404162561 0.36715428658104843 0.21330790382800036 
0.6420288677477298 0.3457104172563812 0.2778603416069758 
0.6807418424456021 0.3030353742380263 0.28594708326909035 
0.6435309440485926 0.3743311788222228 0.20537220732171646 
0.6611049592433133 0.3575481310370413 0.2022729833050455 
0.7076337746600158 0.26343325231490766 0.29104379665069535 
0.6800022129069565 0.3132230908310992 0.2216844552383892 
0.6553023216287818 0.36030873942061103 0.20767502959600592 
0.8004770654488751 0.19238605590539481 0.26044457401136345 
0.749996253700491 0.2209079561684929 0.29331567477208453 
0.6842157230106866 0.30129950283370943 0.24981708853487383 
0.8019454765165993 0.18757970461594553 0.27685157550941686 
0.6933359561955359 0.2909982010539016 0.21981442531483197 
0.759792361469396 0.21268956687839036 0.3024407329992531 
0.7225405587931506 0.2455233003217281 0.2975309783195814 
0.6537413420305047 0.3516361192650065 0.2161060408311809 
0.6741835532671028 0.305146413651343 0.28967995517689504 
0.6582542544991166 0.35687544275923644 0.20927025674824584 
0.6650967397766157 0.3492521040379667 0.21026254841987568 
0.6726717769592151 0.3152395211758535 0.2587525902765576 
0.7661489319258801 0.2165259878718998 0.24792830616631778 
0.7319999987939714 0.23963979289128656 0.2738663929166031 
0.7536628210997633 0.2281817046149669 0.24186605617385548 
0.695227858584063 0.27925545286687903 0.31356366707930283 
0.7717667743452975 0.2132168263753068 0.24260771392406455 
0.6197604777649992 0.38400781139440476 0.23377808749875817 
0.7655340982002898 0.2156748409556306 0.25020391678558374 
0.7136856443381427 0.25614464340078424 0.302721939942868 
0.713390454674613 0.2564334519838012 0.2880659638829578 
0.7899597292512487 0.19663294862759761 0.26029062866226205 
0.6260424049279316 0.3731234407541244 0.23871473163469747 
0.6523191842674978 0.3665239340115092 0.20320839356973408 
0.6905714220676509 0.33122893989443125 0.20057293971658852 
0.678414383043255 0.2981052079037545 0.30438316439234403 
0.7962538121875226 0.19381191127085606 0.2472439494528711 
0.707705271935914 0.2632809868704372 0.2993276789643219 
0.6623567483096793 0.3413852778709645 0.21264255002204724 
0.6217604075758602 0.37985266419480723 0.23894255299337663 
0.6710091598420926 0.31128676648021436 0.2810979455137199 
0.6576608913571498 0.32713040361012924 0.2712600278615719 
0.6393655318143512 0.38156557277548353 0.2037755854460862 
0.7139072959878467 0.25992921772947497 0.2865586824531351 
0.7924822560159583 0.19425458925685624 0.266684542966957 
0.6873444935702253 0.2874618412912018 0.32307555868256255 
0.6628359832588356 0.3193816073999488 0.27810203124444166 
0.7575334990536132 0.2216411584235185 0.2448142140717966 
0.6626972103842022 0.33264923935387425 0.2155148721219694 
0.65613375772481 0.3367733095514922 0.2265511641060164 
0.6106312034438648 0.4095794269394827 0.255478838270749 
0.6226959508706806 0.3935164198311599 0.2226368184989872 
0.6156198350494568 0.397182611118281 0.22983293676010763 
0.7818774515333687 0.20317860039028957 0.255640847928021 
0.6685711369821403 0.31255776772448796 0.27304331090837297 
0.6120404772098239 0.4086068557080653 0.24457559797713968 
0.6112510161285315 0.39922588925683056 0.24717726926474726 
0.6984262626973039 0.3148203229620278 0.2097616885475052 
0.6934611093528833 0.2801909953240187 0.3130822772743024 
0.6595808519533781 0.3563161702133891 0.20576060994899692 
0.725721884262581 0.24305001675440507 0.31218523872505477 
0.7267474523498334 0.2524646226330861 0.2697114104630126 
0.7339128822779853 0.2386176897519805 0.2689983297527876 
0.73665179338041 0.2581580045555425 0.22037004243682246 
0.6292449908570567 0.36325779809562286 0.25719730405733776 
0.7163517545470124 0.2926236221626901 0.21236195889568243 
0.7991184200933333 0.19723933983512154 0.24405392536254045 
0.7749176034970154 0.20270509591770225 0.26752246179527206 
0.7591739895424113 0.22353222809871465 0.24342431829961608 
0.7182762637948283 0.2641290331095586 0.23775129261128292 
0.758759030992388 0.21725886344202083 0.2799262288975408 
0.7269625473798684 0.24147829258950193 0.3066762231649959 
0.6998667910820073 0.30897919933779106 0.20838115102245014 
0.6350670365155315 0.37460186476936097 0.21813643004089744 
0.6453389248998289 0.3461231483767633 0.25663165009752975 
0.7335481521860463 0.23373811333498695 0.29300717250959696 
0.6182721143993746 0.38223682311781726 0.25898125120580395 
0.7178807099564464 0.2511164264736805 0.29138023647235156 
0.7480107640602207 0.2434053216009292 0.2287401102254235 
0.67828714967615 0.29819926270655994 0.30783555710960164 
0.6464147094476642 0.3399219627604516 0.27038412141789303 
0.6752045583434396 0.30185327705094844 0.31479027962805506 
0.6958278320453384 0.27739266573958155 0.31544573605317705 
0.6312971758565397 0.3629389704999465 0.25382088418799376 
0.6838823308790202 0.29165426835097163 0.3069665012694657 
0.6456573136339006 0.35450593625212246 0.2212237010017999 
0.7211775276470849 0.24719172419777602 0.29541134316097284 
0.7172422368020788 0.25187609895199403 0.2971234619579891 
0.7494239357471673 0.22854381474316166 0.25606056549508804 
0.6871427328964781 0.28764807406553383 0.31671252516488535 
0.6637623809068125 0.35024132009109654 0.20683281004256004 
0.6535321000688596 0.3320572095386718 0.2902426089594514 
0.6316001225068052 0.3636468395432133 0.23550789497735736 
0.7941634673931793 0.18836864932973163 0.27082407930883756 
0.6522169351802194 0.34084845162192834 0.2315223103977745 
0.7620433922400562 0.2201181358323645 0.24448780306777607 
0.7475058013256963 0.2316777757055012 0.25157677265889855 
0.6373349174840471 0.3568234267134369 0.23044917701598366 
0.7198158722528206 0.25514756380768056 0.26578769409164804 
0.669746793149111 0.34726584534424465 0.20705866476176527 
0.7057894770445954 0.26544193655064685 0.31925099373379007 
0.7115379397472992 0.258715761759407 0.305127603730056 
0.642542344767455 0.36575512522716214 0.2139752630437779 
0.704776469494589 0.26671679128931636 0.29486104293805016 
0.7330320805920277 0.24399425061736313 0.25956829804997605 
0.7129782631715531 0.26641137699279704 0.24094101805723667 
0.7161684167860964 0.26968053466048236 0.2284033425246088 
0.7359485141427207 0.24056462788543542 0.2498713054110271 
0.6378785867165967 0.38117651373598616 0.20505316189126854 
0.6675300771563035 0.3176321984386552 0.2594457213206919 
0.7626703951339991 0.20926213831412477 0.29647714654730983 
0.6929367891157574 0.28081009050668826 0.3219194396058519 
0.7760489339507624 0.19990609900512635 0.27573980160888334 
0.7627749828969185 0.23760129236170158 0.22671182363993747 
0.7850531935171877 0.2024708764018961 0.24678437210663073 
0.6166336570328341 0.39282636847761865 0.23920046509298332 
0.6817402751480739 0.3095867278692178 0.22310813216909886 
0.6171823448998688 0.3921735249415681 0.24058299529159144 
0.7556835283164888 0.22247329595037502 0.2601099458264027 
0.8082034769277374 0.18480260865105347 0.2686969262335619 
0.7351038978478397 0.24757436201687588 0.24896029717985346 
0.6813138910776175 0.2945343339111324 0.29736739983053484 
0.6886159982556064 0.28814188301439936 0.2803782061333352 
0.7046084790937379 0.3081404630549871 0.2042259641068539 
0.6667071516873366 0.3315886310014098 0.214513059435137 
0.6249912897203316 0.37426217172425436 0.23690680752882565 
0.7706007899790196 0.20524303911374697 0.2705137955474154 
0.7472011546580812 0.2243353847327585 0.29459185649387665 
0.660875495618557 0.34197324925094996 0.2185548606550367 
0.6809783131743563 0.3293272297214759 0.21080664407358085 
0.7440908924883816 0.2295617329815126 0.27718012183219376 
0.7372345055910963 0.23277768005598953 0.29244397617854956 
0.69581740041769 0.27738266194242267 0.317878197486844 
0.7815094120801884 0.1980225033708387 0.2679586505163287 
0.6718393399780719 0.30581671377105224 0.29975297874981865 
0.6957363675918331 0.27869223687882394 0.31505254575472674 
0.7933729212340763 0.19723933983512154 0.24564872230063117 
0.7962089257528026 0.19538478641728674 0.2534179782217354 
0.7091057483998416 0.30469803973415654 0.2031946701041174 
0.6754362282351282 0.3015276580512082 0.2954098356732062 
0.6692107221305581 0.30902766842492535 0.30002870373283297 
0.6857433374146582 0.31823498042841025 0.2116112287986418 
0.6579353345358971 0.32619735450729315 0.28076386459101554 
0.6899583685828916 0.2891081963946913 0.265698751528163 
0.776744482154236 0.20612504239792973 0.2659995609099254 
0.6197604777649992 0.38400781139440476 0.23377808749875817 
0.7199691492436306 0.24989290079333026 0.29965057445525023 
0.6264241198427314 0.3801726373589871 0.2222959194729327 
0.6860716889956427 0.2908603871944856 0.28255280508412794 
0.6700836413143663 0.3078963094873203 0.29371797364571584 
0.6136480248225185 0.4104408287898571 0.23482793733111085 
0.6700335794085492 0.31064885407136944 0.28449224328192835 
0.7145412965804756 0.27214098206448756 0.2291539704330504 
0.6386002576753131 0.3628084958675184 0.22608603379708048 
0.6893959514299758 0.29327753582230087 0.23995292065339047 
0.6155068945038211 0.39363977640610825 0.26716043363912545 
0.7836103190003613 0.20418459068402883 0.24551611603907975 
0.7127530959337638 0.2571921108671592 0.3041319182598845 
0.6945021174814665 0.2880592462209197 0.2693356499187619 
0.6170818418303168 0.38865561678991045 0.25635451202700044 
0.6356536796108285 0.35783188220511586 0.23439293303124353 
0.7124364399049539 0.2670973911168375 0.24571504732236316 
0.6487565980006572 0.3383724074239065 0.28145652360063145 
0.8082404078418648 0.18475866725920387 0.2676334414654019 
0.6388150510332424 0.35408935374170003 0.23598816018348345 
0.7566384987865464 0.2246957485113229 0.2503189075468608 
0.6302388581205411 0.370407651255685 0.22333890016548963 
0.7876116986302112 0.20066676839938713 0.2469384804237188 
0.6425985996801981 0.3699989071273305 0.20874877146062454 
0.6865952882948811 0.3040408778950022 0.21700453900667027 
0.7039829970620952 0.27159875379547993 0.2883123998562638 
0.7999741378186739 0.18800888456525722 0.28019851198091406 
0.7098108591158496 0.26077882813247955 0.29581808510762686 
0.7094589218378866 0.2988500476395315 0.20820677198008597 
0.7009987436868923 0.27475563449424045 0.28270751229128765 
0.7787916529430999 0.21260557481667108 0.23397272231847466 
0.7958355342834388 0.19647715642013097 0.26135470470695177 
0.6691412480178064 0.32339055902100533 0.23622055934288266 
0.7477953845850891 0.22210371576051924 0.283461722599763 
0.6272754567549221 0.3862532012964247 0.21766363248444887 
0.6160078354563852 0.3866972287450672 0.258874758042411 
0.6615890636736419 0.33077509465931465 0.2234202937222558 
0.7005451128809417 0.2717736384230103 0.30602607710187524 
0.7884022447893142 0.19179607789399722 0.2721138374319252 
0.7870891936893225 0.19306842196964913 0.27573941917424294 
0.6446651406925483 0.35090040737087247 0.23113621294824294 
0.649355347773509 0.3349670193038068 0.29323461740800294 
0.8152054823218289 0.1798988634541281 0.27486513788888955 
0.7533646274201311 0.23044436291701076 0.23651200583794074 
0.711269672368549 0.26753989729451877 0.27349155289826343 
0.6900153556835357 0.2842225958952066 0.3112990502934303 
0.7421728438307211 0.2369914757002104 0.2528868930912984 
0.7144456528926153 0.25857942035954207 0.28407888889743893 
0.6680327064512346 0.3103861471283611 0.2993279136338496 
0.7562083219167348 0.24194909335161607 0.22428163898892906 
0.7856844856522257 0.20637914933982981 0.2381279092340709 
0.6232830206544177 0.375758198682447 0.2353117641608683 
0.6796999560432098 0.29666620535822485 0.30921808730820954 
0.6127840552272152 0.4069977005465508 0.2351713540986966 
0.7410971811920342 0.24963174707777058 0.22458492330982716 
0.6608336310054026 0.3267570935759535 0.26116177619013414 
0.6930377658963958 0.2806264511846951 0.3165666753764734 
0.7047999155824101 0.2899250623197672 0.2319269846550679 
0.7315575009099762 0.24584877998894406 0.2498727476915631 
0.6292367528107989 0.3880313708645172 0.2161944308910395 
0.6267360576320944 0.3705186544048592 0.2479141164134887 
0.7827678366405086 0.20504417134373198 0.2471305959328124 
0.7581670027521382 0.2213045534123027 0.2579467354243644 
0.7449154115940122 0.22553333849244706 0.2836355220861907 
0.6528949016331353 0.34378919654991413 0.2168532752788681 
0.6622873830535835 0.32586575237917226 0.26286335181919007 
0.6739814101214454 0.306102148936348 0.29052724838603106 
0.6738917694390573 0.30349111829677977 0.3142768052695831 
0.7306126982964785 0.24680021276504627 0.25958060839797614 
0.7893609794783968 0.20003833674769744 0.24308876253727474 
0.6468586068819722 0.34619665601898575 0.2375171215572025 
0.7377673350677425 0.23211552670962843 0.29214584152710865 
0.6593592125570931 0.3485961597281447 0.2136697940146256 
0.7372563661227908 0.25686742960233133 0.2191900807654833 
0.6110824311175238 0.40705292720379904 0.24635693496380762 
0.7634747046790874 0.20795123366450763 0.2964109157054059 
0.8023233954813207 0.18495840085852 0.2676333713646406 
0.6674079079183368 0.3500402586486835 0.2073317012664191 
0.7015439074577972 0.27059159247807874 0.30991328518677586 
0.6540259628463647 0.353167449702251 0.21331375730419389 
0.6828063491205187 0.29275973906179253 0.31957892944380395 
0.6604281213714726 0.3217923363849955 0.29748855648064276 
0.6649722377730679 0.3242854944527863 0.25132923360209436 
0.795286846416404 0.19712999995618163 0.24912462987311235 
0.6773635110201905 0.31621715462138356 0.22427969930736058 
0.6147640008085573 0.40452431667676203 0.22880490148421984 
0.6312971758565397 0.3629389704999465 0.25382088418799376 
0.7022275838881833 0.2921719991609326 0.21668549357622224 
0.6745582979248221 0.3026790535464945 0.29212532005168 
0.8051565389621775 0.1884297708146352 0.267101699081322 
0.6110323692117068 0.4098054717878482 0.24138514367265984 
0.7805663909892877 0.21132842872479984 0.24224595798674986 
0.697395613763422 0.27544136694644716 0.3081651457080098 
0.6767527790231276 0.3224240429411396 0.22019414532301262 
0.7720367125435692 0.20270509591770225 0.2720022664852656 
0.7034597824447988 0.2739887625448847 0.2809080611127899 
0.6591224231653363 0.35552966548137077 0.21118799946792077 
0.7309028340345358 0.24198052743545972 0.27279824396147034 
0.8115018392193442 0.18087812875820408 0.27763019828610536 
0.7670950936452325 0.21218703798172778 0.25215913113111166 
0.6442936554390591 0.34815466184846655 0.23832894244271008 
0.7236509075545481 0.24441211622587888 0.28732885892295723 
0.6223066698239539 0.38875977711992193 0.22374618352284614 
0.6758589268322044 0.3402214502499874 0.20710756061317492 
0.6514525089504309 0.33541906747915484 0.26086891567813875 
0.7415779187033247 0.2330099312093642 0.27265371832158847 
0.72621909221032 0.25320619193661253 0.26148038703010734 
0.6978147041518832 0.276211118695745 0.28621958884326304 
0.7174246272839642 0.2928488586913407 0.20582119125909382 
0.7794923861117355 0.20407701687059876 0.24853429885248834 
0.6347448613687461 0.37485900801628336 0.21388109624486717 
0.7314931916051062 0.2362029144525929 0.2937337343016372 
0.7158496888721428 0.26847769110352027 0.23791323482080817 
0.7236509075545481 0.24441211622587888 0.28732885892295723 
0.6982037754982688 0.2746168395030615 0.3068695305386918 
0.6387380638880771 0.3581603391464754 0.22815997600029414 
0.6775154776107332 0.32803003067923453 0.21578979051070812 
0.6119925729790177 0.4086629955997598 0.24457559797713968 
0.727758619301397 0.24884258556718486 0.27064941232886797 
0.7528829787546828 0.22280207509542327 0.2630721525619376 
0.7546969531436125 0.23782953307942234 0.2277263517207394 
0.7402096881595507 0.2396927368643319 0.23516010822987976 
0.6529449635389524 0.3410366519658651 0.22182506657001588 
0.7151712098564522 0.2626306659403186 0.2682491189067925 
0.6721331305726618 0.30744485773778973 0.27503273185995003 
0.7442556934538536 0.22776281329702397 0.2929966293416367 
0.6667936685075335 0.329345506194477 0.22248975429722828 
0.6940613975273389 0.27955408954693506 0.3189415881332367 
0.664050716081519 0.3244650151230204 0.24447717320884044 
0.6909470115498504 0.2831152831225 0.31060061750681744 
0.7702625451672128 0.2324483134501586 0.22485487364049794 
0.8159838453024365 0.18409882353605345 0.26608045200608166 
0.7259562182842505 0.24272580456167547 0.28206433162514966 
0.6996353817108389 0.2729080698586741 0.30485770563698644 
0.7489810944972581 0.24463041495497284 0.2277263517207394 
0.617290103806579 0.3853964184365236 0.24220477898808057 
0.6156882654286402 0.39428565019153083 0.23114475175845417 
0.7925191869300856 0.19421064786500675 0.2698749972714368 
0.6600086719399463 0.3292470549941182 0.27021988098002214 
0.7815594739860056 0.19526995878678943 0.2729304418074766 
0.6215240589304312 0.3756708553224156 0.26211087457477766 
0.712073172757915 0.2608263502847826 0.286734579795185 
0.7885696131831756 0.20295172077556423 0.24131836353855074 
0.6829778308181635 0.29551924586712197 0.28692428867217 
0.7095089837437037 0.2960975030554822 0.21445474499302586 
0.7727920432422198 0.20064962551161136 0.287151804197449 
0.731999105951793 0.23964001527434153 0.2787689660180992 
0.7176699453090201 0.25131593768994176 0.28647766337085545 
0.7551456589629504 0.21983173779467435 0.271522741781939 
0.6503640586102704 0.35333756265627503 0.2114750906270002 
0.6428820477228693 0.3426464515419012 0.2831410696621345 
0.7337711820784774 0.261585433119808 0.2171795881323425 
0.6135766747130862 0.3947930696330493 0.24726849333651602 
0.7894110413842139 0.19728579216364828 0.25311672753052483 
0.7730836519786164 0.2132804587968875 0.24023386399513613 
0.6392886432301091 0.3527492784778822 0.2737608063225816 
0.6970509077979381 0.2805256704294995 0.3090053903545775 
0.7763377178451141 0.2198611527472467 0.23301711923612567 
0.7692064427989673 0.20337997989791856 0.27378401120950735 
0.7535688815848137 0.2330785365303547 0.22933515527427495 
0.7598107577727317 0.21539428953208883 0.27907065521893826 
0.720780655344329 0.25724438267119687 0.25794449392646845 
0.6918109107732862 0.2820996490574573 0.3087154459309326 
0.7319921786414512 0.24071528170674295 0.2816588558544839 
0.6973750915445551 0.27563585521902634 0.3086863449241295 
0.6882677701197684 0.29578693148853363 0.2667629884786342 
0.6990238973751141 0.2735613558395764 0.30756155156359644 
0.7873796448089796 0.19148276545804932 0.2852696467056349 
0.6286909928865305 0.39025789759998075 0.21459780901540915 
0.7527768252605045 0.24011448545559932 0.22658585598660896 
0.6351568334275524 0.36779504552963793 0.2289971733617131 
0.7252712551116625 0.24776974007298957 0.2801336940879251 
0.7207202343467984 0.25059208937419375 0.27916646189671157 
0.6878947310620547 0.2895503986213477 0.27798801579088417 
0.6401086459767362 0.3524250265939596 0.2506304298835138 
0.6098155714696811 0.41233500677562374 0.2462531079069613 
0.795480624678012 0.18843228175131221 0.26845063711748285 
0.7604095075455835 0.21198890141198912 0.29084874902630964 
0.7243875917688926 0.25636849895130465 0.25010614138701937 
0.7528329168488657 0.22555461967947255 0.25810036127078984 
0.6383573413943207 0.35521870531460376 0.2529206047485355 
0.6653006743112856 0.35436306219279545 0.20184758939778136 
0.6555924366884271 0.32523833757351184 0.2962731453170314 
0.6963417206548159 0.2767635667597531 0.31180609555251027 
0.6919158733731668 0.2874225912620253 0.28126304696104043 
0.801347575132739 0.19098509273604536 0.26347825454980545 
0.6991064671253927 0.27349172434014957 0.30438316439234403 
0.6668779664443847 0.32690931046688865 0.22604204549459728 
0.7549119428711445 0.21708811974797682 0.2820787846635813 
0.661360069802472 0.32602915274378574 0.25169885782711565 
0.6827004959089219 0.2928849655459308 0.30740127292277175 
0.7306794291028635 0.23716469674582563 0.28916808417626094 
0.6758556309250355 0.33755332721557507 0.20825248560410903 
0.6220606165125819 0.3804421448725689 0.22768107716503794 
0.7649240035419888 0.21669070726809903 0.24342431829961608 
0.6351814172668613 0.3585879510441645 0.22992660646876306 
0.6828793304413914 0.30979981924508015 0.21849400093390936 
0.7102585265977095 0.2685386725518666 0.2652463186889664 
0.7728174830999147 0.20735116416407473 0.24935090322803988 
0.682056796517124 0.2965676003623342 0.2765234731324552 
0.7051384431971299 0.2710629368265086 0.2686430776223456 
0.7869447040281645 0.19829477021840336 0.2512881566983377 
0.6098155714696811 0.41233500677562374 0.2462531079069613 
0.6510391500224091 0.33500410929185354 0.26321354980249556 
0.6509890881165921 0.3377566538759027 0.2582417585113477 
0.6933776864593212 0.28498195756096545 0.28617285261502656 
0.7051158567062736 0.2675720306563162 0.2869260018716555 
0.6615086287966716 0.3201782494918989 0.2731526520704701 
0.6592395017088488 0.325676452046905 0.28922643137833326 
0.7812069063048384 0.1980656044465594 0.2769744655139873 
0.6561838196306271 0.33402076496744304 0.2369467277147801 
0.6340143531413006 0.35969135371605165 0.2615376959521717 
0.737924883340981 0.23737926685865773 0.27115922078602284 
0.7015439074577972 0.27059159247807874 0.30991328518677586 
0.645970064059467 0.34284494425676304 0.2556022211746618 
0.7098596383283261 0.2845105992101197 0.23952591974595838 
0.6763701678884949 0.3004680721504076 0.30369874435126565 
0.7588025061762577 0.2180185833090913 0.2704074470705995 
0.7860174386798995 0.19311487429817575 0.2724942530864197 
0.7602064163300881 0.22103797214767007 0.25851217877675814 
0.6101650957054953 0.4135040126783329 0.23820958580661478 
0.634354022711478 0.35927203165246946 0.26206011007418706 
0.7043663049559271 0.2803226724936432 0.24167471361602733 
0.7859578632355756 0.19586741888222503 0.26879864351706395 
0.6652606251679765 0.3237603789388557 0.25907861198025106 
0.7731539471756897 0.20039684762902066 0.281795596462979 
0.7668241778067388 0.20890710951018265 0.27520046290503086 
0.7367635295900874 0.23527483410033967 0.27739985942125134 
0.7066283724417712 0.2995249316197478 0.21573092671481775 
0.6494886348713824 0.3671988179917256 0.20945636658267408 
0.6777295110247659 0.3094919241808518 0.22487314327620556 
0.7372563661227908 0.25686742960233133 0.2191900807654833 
0.6097368088552585 0.4144542692431441 0.2618040512213309 
0.7281358278298771 0.2454634430395577 0.28042350032863794 
0.6766857033544509 0.31965924057527373 0.2500479030479238 
0.7472626999045939 0.23325954142150573 0.24949282289093933 
0.740941241632709 0.23702460231221756 0.2620101851018958 
0.6273597250915923 0.36827352642263356 0.2577340314533173 
0.7091985492087369 0.2626316107737694 0.29054327999715746 
0.7668241778067388 0.20890710951018265 0.27520046290503086 
0.6429553224170375 0.3487907214500299 0.24946863133515051 
0.7549568302747465 0.21501218330472405 0.28810459940810096 
0.6674733656913592 0.3139193573812987 0.273256007862005 
0.7992862878848213 0.1970396062358054 0.24405401721871156 
0.7064514395351973 0.26987563021248684 0.28312835603078657 
0.7165046292331996 0.2611910577551477 0.24660616671654234 
0.6588956158122533 0.35763381688189666 0.20520501568959293 
0.6557278313377004 0.33173425998312545 0.24831714661120075 
0.783940557615609 0.20192193238198508 0.24809770239385787 
0.7338465063105346 0.2483297138623871 0.2446516317604125 
0.6260759643463678 0.37240035867699894 0.23531158037658573 
0.6284450786284344 0.38943033073209443 0.2175637498546933 
0.6484019950218691 0.3360215483645982 0.3116787408419781 
0.7272871586122182 0.2508391587515132 0.2660908955243304 
0.6968165422071687 0.2828527689721595 0.2428075505155851 
0.6975861440569515 0.29042099272477895 0.2276372726468372 
0.6940504756623675 0.27955646433301595 0.3189415881332367 
0.6467566946956484 0.3711712691268926 0.20781822228848446 
