7 1 0 1 1 7 1 1 0 0 1181 575 1755 3422 2 0 3 0 2 7 1 0 1 0 538 4565 2792 1110 
2 1 0 2 0 2 2 0 1 0 1137 2399 1800 235 4 0 0 2 0 0 4 4 1 1 531 4565 2792 1110 
2 1 0 2 0 2 3 0 1 1 1489 4846 744 87 2 1 0 2 0 14 5 4 0 1 707 498 684 3897 
7 1 0 1 1 7 1 1 0 0 852 575 1755 4462 2 0 3 0 2 7 3 1 1 0 538 4898 4437 541 
4 1 3 0 2 6 1 4 0 1 1228 4889 2760 1557 2 1 2 0 2 8 0 1 0 0 663 2573 684 4368 
2 1 0 2 0 2 3 0 1 1 1489 4846 744 87 2 1 0 2 0 14 5 4 0 1 707 498 684 3897 
2 1 0 2 0 2 3 0 0 1 1489 4573 576 120 5 1 0 2 0 9 4 4 0 1 707 312 461 550 
7 1 0 1 1 7 1 1 0 0 1181 575 1755 3422 2 1 3 0 2 7 1 0 1 0 538 4898 4437 541 
4 0 0 2 0 2 3 0 1 1 1489 4846 744 87 2 1 0 2 0 14 5 4 0 1 707 498 684 3897 
7 1 0 0 1 7 1 1 0 0 1107 484 1755 3422 2 0 3 0 2 7 1 0 1 0 538 4565 2792 1110 
7 1 0 2 1 7 1 1 0 0 1107 575 1755 3422 2 0 3 0 2 7 1 0 1 0 538 4898 1741 541 
7 1 0 2 1 7 1 1 0 0 852 1270 1931 4655 2 0 3 2 2 7 1 0 1 0 538 4898 4437 541 
4 1 3 0 2 6 1 4 0 1 1228 4889 3267 1557 2 1 1 0 2 8 0 0 0 0 663 3118 631 4345 
2 1 0 2 0 2 2 0 0 1 1489 4016 576 2793 2 1 0 2 0 12 5 3 0 1 663 169 95 3897 
5 1 0 2 0 7 1 1 0 0 1107 575 1755 3422 2 0 3 0 2 7 1 1 1 0 538 4565 2792 1110 
2 1 0 2 0 2 2 0 1 0 890 1904 2675 3301 2 1 3 1 2 8 4 0 1 1 590 4565 2792 1110 
4 1 0 0 0 6 1 3 0 1 864 2958 576 2793 2 1 0 2 0 8 4 4 1 1 735 4661 473 1110 
4 1 0 0 0 7 1 2 0 1 916 1904 2637 3722 2 1 3 0 2 8 1 0 1 0 538 4898 4437 541 
2 1 0 2 0 2 3 0 0 0 1489 4016 576 120 5 1 0 2 0 0 4 4 0 1 707 2209 684 847 
7 1 0 2 0 7 1 1 0 0 852 575 1755 4462 2 0 3 0 2 7 3 1 1 0 538 4565 2792 847 
4 1 2 0 1 6 1 3 0 1 852 1968 1300 2055 2 1 1 1 2 8 0 0 0 1 707 4112 336 4368 
4 1 2 0 1 6 1 0 0 1 1059 1938 2675 4655 2 1 3 1 2 8 1 4 0 1 707 3118 461 3897 
4 1 2 0 1 6 1 4 0 1 864 1938 2675 4655 2 1 3 1 2 8 0 3 1 0 663 4052 169 559 
7 1 0 2 1 7 1 1 0 0 852 1270 1931 4655 2 0 3 0 2 7 3 0 1 0 538 4565 2792 541 
4 1 3 0 2 6 1 1 0 1 1228 1968 4955 2055 2 1 2 0 2 8 0 3 1 1 723 4859 473 4647 
4 1 0 2 1 6 1 3 0 1 1009 4016 576 1507 2 1 2 2 0 8 0 4 0 1 663 4859 473 4368 
4 1 3 0 2 6 1 2 0 1 1228 4889 1281 1557 2 1 2 0 2 8 0 0 1 0 663 3118 631 4345 
4 1 2 0 1 6 1 3 0 1 852 1968 1755 2055 2 1 2 0 2 8 0 2 1 1 523 4117 473 1110 
4 1 2 0 1 6 1 3 0 1 852 1968 1755 2055 2 1 2 0 2 8 0 2 1 1 523 4117 473 3900 
4 1 3 0 1 6 1 1 0 1 1228 4889 2760 1557 2 1 2 0 2 8 0 0 0 0 552 3789 684 4368 
4 1 0 2 0 7 1 4 0 0 852 2024 1755 3236 2 1 3 1 2 8 4 3 1 1 620 2573 711 3112 
4 1 0 2 1 6 1 2 0 1 1059 4235 1535 571 2 1 1 0 2 8 0 0 0 0 654 2517 461 3897 
2 1 0 2 0 2 2 0 0 1 1498 4573 576 120 5 1 0 2 0 8 4 4 0 1 625 3118 631 3897 
5 1 0 2 1 7 1 1 0 0 1107 1153 1755 3422 2 0 3 0 2 7 4 0 1 0 538 4565 2792 1110 
2 1 0 2 2 2 2 0 0 1 1489 4016 576 2793 2 1 0 2 0 9 4 4 0 1 570 4959 711 1110 
4 1 0 0 0 2 3 0 0 1 1489 4573 576 120 5 1 0 2 0 9 4 4 0 1 707 312 684 4368 
4 1 0 2 0 2 2 0 0 1 1489 2958 576 2793 2 1 0 2 0 8 5 4 1 1 735 4661 473 1110 
4 1 3 0 2 6 1 2 0 1 1059 4235 576 2793 2 1 0 2 0 8 4 4 1 1 735 4661 473 1110 
4 1 2 2 1 7 1 1 0 0 1107 575 1755 3422 2 0 3 0 2 7 1 1 1 0 538 4565 2792 1110 
4 1 0 2 1 2 1 3 0 1 1462 4846 744 87 2 1 1 0 2 8 0 0 0 0 663 2573 91 4368 
4 1 0 2 0 7 1 1 0 0 1366 1904 1962 4655 2 1 3 0 2 7 4 1 1 0 663 2573 1642 883 
4 1 0 2 0 2 1 1 0 0 852 1270 2072 4655 2 0 3 1 2 7 4 0 1 0 549 4655 4089 559 
3 0 0 2 2 2 3 0 1 1 1489 4016 576 120 7 1 1 2 0 9 4 4 0 1 707 312 684 4368 
2 1 0 2 0 2 2 0 1 0 1137 2399 1800 188 4 0 0 0 0 7 4 1 1 0 538 4565 2792 1110 
4 1 0 2 0 6 1 1 0 1 1032 3652 2675 3768 2 1 3 1 2 8 1 0 1 0 538 4898 2792 1110 
4 1 0 2 0 2 4 0 0 1 502 4016 576 219 2 1 3 1 2 8 4 3 1 1 620 2573 711 3112 
4 1 0 2 0 2 3 3 0 1 1489 4016 576 120 2 1 0 2 0 9 4 4 0 1 634 3118 461 3859 
2 1 0 2 0 2 3 0 0 0 1498 4016 576 120 4 1 1 2 0 9 4 4 0 1 523 4859 473 1110 
7 1 0 1 1 7 1 1 0 0 1181 575 1755 4462 2 0 3 0 2 7 4 1 1 0 538 4565 2792 1110 
4 1 1 0 2 6 1 4 0 1 1059 4235 1136 2476 2 1 1 1 2 8 0 0 0 1 523 4859 473 1215 
7 1 0 2 1 7 1 1 0 0 763 1904 2358 3236 2 1 3 1 2 8 4 0 1 0 658 2573 711 3112 
7 1 0 2 1 7 1 1 0 0 763 1904 2358 4462 2 0 3 2 2 8 4 0 1 0 538 4998 2792 541 
4 1 2 0 2 6 1 4 0 1 1228 4889 2760 1557 2 1 0 2 2 8 4 4 1 0 586 2209 157 847 
2 1 0 2 0 2 1 0 0 0 1159 2399 4877 235 4 0 0 2 0 0 4 4 1 1 707 2573 4969 883 
4 1 2 0 1 6 2 0 0 0 1323 1904 2675 4655 2 1 2 1 2 8 4 0 1 0 538 4565 2792 1110 
2 1 0 2 0 2 2 0 1 0 1489 4405 576 4932 1 1 0 2 0 0 4 4 1 1 570 3863 473 559 
4 1 0 2 0 2 5 0 0 1 1498 4016 576 219 2 1 1 2 0 8 0 4 0 1 654 2517 461 3897 
4 1 0 2 0 2 2 3 0 1 502 4016 3108 219 2 1 0 2 0 8 4 4 0 1 663 3118 631 4345 
2 1 0 2 0 2 3 0 0 0 1498 4016 576 4840 5 1 0 2 0 12 4 4 0 1 735 4661 473 3897 
2 1 0 2 1 6 1 4 0 1 1082 4016 548 1577 2 1 2 0 2 8 0 4 0 1 707 4568 711 847 
2 1 0 2 0 2 2 0 1 0 890 1904 2675 3301 4 0 0 2 0 7 4 0 1 1 707 4112 473 423 
4 1 0 2 0 2 2 1 0 1 502 4016 576 219 2 1 0 2 0 8 4 4 0 1 654 2517 461 3897 
4 1 0 2 0 2 5 2 0 1 1498 4016 576 219 2 1 1 2 0 8 0 4 0 1 654 2517 461 3897 
3 1 1 0 2 6 1 4 0 1 1228 4889 2760 1557 2 1 2 0 2 8 0 0 0 1 523 4117 473 1110 
2 1 0 2 0 2 3 0 0 1 1489 4573 576 120 5 1 0 2 0 9 4 4 0 1 707 3118 461 3897 
2 1 0 2 0 2 3 0 0 1 1489 4573 576 120 2 1 1 2 0 9 4 4 0 1 707 312 684 1110 
4 1 0 2 1 6 1 3 0 1 1059 4235 1136 2476 2 1 1 1 2 8 0 0 0 1 523 4859 473 1215 
2 1 0 2 0 2 3 0 0 1 1489 4573 576 120 5 1 0 2 0 9 4 3 0 1 663 169 95 3897 
4 1 3 0 2 6 1 2 0 1 1228 4889 2760 1557 2 1 2 0 2 8 0 0 0 0 654 2517 461 3897 
4 1 2 2 1 6 1 4 0 1 1228 4016 548 1577 2 1 2 0 2 8 0 4 0 1 707 4568 684 4368 
2 1 0 2 0 2 3 0 0 0 1489 4573 1755 3422 2 0 3 0 2 7 4 0 1 0 538 4565 2792 1110 
2 1 0 2 0 2 3 0 0 0 1498 4573 3289 2412 4 1 0 2 2 0 4 4 1 1 658 4859 473 559 
2 1 0 2 0 2 2 0 0 0 1489 4405 576 4932 1 1 0 2 0 9 4 4 0 1 707 169 95 3897 
2 1 0 2 0 2 3 3 0 1 1489 4016 576 120 2 1 2 2 2 8 4 0 1 0 625 3118 631 3897 
4 1 1 2 0 2 2 0 0 1 1489 4016 576 2793 2 1 0 2 0 9 4 4 0 1 707 312 684 4368 
4 1 0 2 0 7 1 2 0 0 1366 1904 2637 4462 2 1 0 2 2 8 1 0 1 1 658 4959 711 943 
4 1 2 2 0 2 3 0 0 0 1489 4846 576 4932 1 1 0 2 0 0 4 4 1 1 570 3863 473 559 
4 1 0 0 1 6 1 3 0 1 1009 4016 576 1507 2 1 2 2 0 8 0 4 0 1 663 4859 473 559 
4 1 0 1 1 7 1 2 0 0 1366 1904 2637 3722 2 0 3 0 2 7 1 0 1 0 538 4898 4437 541 
2 1 1 0 2 6 1 0 0 1 1223 4016 576 219 2 1 1 2 0 8 0 4 0 1 707 4112 473 423 
7 1 0 2 0 7 1 1 0 0 763 1904 2358 3236 2 1 3 1 2 7 4 0 1 0 538 4565 2792 1110 
2 1 0 2 0 2 1 3 0 1 1462 4846 744 87 2 1 1 0 2 8 4 0 0 0 663 2573 91 277 
4 1 0 2 0 6 1 1 0 1 1032 1904 2675 3768 2 1 3 1 2 8 1 0 1 0 538 4898 2792 1110 
2 1 0 2 0 2 1 0 0 0 1137 2399 4877 235 4 0 0 2 0 0 4 1 0 1 674 2897 2940 847 
4 1 3 0 2 6 1 1 0 1 1228 1904 1962 4655 2 0 3 0 2 8 1 0 1 0 557 4565 748 1110 
4 1 0 2 0 2 3 0 1 1 1489 4016 576 3059 7 1 1 2 0 9 4 4 0 1 707 312 684 3900 
4 1 0 2 1 6 1 3 0 1 1059 4235 1136 2476 2 1 1 1 2 8 4 0 1 0 538 4565 4610 1110 
4 1 0 0 1 6 1 2 0 0 1323 1904 2675 4655 2 1 2 1 2 8 4 0 1 0 538 4565 2792 1110 
4 1 0 0 1 6 1 1 0 0 1107 1153 1755 3422 2 0 3 0 2 7 4 0 1 0 538 4565 2792 1110 
2 1 0 2 1 7 1 1 0 0 852 1904 2637 3722 2 1 3 2 2 7 4 0 1 0 538 4565 2792 1110 
7 1 0 2 1 7 1 1 0 0 763 1904 2358 4462 2 0 3 1 2 8 4 0 1 0 538 4998 711 541 
2 1 0 2 0 2 1 0 1 0 890 4235 576 2793 2 1 0 2 0 8 4 4 1 1 735 2113 473 1110 
2 1 0 2 0 7 1 1 0 0 1366 4506 2647 4655 2 1 3 0 2 7 4 1 1 0 663 2573 4969 883 
4 1 0 2 0 2 1 1 0 1 1032 1904 2072 4655 2 0 3 2 2 7 4 0 1 1 570 3863 473 559 
4 1 0 2 0 2 3 0 0 1 1489 4846 744 87 2 1 1 0 2 8 0 0 0 0 564 4859 711 1080 
2 1 0 2 0 2 2 0 1 0 1489 4405 576 4932 1 1 0 2 0 0 4 4 0 1 707 312 684 4368 
4 1 3 0 2 6 1 0 0 1 1228 4889 2760 1557 2 1 0 0 2 8 0 1 0 0 663 2573 684 4526 
4 1 0 2 0 2 2 0 1 0 1489 4573 576 120 5 1 0 2 0 9 4 3 0 1 663 169 95 3897 
4 1 0 2 0 7 1 1 0 1 1059 4235 1136 2476 2 1 1 0 2 8 0 0 1 1 707 2209 684 4368 
2 1 0 2 0 2 3 0 0 1 1489 4405 1800 235 4 0 0 2 0 0 4 4 1 1 658 4859 473 559 
4 1 2 2 2 2 3 0 0 1 1489 4846 744 87 2 1 1 0 2 8 0 4 0 1 663 3118 631 1215 
2 1 0 2 0 2 0 3 0 1 1489 4016 3605 120 2 1 3 0 2 8 1 0 1 0 634 3118 711 4726 
2 1 0 2 0 2 2 0 1 0 1489 4405 576 4932 1 1 0 2 0 0 4 4 1 0 658 2209 157 847 
5 1 0 2 0 2 2 0 0 0 1489 4405 1800 235 4 0 0 2 0 0 4 4 1 1 658 4859 473 559 
4 1 0 0 1 6 1 0 0 1 831 1904 2675 4887 2 1 1 0 2 8 0 0 0 1 707 4568 711 847 
3 1 0 2 1 2 2 0 1 0 1489 1968 4436 4655 2 1 0 2 0 8 4 0 1 1 542 3148 711 1110 
2 1 0 2 0 2 1 1 0 0 1095 4573 3289 120 5 1 0 2 0 0 4 4 0 1 523 4859 473 1215 
7 1 0 2 1 7 1 1 0 0 703 1439 2524 4655 2 0 3 0 2 7 3 1 0 1 707 2573 4969 883 
4 1 0 0 0 6 1 3 0 1 864 1938 2675 4655 2 1 3 1 2 8 1 0 1 0 538 4898 2792 1110 
3 1 0 2 0 7 1 1 0 0 1489 4016 576 761 2 1 2 2 2 8 4 0 1 0 625 3118 631 883 
4 1 0 0 1 7 1 1 0 0 1107 484 1755 3422 2 0 3 0 2 7 1 1 1 1 531 4565 2792 1110 
4 1 0 2 0 2 1 0 0 0 1366 1904 2637 4462 2 1 0 2 0 8 4 0 1 1 542 3148 711 1110 
4 1 3 0 2 6 1 4 0 1 1228 1904 1962 4655 2 0 3 0 2 8 1 0 1 0 557 4565 2792 1110 
4 1 0 0 2 6 1 4 0 1 776 1938 2675 4655 2 1 3 0 2 8 0 0 1 1 570 3863 473 559 
2 1 0 2 0 2 2 0 1 0 918 4405 576 4932 2 1 0 2 0 7 4 1 0 1 533 4661 118 3897 
4 1 0 0 0 2 1 0 0 1 1228 4889 2760 1557 2 1 2 0 2 8 0 0 0 0 654 2517 461 3897 
2 1 0 2 0 2 1 1 0 0 1095 4573 3289 120 5 1 0 2 0 0 4 4 0 0 538 4998 711 1110 
2 1 0 0 0 2 3 0 0 0 1137 4573 3289 2412 4 1 0 2 0 0 4 1 1 1 723 3118 631 1215 
2 1 0 2 0 7 1 1 0 0 852 4016 576 4285 2 1 1 2 0 8 0 3 0 1 707 4945 631 1110 
4 1 1 2 0 9 1 1 0 0 1366 1904 1962 4655 2 1 3 0 2 7 4 1 1 0 663 2573 1642 883 
4 1 0 2 0 7 1 1 0 0 760 1904 2637 4655 2 1 3 1 2 8 0 0 0 1 674 4220 473 1215 
7 1 0 2 1 7 1 1 0 0 1032 1904 2675 4655 2 1 0 2 2 8 4 0 1 0 542 2571 2792 1110 
4 1 3 0 2 6 1 4 0 1 1228 4889 2760 1557 2 1 1 0 2 8 1 0 1 0 625 3118 631 3897 
7 1 0 2 1 7 1 1 0 0 852 1904 2637 3722 2 1 3 2 2 7 4 0 1 0 538 4565 2792 1110 
4 1 0 2 0 2 2 0 0 1 1489 4405 576 4932 1 1 0 2 0 9 4 4 0 1 634 3118 473 3897 
4 1 0 2 0 7 1 1 0 0 852 1270 4891 4262 2 1 3 0 2 8 4 0 1 0 538 4565 4649 1110 
4 1 0 0 1 6 1 2 0 1 1133 1968 1755 2055 2 1 2 0 2 8 0 0 0 1 707 4859 473 559 
4 1 0 2 0 6 1 4 0 1 852 1904 871 4655 2 1 3 0 2 8 0 0 1 0 634 3118 385 1110 
4 1 3 0 1 7 1 1 0 0 1107 1153 1755 3422 2 0 3 0 2 7 4 0 1 0 538 4565 2792 1110 
4 1 1 2 0 2 3 0 0 1 1489 4573 576 120 2 1 1 2 0 9 4 4 0 0 707 2209 461 559 
2 1 0 2 0 2 1 0 1 0 1137 4573 3946 120 5 1 0 2 0 0 4 4 1 1 523 4859 473 1110 
2 1 0 2 0 2 2 0 1 0 1045 4573 3289 4900 4 0 0 2 0 0 4 1 1 1 707 2573 4969 883 
4 1 0 0 1 6 1 3 0 1 1489 4468 2593 4655 2 1 0 0 2 8 0 3 1 0 570 2209 684 4368 
7 1 0 2 1 7 1 1 0 0 1107 1153 1755 3422 2 0 3 0 2 7 4 0 1 0 538 4565 2792 1110 
4 1 1 2 1 6 1 3 0 1 551 1968 1272 1557 2 1 2 0 2 8 0 0 0 0 663 4959 711 943 
2 1 0 2 0 2 2 0 1 0 918 4405 576 4932 2 1 0 2 0 7 4 1 0 0 533 4661 118 1110 
4 1 0 2 0 2 3 0 0 1 1489 4846 744 87 2 1 1 2 0 9 5 4 0 1 707 2709 631 866 
4 1 0 2 1 2 3 0 0 1 1489 2641 2593 4655 2 1 0 0 2 8 0 4 1 0 570 2209 684 4368 
4 1 0 2 1 2 1 1 0 1 1032 1904 576 219 2 1 1 2 0 8 0 4 0 1 654 2517 461 3897 
2 1 0 2 0 2 3 0 0 0 1489 4016 576 120 5 1 0 2 0 0 4 4 1 1 570 3863 473 559 
4 1 0 2 2 3 2 0 0 1 1059 1938 2675 4655 2 1 3 0 2 8 1 2 1 0 634 3118 711 3301 
4 1 0 1 1 7 1 2 0 0 1366 1904 2637 3722 2 0 3 0 2 7 3 1 1 0 538 4998 2792 541 
4 1 3 0 2 6 1 4 0 1 1228 4889 2760 1557 2 1 2 0 2 8 0 1 0 0 663 2573 684 4161 
4 1 2 0 2 6 1 4 0 1 1228 4889 2760 1557 2 1 0 2 2 8 4 4 1 1 570 3863 473 3900 
2 1 0 2 0 7 1 1 0 0 1366 1904 2647 4655 2 1 3 1 2 8 4 1 1 0 663 2573 1642 883 
5 1 0 2 0 2 2 0 0 0 1489 4573 1755 173 2 1 0 2 0 8 4 0 1 1 542 3148 711 1110 
2 1 0 2 0 2 3 0 0 1 1489 4573 1755 4655 2 1 0 2 0 8 4 0 1 1 542 3148 711 1110 
4 1 2 2 0 2 3 0 0 1 1489 4846 744 87 2 1 0 2 0 14 5 4 0 1 707 498 773 4368 
4 1 0 2 0 2 2 0 1 0 1489 4405 576 4932 1 1 0 2 0 9 4 4 0 1 707 169 95 3897 
2 1 0 2 0 2 5 0 0 1 1489 4573 576 120 5 1 0 2 0 9 4 4 0 1 707 3118 461 3897 
5 1 0 0 1 7 1 1 0 0 852 1270 1931 4655 2 0 3 0 2 8 4 0 1 0 538 4565 4649 1110 
4 1 2 0 2 6 1 4 0 1 1228 4889 2760 1557 2 1 0 2 2 8 4 4 1 1 570 3863 473 559 
2 1 0 2 0 2 3 0 0 1 1489 4016 576 120 7 1 1 2 0 9 4 4 0 1 707 312 684 4368 
4 1 0 2 0 2 3 0 0 1 1489 4846 744 87 2 1 0 2 0 9 5 4 0 1 707 498 684 4368 
4 1 0 2 0 2 1 1 0 0 1159 2399 4877 235 4 0 0 2 0 0 4 4 1 1 707 2573 4969 883 
4 1 0 0 0 6 1 3 0 1 852 1904 2675 2081 2 1 2 0 2 8 0 4 0 0 663 3080 631 4368 
2 1 0 2 0 2 5 0 0 0 1159 2399 4877 235 4 1 0 2 0 0 4 4 0 1 707 2209 684 847 
4 1 2 0 1 6 1 3 0 1 852 1938 2675 4655 2 1 3 1 2 8 1 0 1 0 658 2897 684 4368 
4 1 0 2 0 2 2 0 0 1 1489 1938 2675 4655 2 1 3 1 2 8 1 0 0 0 658 2209 2792 1110 
4 1 0 2 0 7 1 1 0 0 760 1904 2637 4655 2 1 0 0 2 8 1 2 1 0 538 4568 711 847 
2 1 0 2 1 2 1 0 1 0 1083 1904 2637 3722 2 1 3 2 0 7 4 0 1 0 538 4565 2792 1110 
4 1 0 2 0 2 3 0 0 1 1489 4846 744 87 2 1 0 2 0 8 0 3 0 1 707 4945 631 1110 
7 1 0 2 0 2 1 0 0 0 1137 1978 3946 120 3 1 0 2 0 0 4 0 1 0 538 4565 2792 1110 
7 1 0 2 0 7 1 1 0 0 852 575 1755 4231 2 0 3 0 2 7 4 0 1 0 538 4565 2792 1110 
2 1 0 2 0 7 1 1 0 0 1366 1904 1962 4655 2 0 3 0 2 8 1 0 1 0 538 4565 2792 1110 
4 1 0 2 1 7 1 1 0 0 852 1904 3301 3722 2 1 3 2 2 7 4 0 1 0 538 4565 2792 1110 
4 1 0 2 0 2 2 0 0 1 890 1904 2675 3344 2 1 3 2 2 8 4 0 1 1 678 4565 2792 1110 
7 1 0 2 1 7 1 1 0 0 852 1904 2637 3722 2 0 3 0 2 8 1 0 1 0 707 2573 711 3684 
4 0 3 0 0 6 1 1 0 1 852 2024 1755 3236 2 1 3 0 2 8 0 0 1 0 663 4052 684 559 
7 1 0 2 0 2 2 0 1 0 1137 2399 1800 188 4 0 0 2 0 7 4 0 1 1 707 4112 473 423 
2 1 1 2 0 2 2 0 1 0 1489 4405 576 4932 1 1 2 2 0 9 4 4 0 1 625 3118 631 1110 
5 1 0 2 0 6 1 3 0 1 1489 4016 576 1507 2 1 2 2 0 8 4 4 0 1 663 3118 711 943 
4 1 0 2 1 6 1 1 0 1 864 1938 2675 4655 2 1 3 1 2 8 1 0 1 0 658 2897 684 1402 
4 1 3 0 2 2 3 3 0 1 1489 4016 576 120 2 1 0 2 0 9 4 4 0 1 634 3118 461 3859 
4 1 0 2 0 6 1 2 0 1 1366 1904 2637 3722 2 1 3 1 2 8 0 1 0 1 674 4220 461 1402 
7 1 0 2 0 2 2 0 0 0 1218 1904 2723 4655 2 1 2 0 2 7 4 0 1 0 635 4565 2792 1110 
4 1 2 0 2 6 1 4 0 1 1228 4889 2760 1557 2 1 1 0 2 8 0 3 0 1 654 3118 631 1110 
4 1 0 2 0 2 2 0 0 1 1489 4016 576 2793 2 1 0 2 2 8 0 0 1 0 663 3118 631 4345 
4 1 3 0 2 6 1 2 0 1 1059 4235 1136 571 2 1 1 0 2 8 0 0 0 0 654 2517 461 3897 
4 1 3 0 2 6 1 4 0 1 1228 4889 2760 1557 2 1 2 0 2 8 0 0 1 0 658 2573 711 3112 
2 1 0 2 0 2 2 0 0 1 1489 4016 576 2793 2 1 1 2 0 8 0 3 0 1 707 4945 631 1110 
4 1 2 0 2 6 1 2 0 1 1059 4235 4549 571 2 1 1 0 2 8 0 0 0 1 707 4568 711 847 
2 1 0 2 1 2 1 0 0 0 1498 4573 576 4932 1 1 2 2 0 8 4 4 0 1 663 2209 157 847 
4 1 0 0 1 6 1 1 0 1 1032 1904 2675 4655 2 1 3 1 2 8 0 0 0 1 663 2853 473 559 
4 1 0 0 1 6 1 0 0 1 852 1904 2675 4655 2 1 3 1 2 8 0 0 0 1 674 4220 461 1402 
4 1 0 0 0 7 1 2 0 0 902 1904 3164 4655 2 1 3 1 2 8 4 1 1 1 531 4565 2792 1110 
4 1 3 0 2 6 1 4 0 1 1228 4889 2760 2082 2 1 2 0 2 8 0 0 0 0 654 2517 461 3897 
4 1 0 2 0 2 2 0 1 0 1137 4573 3289 2412 4 1 0 2 0 0 4 1 1 1 723 3118 631 1215 
4 1 0 0 0 2 3 0 0 1 1489 4573 576 120 2 1 2 0 2 8 0 0 0 0 663 2573 684 4368 
2 1 0 2 1 2 1 0 0 1 502 4016 576 219 2 1 0 2 0 8 4 4 0 1 625 3118 631 3897 
7 1 0 2 1 7 1 1 0 0 852 1904 2637 3722 2 0 3 0 2 7 1 0 1 0 538 4898 4437 541 
4 1 0 2 0 2 2 0 1 1 634 4405 312 3344 2 1 0 2 0 8 4 1 1 0 570 2573 711 1080 
4 1 0 2 2 7 1 1 0 0 760 1904 2637 3722 2 1 3 2 2 7 4 0 1 0 538 4565 2792 1110 
2 1 0 0 0 6 1 1 0 0 890 1904 2675 4655 2 1 3 2 2 8 4 0 1 0 663 2573 2792 2917 
2 1 0 2 1 2 1 0 0 1 502 4016 576 219 2 1 0 2 0 8 4 4 0 1 625 3118 631 775 
4 1 3 2 2 6 1 1 0 0 890 1904 2675 4655 2 1 3 2 2 8 4 0 1 0 663 2573 684 4368 
5 1 0 2 0 2 2 0 0 0 1489 4405 1800 235 4 0 3 2 0 0 4 4 1 1 658 4859 473 559 
4 1 2 0 1 6 1 3 0 1 852 1968 1755 2055 2 1 2 0 2 8 0 2 1 0 523 4117 473 4345 
4 1 0 0 1 6 1 0 0 1 1366 1904 2637 4655 2 1 2 0 2 8 0 0 0 0 663 2573 684 4368 
2 1 0 2 0 2 3 0 1 0 918 4405 576 4932 2 0 0 2 0 9 4 4 1 1 707 2209 684 847 
4 1 0 2 0 6 1 3 0 1 551 1968 3521 1557 2 1 2 0 2 8 0 0 0 0 663 3118 631 847 
2 1 0 2 0 7 1 1 0 1 864 1938 2063 4655 2 0 3 1 2 8 4 0 1 0 658 2897 684 1402 
4 1 1 2 0 9 1 1 0 0 1228 1968 1755 4655 2 1 0 2 2 8 4 0 0 1 634 3118 711 1110 
7 1 0 2 1 2 1 1 0 0 852 1904 2637 3722 2 0 0 2 2 8 4 0 0 1 663 3358 711 943 
2 1 0 2 0 7 1 1 0 0 763 1904 2358 3236 2 1 3 1 2 8 4 0 1 0 658 2573 711 3112 
2 1 0 2 0 2 2 0 1 0 1489 4405 576 4932 1 1 0 2 0 0 4 4 0 1 707 2209 684 847 
4 1 0 0 1 2 0 3 0 1 1489 4016 3605 120 2 1 2 2 2 8 4 0 1 0 625 3118 631 883 
4 1 2 0 2 6 1 4 0 0 1366 1904 2637 4655 2 1 3 0 2 8 1 0 1 0 538 4565 2792 3078 
4 1 2 0 2 6 1 4 0 1 931 3616 2760 1557 2 1 2 0 2 8 0 0 0 0 663 2573 684 4368 
7 1 0 2 1 7 1 1 0 0 1032 1904 2675 4655 2 1 3 1 2 8 1 0 1 0 538 4898 4073 541 
2 1 0 2 0 2 3 0 0 0 852 575 1755 4462 2 1 3 0 2 7 4 1 1 0 663 2573 4969 883 
4 1 0 2 0 7 1 4 0 0 1238 1153 1755 3422 2 0 3 0 2 7 4 0 1 0 538 4565 2792 1110 
4 1 3 2 0 2 3 0 0 1 1489 4573 576 120 5 1 0 2 0 9 4 4 0 1 707 3118 461 3897 
4 1 0 2 1 2 2 0 0 0 1066 1904 3164 4655 2 1 0 2 0 9 4 1 0 1 523 4117 473 550 
4 1 0 0 0 2 3 0 0 1 1489 4573 576 120 5 1 0 2 0 9 4 4 0 1 707 3118 461 3897 
7 1 0 2 0 7 1 1 0 1 852 2024 1755 3236 2 1 3 1 2 8 4 0 1 0 723 3118 3512 1215 
7 1 0 2 0 7 1 2 0 0 1107 575 1755 3422 2 0 3 0 2 7 1 1 1 0 538 4565 2520 1110 
3 1 0 2 0 7 1 1 0 0 1032 1904 1136 2476 2 1 2 1 2 8 4 0 1 0 538 4565 4610 1110 
4 1 0 2 0 6 1 4 0 1 1228 4889 2760 1557 2 1 2 0 2 8 0 2 1 1 523 4117 473 3900 
4 1 0 0 0 2 1 3 0 1 1009 1779 2637 3896 2 1 1 0 2 8 0 4 0 1 663 3118 631 1215 
2 1 0 2 0 2 2 0 1 0 1137 2399 1800 188 4 0 0 2 0 7 4 3 1 1 538 2258 2792 541 
2 1 0 2 0 2 2 0 1 0 918 4405 576 3614 1 1 0 2 2 8 4 0 1 1 570 3863 732 550 
4 1 0 2 0 2 3 0 0 1 1489 4573 576 120 2 1 2 2 0 9 4 4 0 1 625 3118 631 1110 
5 1 0 2 0 7 1 1 0 0 1366 1904 2637 4655 2 1 3 0 2 8 1 0 1 0 538 4565 2792 1110 
4 1 0 0 0 6 1 3 0 1 864 1938 2675 4655 2 1 3 1 2 8 1 0 0 0 658 2209 2792 1110 
2 1 0 1 0 2 2 0 1 0 1489 4405 576 4932 1 1 0 2 2 8 4 1 1 1 707 4618 684 847 
4 1 0 2 0 2 2 0 0 0 1489 4016 576 120 5 1 0 2 0 7 4 0 1 1 538 2258 2792 541 
4 1 2 0 1 6 1 3 0 1 852 1938 2675 4655 2 1 3 1 2 8 4 1 1 0 538 4565 2792 1110 
4 1 0 0 0 6 1 3 0 1 864 1938 2675 4655 2 0 3 0 2 8 1 0 1 0 663 4052 684 559 
4 1 1 0 1 6 1 4 0 1 1228 3616 2760 1557 2 1 2 0 2 8 0 0 0 0 663 2573 684 4368 
2 1 0 2 1 7 1 1 0 0 1097 1904 2637 3722 2 1 3 0 2 7 1 0 1 0 538 4898 4437 541 
4 1 2 2 1 6 1 4 0 1 1228 4016 548 1577 2 1 2 0 2 8 0 4 1 1 570 3863 473 559 
4 1 3 0 2 6 1 2 0 1 1228 4889 2760 1557 2 1 2 0 2 8 1 0 0 0 658 2209 157 3897 
7 1 0 2 1 7 1 1 0 0 1107 1153 1755 3422 2 0 3 0 2 7 4 0 1 1 538 4898 4437 541 
2 1 0 2 0 7 1 1 0 0 852 1270 1931 4655 2 0 3 0 2 7 3 0 1 0 538 4565 2792 541 
2 1 0 2 0 2 1 0 0 0 1159 2399 4877 235 4 0 0 2 0 0 4 0 1 0 538 4565 2792 1110 
4 1 0 0 1 6 1 3 0 1 1059 4235 1136 2476 2 1 1 1 2 8 0 0 0 1 523 4859 473 1215 
4 1 0 2 1 6 1 3 0 1 1059 4235 1136 2476 2 1 1 1 2 8 0 0 0 1 707 4112 336 4368 
2 1 1 2 0 2 1 1 1 0 852 1904 2675 4655 2 1 0 2 0 0 4 4 1 1 570 3863 473 559 
4 1 0 2 0 2 2 0 0 1 1489 2958 1136 571 2 1 1 0 2 8 0 0 0 0 654 2517 461 3897 
4 1 0 2 0 7 1 1 0 1 1059 4889 4743 895 2 1 1 1 2 8 4 0 1 0 625 2573 711 1215 
4 1 0 2 0 7 1 1 0 0 1366 1904 1962 4655 2 1 3 0 2 7 3 1 0 0 538 4898 2792 117 
4 1 0 2 0 2 2 0 0 1 1489 4405 576 4932 1 1 0 2 0 9 4 4 0 1 634 3118 473 3897 
4 1 0 0 0 6 1 3 0 1 864 1938 2675 4655 2 1 3 1 2 8 1 0 0 0 658 2209 157 3897 
2 1 0 2 0 2 2 0 0 1 1498 4573 576 120 5 1 0 2 0 8 4 4 0 1 625 2209 684 847 
4 1 0 2 0 7 1 1 0 1 1059 4235 1136 2476 2 1 1 0 2 8 0 0 1 1 658 2209 157 847 
4 1 2 2 1 6 1 3 0 1 1059 4235 1136 1832 2 1 1 2 2 8 0 0 0 1 523 4859 473 1215 
2 1 0 2 0 2 3 0 1 1 1489 4846 744 87 2 1 0 2 0 14 5 4 0 1 707 498 684 1110 
2 1 0 2 1 6 1 3 0 1 1059 4235 1136 1832 2 1 1 2 2 8 0 0 0 1 523 4859 473 1215 
5 1 0 2 0 2 2 0 0 0 763 1904 3688 4462 2 0 3 1 2 8 4 0 1 0 538 4998 711 541 
2 1 0 2 0 2 2 0 1 1 825 4016 576 2793 2 1 0 2 0 9 4 1 0 1 523 4117 473 550 
4 1 0 0 0 2 1 0 0 0 1489 2958 2675 4133 2 1 3 1 2 8 4 2 1 1 512 2953 274 888 
4 0 0 0 0 2 3 3 0 1 1489 4016 576 1491 2 1 1 2 0 9 4 4 0 1 707 312 684 3900 
4 1 0 2 0 7 1 2 0 0 852 1270 2072 4655 2 0 3 1 2 7 4 0 1 0 549 4655 4089 559 
4 1 3 0 2 6 1 4 0 1 864 1938 2675 4655 2 1 3 1 2 8 0 3 1 0 663 4052 169 559 
2 1 0 2 0 2 2 0 1 1 864 1938 2675 4655 2 1 3 1 2 8 0 3 1 0 663 4052 169 2003 
2 0 0 2 2 2 2 0 0 1 1489 4016 576 1507 2 1 1 2 0 9 5 4 0 1 707 3118 461 3897 
4 1 0 2 0 2 2 1 0 1 502 4016 576 219 2 1 0 2 0 8 4 4 0 1 654 3863 473 559 
2 1 0 2 0 2 1 2 0 0 1366 1904 2637 4462 2 1 0 2 2 8 1 0 1 1 658 2573 711 1080 
2 1 0 2 1 6 1 3 0 1 1489 4016 576 1491 2 1 1 2 0 8 0 3 0 1 707 4945 631 1110 
7 1 0 2 0 7 1 1 0 0 1107 575 1755 3422 2 0 3 0 2 7 1 1 1 0 538 4565 2792 1110 
4 1 0 2 0 2 2 3 0 1 502 4016 3108 219 2 1 0 2 0 8 4 4 0 1 663 3118 569 883 
4 1 3 2 2 6 1 1 0 0 890 1904 2675 4655 2 1 3 2 2 7 4 1 1 0 663 3954 1642 883 
2 1 0 2 0 2 2 0 0 0 1489 4016 576 2793 2 1 1 2 0 8 4 4 0 1 625 3118 631 3897 
7 1 0 2 1 7 1 1 0 0 1107 1153 1755 3422 2 1 3 0 2 7 4 0 1 1 538 4898 4437 541 
4 1 0 2 0 2 2 0 0 0 1489 4016 576 4932 1 1 0 2 0 0 4 4 1 1 570 3863 473 559 
2 1 0 2 0 2 3 0 0 0 852 1904 3302 3434 2 1 0 2 0 8 4 0 1 0 658 2573 711 775 
3 1 0 2 0 7 1 1 0 1 889 1904 548 1577 2 1 0 0 2 8 0 0 0 0 663 2407 684 1215 
7 1 0 1 1 7 1 1 0 0 1148 575 1755 3422 2 1 3 0 2 8 1 0 1 0 557 4565 2792 1299 
4 1 0 0 1 6 1 0 0 1 1366 1904 2637 1577 2 1 0 0 2 8 0 0 0 0 663 2407 684 1215 
2 1 0 2 0 2 1 0 0 0 1137 1978 3946 120 3 1 0 2 0 0 4 0 1 0 538 4565 2792 1110 
4 1 0 2 0 6 3 1 0 1 852 3103 1755 2533 2 1 1 0 2 8 1 0 1 1 658 2573 711 1080 
2 1 0 2 0 7 1 1 0 0 703 1439 2524 4655 2 0 3 2 2 7 4 0 1 0 538 4565 2792 1110 
4 1 3 0 1 7 1 2 0 0 703 775 2524 4655 2 0 3 0 2 7 4 1 1 0 538 4998 2792 541 
5 1 0 2 0 7 1 3 1 0 502 4016 496 219 2 1 0 2 2 8 4 4 1 1 570 3863 473 559 
4 1 3 2 2 7 1 1 0 0 1366 1904 2637 4655 2 1 3 0 2 8 1 0 1 0 538 3148 711 1110 
2 1 0 2 0 2 3 0 0 0 1489 4573 576 120 5 1 0 2 0 9 4 3 0 1 663 3118 631 3897 
4 1 2 2 2 2 3 0 0 1 1489 4846 744 87 2 1 1 2 0 9 5 4 0 1 707 2709 631 4345 
4 1 0 2 0 2 2 0 1 0 603 4573 2076 4900 2 1 0 2 2 8 4 4 1 0 663 4052 169 559 
4 1 2 0 1 6 1 3 0 1 852 1968 1300 2055 2 1 1 1 2 8 0 0 0 1 707 4112 336 1110 
7 1 0 2 1 7 1 1 0 0 852 1904 2637 3722 2 1 3 0 2 7 1 0 1 0 538 4898 4437 541 
7 1 0 2 1 7 1 1 0 0 852 1270 2675 3768 2 1 3 1 2 8 1 0 1 0 538 4898 1904 1110 
4 1 0 2 0 2 2 0 1 0 918 4405 576 219 2 1 2 2 2 8 4 4 1 1 570 2517 461 3897 
4 1 0 0 1 6 1 3 0 1 1489 4016 576 1491 2 1 1 2 0 8 0 3 0 1 707 4945 631 1110 
7 1 0 1 1 7 1 1 0 0 1181 575 1755 3422 2 0 3 0 2 7 1 0 1 0 538 4565 2792 1110 
4 1 0 2 0 7 1 2 0 0 1366 1904 2637 4462 2 1 0 2 2 7 4 0 1 0 538 4565 2792 1110 
3 1 0 2 0 7 1 1 0 0 1489 4016 576 4655 2 1 3 0 2 8 1 0 1 0 634 3118 711 1110 
4 1 1 0 2 6 1 4 0 1 1228 4889 2760 1557 2 1 2 0 2 8 0 0 1 0 663 4220 461 3900 
4 1 2 2 1 6 2 0 0 0 1323 1904 2675 4145 2 1 2 1 2 8 4 0 1 0 538 4565 2792 1110 
4 1 0 2 0 2 1 1 0 1 1032 1904 2675 4655 2 1 3 1 2 8 1 0 1 0 570 2209 684 4368 
4 1 0 0 1 6 1 3 0 1 1489 4016 576 1491 2 1 0 0 2 8 0 3 1 0 663 2853 473 559 
2 1 0 2 0 2 3 3 0 0 502 1270 2293 4655 2 0 3 2 2 7 4 0 1 0 538 4565 2792 1110 
7 1 0 2 0 7 1 1 0 0 703 1439 2524 4655 2 0 3 2 2 7 4 0 1 0 538 4565 2792 1110 
4 1 0 2 2 2 2 0 0 1 1489 4016 576 2793 2 1 0 2 0 9 4 4 0 1 570 4959 711 1110 
4 1 3 0 2 6 1 2 0 1 1228 4889 2760 1557 2 1 2 0 2 8 0 4 0 1 707 2209 684 847 
2 1 0 2 0 2 3 0 0 1 1489 4573 576 120 5 1 0 2 0 9 4 4 0 1 707 312 684 4368 
2 1 0 2 0 2 2 0 0 0 1218 1904 2723 4655 2 1 2 0 2 7 4 0 1 0 538 4565 2792 1110 
2 1 0 2 2 6 1 4 0 1 502 4016 3108 623 2 1 0 0 0 8 4 4 0 1 625 4661 473 559 
4 1 3 0 2 6 1 4 0 1 1228 4889 2760 1557 2 1 2 0 2 8 0 1 0 0 663 4220 461 1402 
2 1 0 2 0 2 3 0 0 1 1489 4573 2072 4655 2 1 3 2 2 7 4 0 1 0 549 4655 4649 1110 
2 1 0 2 0 7 1 1 0 0 1366 1904 2647 4655 2 1 3 1 2 8 4 1 1 0 707 2573 711 3684 
2 1 0 2 0 2 2 0 1 1 1489 4405 576 4932 1 1 0 2 0 0 4 4 0 1 707 2209 684 847 
4 0 0 2 0 2 3 0 1 1 1489 4846 744 87 2 1 0 2 2 8 4 4 1 1 570 2517 461 3897 
2 1 0 1 1 7 1 1 0 0 1445 1904 2675 4655 2 0 3 0 2 7 4 1 1 0 658 4859 1893 559 
4 1 0 2 0 7 1 2 0 1 1366 1904 2637 3722 2 1 3 1 2 7 4 0 1 0 549 4655 4089 559 
4 1 0 2 0 7 1 1 0 1 864 1938 2675 4655 2 0 3 0 2 8 1 0 1 0 663 4052 684 559 
2 1 0 2 0 2 2 0 1 0 603 4573 1299 4900 2 1 0 2 2 8 4 4 1 1 570 3863 473 559 
5 1 0 2 2 6 1 4 0 1 502 4016 3108 623 2 1 0 0 0 8 4 4 0 1 625 4661 563 559 
2 1 0 2 1 6 1 4 0 1 1082 4016 548 1577 2 1 2 0 2 8 0 3 1 1 723 4859 473 559 
4 1 3 0 2 6 1 2 0 1 1228 4889 2760 1557 2 1 2 0 2 8 0 4 0 1 707 3118 631 3897 
4 1 1 0 0 7 1 0 1 0 890 1904 2675 4655 2 1 3 1 2 8 4 0 1 0 663 4220 461 1402 
2 1 0 2 1 7 1 1 0 0 1107 1153 1755 3422 2 0 3 0 2 7 4 0 1 0 538 4565 2792 1110 
4 1 0 2 0 2 3 3 0 0 502 4016 496 219 2 1 2 2 2 8 4 4 1 1 570 2517 461 3897 
4 1 0 1 1 6 1 1 0 1 864 1938 2675 4655 2 1 3 1 2 8 1 0 1 0 586 2209 157 847 
2 1 0 2 0 2 2 0 1 0 918 4405 576 4932 2 1 0 2 0 9 4 4 1 1 735 4565 2792 1110 
2 1 0 2 0 2 2 0 1 0 890 1904 2637 3722 2 1 3 2 2 7 4 0 1 0 538 4565 2792 1110 
4 1 0 2 0 2 3 0 0 1 1489 4573 576 120 7 1 0 2 0 9 4 4 0 1 707 312 684 4368 
4 0 0 2 1 7 1 1 0 1 864 1938 2675 4655 2 1 3 0 2 8 1 0 1 0 658 2897 2940 1215 
7 1 0 2 0 7 1 1 0 0 852 1270 2072 3321 2 0 3 0 2 7 1 0 1 0 538 4565 1642 1110 
5 1 0 2 0 2 2 0 0 0 1489 4405 1800 235 4 0 0 2 0 0 4 1 1 1 634 3118 473 3897 
4 1 2 0 1 6 1 3 0 1 1228 2641 2593 4655 2 1 0 0 2 8 0 0 0 0 570 2209 684 4368 
2 1 0 2 0 2 5 0 0 0 1159 2399 4877 235 4 1 0 2 0 9 4 4 0 1 707 2209 684 847 
4 1 2 0 2 6 1 4 0 1 1228 4889 2760 1557 2 1 1 0 2 8 0 2 1 0 523 3603 473 4345 
4 1 2 0 1 6 1 3 0 1 1043 4016 3633 1491 2 1 1 2 0 8 0 3 0 1 707 4945 631 1110 
2 1 0 2 0 2 4 0 0 1 502 2536 576 219 2 1 3 2 2 8 4 1 0 0 663 2573 684 4368 
4 1 0 2 1 7 1 2 0 0 703 775 2524 4655 2 0 3 0 2 7 4 1 1 0 538 4998 2792 541 
4 1 0 2 0 2 1 1 0 0 852 1270 576 219 2 1 0 2 0 8 4 4 0 1 523 4859 473 1215 
2 1 0 2 0 2 3 0 0 1 1489 4573 576 120 5 1 0 2 0 9 4 3 0 1 663 169 95 3897 
2 1 0 2 0 2 2 0 0 1 1489 4016 576 2793 2 1 1 2 0 8 0 3 0 1 707 4945 631 1110 
2 1 0 2 0 2 3 0 0 0 852 1904 3302 3434 2 1 0 2 0 8 4 0 0 1 634 4565 2792 1110 
4 1 0 2 1 6 1 3 0 1 1228 4889 2760 1557 2 1 2 2 2 8 0 4 0 0 634 3118 711 1110 
7 1 0 2 0 7 1 2 0 0 1107 575 1755 3422 2 0 3 0 2 7 1 0 1 1 512 2953 3977 888 
2 1 0 2 0 2 3 0 0 1 1489 4573 576 120 7 1 0 2 0 9 4 4 0 1 707 312 684 4368 
5 1 0 2 0 7 1 2 0 0 852 1270 2072 4830 2 0 3 1 2 7 4 0 1 0 549 4655 4089 559 
4 1 0 0 1 6 1 1 0 1 1032 4889 2760 1557 2 1 2 0 2 8 0 1 0 0 663 4220 461 1402 
2 1 0 2 0 2 3 3 0 0 502 4016 496 219 2 1 0 2 0 8 4 0 1 1 542 3148 3616 1110 
2 1 0 2 1 7 1 1 0 0 1107 1904 2637 3722 2 1 3 0 2 8 1 0 1 0 538 4898 4437 541 
4 1 0 1 1 6 1 1 0 1 864 1938 2675 2793 2 1 0 2 0 8 0 0 0 0 561 2209 157 847 
2 1 0 2 0 2 1 1 0 0 1095 4573 3289 120 5 1 0 2 0 3 4 4 0 1 523 4859 473 1215 
4 1 3 0 2 6 1 2 0 0 1032 1904 2675 4655 2 1 3 1 2 8 4 0 1 0 658 2573 711 3112 
7 1 0 0 1 7 1 1 0 0 1107 484 1755 3422 2 0 3 0 2 7 1 0 1 0 538 4565 2792 1110 
7 1 0 2 1 7 1 1 0 0 763 1904 2358 3236 2 1 3 1 2 8 4 0 1 0 538 4565 2792 1110 
4 1 1 2 0 2 3 0 0 1 1489 4573 2200 3896 2 1 2 2 0 8 4 4 0 1 663 3118 631 1215 
4 1 0 2 1 6 1 1 0 1 1032 1904 2675 4655 2 1 3 1 2 8 0 0 1 1 707 2209 684 847 
2 1 0 2 0 2 3 0 0 1 1489 4573 576 120 5 1 0 2 0 9 4 4 0 1 658 2209 157 847 
2 1 0 2 0 2 1 0 1 0 1159 2399 4877 235 4 0 0 1 0 0 4 4 1 1 707 2573 631 616 
4 1 1 0 1 6 1 4 0 1 1489 2958 576 2793 2 1 0 2 0 8 4 4 0 1 707 2209 684 847 
4 1 0 2 0 2 1 1 0 1 1032 1904 2675 4655 2 1 3 1 2 8 1 0 1 0 538 4898 4073 541 
4 1 0 2 0 2 2 0 0 0 852 1904 2637 3722 2 0 3 0 2 8 1 0 1 0 707 2573 711 3684 
4 1 0 2 2 3 1 3 0 1 831 1904 2675 4887 2 1 1 0 2 8 0 0 0 1 707 4568 711 847 
2 1 0 2 0 2 2 0 1 0 1137 2399 1800 188 4 0 0 2 0 7 4 1 1 0 538 4565 2792 1110 
7 1 0 2 1 7 1 1 0 0 1366 1904 2647 4655 2 1 3 0 2 7 4 0 1 0 663 2573 4969 883 
2 1 0 2 0 2 2 0 0 0 1498 4016 576 120 4 1 1 2 0 9 4 4 0 1 523 4859 473 1110 
4 1 0 0 0 6 1 3 0 1 852 1904 2675 4655 2 1 3 0 2 8 1 0 1 0 634 3118 711 1110 
4 1 0 2 0 2 1 1 0 1 1032 1904 2072 4655 2 0 3 2 2 7 4 0 0 1 663 3033 473 559 
4 1 0 2 1 6 1 1 0 1 1032 1904 2675 4655 2 1 3 1 2 8 0 0 1 1 707 2209 684 847 
4 1 3 0 2 6 1 1 0 1 1228 1968 4955 2055 2 1 2 0 2 8 0 3 1 1 723 4859 473 883 
4 1 0 2 0 2 2 0 1 0 918 4405 576 4932 2 1 0 2 2 8 4 4 0 1 735 4661 473 3897 
2 1 0 2 0 2 2 0 1 0 603 4573 1299 4900 4 1 1 2 2 8 4 4 1 1 570 3863 2221 559 
2 1 0 2 0 2 3 0 0 1 1489 4573 576 120 7 1 1 2 0 9 4 4 0 1 707 312 684 4368 
0 1 0 2 0 7 1 2 0 0 1366 1904 2637 4462 2 1 0 2 2 8 1 0 1 1 658 4959 157 847 
4 1 0 2 0 7 1 1 0 0 1032 1904 2675 4655 2 1 0 2 2 8 1 0 1 0 538 4565 2792 511 
2 1 1 2 0 2 1 1 1 0 852 1904 2675 4655 2 0 3 0 2 7 4 1 1 1 538 4898 4437 541 
4 1 0 2 0 2 1 0 0 0 1137 1904 2675 4655 2 1 3 0 2 8 4 0 1 0 538 4565 4610 1215 
4 1 0 2 0 2 2 0 1 0 603 4573 1299 4900 2 1 0 2 2 8 4 4 1 1 570 3863 473 559 
2 1 0 2 1 2 3 0 0 1 864 1938 2675 4655 2 1 3 1 2 8 1 0 1 0 586 2209 157 847 
4 1 0 2 0 7 1 0 0 1 1059 4235 1136 4195 2 1 1 2 2 8 0 3 1 0 658 2209 157 847 
4 1 0 0 0 6 1 3 0 1 864 1938 2675 4655 2 1 3 1 2 8 1 0 0 1 634 4565 2792 1110 
2 1 0 2 0 2 3 3 0 0 502 4016 496 4932 1 1 0 2 2 8 4 0 1 0 538 3148 711 1110 
4 1 2 0 1 6 1 3 0 1 889 1904 548 1577 2 1 2 0 2 8 0 1 0 1 707 4568 684 4368 
2 1 0 2 0 2 0 3 0 1 1489 4016 3605 120 2 1 2 2 2 8 4 0 1 0 625 3118 631 883 
4 1 3 0 2 6 1 4 0 1 1228 4889 2760 1557 2 1 1 0 2 8 0 0 0 0 663 2573 169 559 
2 1 0 2 0 2 1 0 1 0 1137 575 2358 4462 2 0 3 0 2 7 4 0 1 0 538 4565 2792 1110 
7 1 1 1 1 7 1 1 0 0 1181 575 1755 3422 2 0 3 0 2 7 3 0 1 0 538 4565 2792 541 
4 1 0 2 1 6 1 2 0 1 1366 1904 2637 3722 2 1 3 2 2 8 1 1 1 1 663 4859 473 559 
4 1 2 0 1 6 1 3 0 1 889 1904 548 1577 2 1 0 0 2 8 0 0 0 0 663 2508 711 1110 
2 1 1 2 0 2 1 1 1 0 852 1904 2914 4655 2 0 3 0 2 7 4 1 1 1 538 4898 4437 541 
3 1 0 2 0 2 3 3 0 1 1489 4016 576 120 2 1 0 2 0 9 4 4 0 1 634 3118 461 3859 
2 1 0 2 0 2 2 0 0 1 1489 4016 576 2793 2 1 0 2 0 9 4 3 0 1 663 169 95 3897 
4 1 2 1 1 7 1 1 0 0 1366 1904 2637 3722 2 0 3 0 2 7 3 1 1 0 538 4998 2792 541 
2 1 0 2 0 2 2 0 1 1 1228 4889 2760 1557 2 1 2 0 2 8 0 4 0 1 707 2209 684 847 
4 1 0 2 1 7 1 1 0 0 1097 1904 2637 3722 2 1 3 0 2 7 1 0 1 0 538 4898 4437 541 
4 1 0 2 0 2 3 0 0 1 1489 4846 744 87 2 1 0 2 0 9 0 3 0 1 707 2573 711 3684 
4 1 2 0 1 6 1 3 0 1 1133 1968 1755 2055 2 1 2 0 2 8 4 0 1 1 570 3863 461 1402 
7 1 0 2 1 7 1 1 0 0 703 1270 2072 4655 2 0 3 2 2 7 4 0 1 0 549 4655 4089 559 
4 1 3 0 2 6 1 4 0 1 502 2536 576 219 2 1 3 2 2 8 4 1 0 0 663 2573 684 4368 
4 1 1 2 0 2 1 0 0 0 1137 1978 3946 120 3 1 0 2 0 0 4 0 1 0 538 4565 2792 1110 
4 1 2 0 1 6 1 1 0 0 763 1904 2358 4462 2 0 3 0 2 8 1 0 1 0 557 4565 2792 559 
4 1 0 2 0 7 1 1 0 0 760 1904 2637 4655 2 1 3 1 2 8 0 0 0 1 674 4220 461 1402 
4 1 0 2 0 6 1 2 0 1 1366 1904 2637 3722 2 1 3 1 2 8 0 0 0 1 523 4859 473 1215 
4 1 0 0 1 6 1 2 0 1 1133 1968 1931 4655 2 0 3 0 2 8 4 0 1 0 538 4565 4610 1110 
2 1 0 2 0 2 2 0 1 0 1489 4405 576 4932 1 1 0 2 0 8 4 1 1 1 707 4618 684 847 
4 1 0 0 2 6 1 0 0 1 1498 4016 576 219 2 1 1 2 0 8 0 4 0 1 707 4112 473 423 
2 1 0 2 0 2 1 0 1 0 890 1904 2637 3722 2 1 3 2 0 7 4 0 1 0 538 4565 2792 1110 
4 1 0 2 0 2 3 0 0 1 1489 4573 576 120 2 1 1 2 0 9 4 4 0 1 707 312 684 4368 
4 1 0 2 1 7 1 1 0 0 1107 1153 1755 3422 2 0 3 0 2 7 4 0 1 0 538 4565 2792 2483 
4 1 0 2 0 7 1 1 0 0 852 1270 2637 3722 2 1 3 2 2 7 4 0 1 0 538 4565 2792 1110 
4 1 0 2 0 9 5 0 0 1 1498 4016 576 219 2 1 1 2 0 8 0 4 0 1 654 2517 461 1215 
4 1 3 0 2 6 1 2 0 1 1228 4889 2760 1557 3 1 2 0 2 8 0 0 1 0 663 4052 169 559 
4 1 0 2 0 2 1 1 0 0 784 575 1755 4462 2 0 3 0 2 7 4 1 1 0 538 4565 2792 1110 
4 1 0 2 0 7 1 1 0 0 760 1904 2637 4655 2 1 3 0 2 8 1 0 1 0 538 4565 2792 1110 
2 1 0 2 0 2 1 1 0 0 1032 1904 2675 4655 2 1 3 0 2 7 4 0 1 0 538 4898 4437 541 
2 1 0 2 1 6 1 0 0 1 1366 1904 2637 4655 2 0 3 0 2 8 1 1 1 0 658 4859 1893 559 
2 1 0 0 0 6 1 1 0 0 890 1904 2675 4655 2 1 3 2 2 8 4 0 1 0 663 2573 769 4368 
4 1 3 0 2 6 1 4 0 1 1228 4889 1650 4655 2 1 3 1 2 8 0 0 0 1 674 2980 461 1402 
4 1 0 0 0 6 1 1 0 1 852 2024 1755 3236 2 1 3 1 2 8 3 0 1 0 663 2573 684 559 
4 1 3 0 1 6 1 1 0 1 1228 4889 2760 1557 2 1 2 0 2 8 0 0 0 0 707 2209 684 847 
7 1 0 2 1 7 1 1 0 1 1489 4016 576 3236 2 1 3 1 2 8 4 3 1 1 620 2573 711 3112 
4 1 1 2 0 6 1 3 0 1 551 1968 3521 1557 2 1 2 0 2 8 0 0 0 0 663 3118 631 4345 
4 1 2 1 1 7 1 1 0 0 852 1270 2072 4655 2 1 3 0 2 8 1 0 1 0 538 4565 2792 1110 
2 1 0 2 0 2 2 0 0 1 1498 4573 576 120 5 1 0 2 0 0 4 4 0 1 523 4859 473 1215 
2 1 1 2 1 2 1 1 1 0 852 1904 2675 4655 2 0 3 2 2 7 4 1 1 0 538 4565 2792 1110 
2 1 0 2 0 0 2 0 1 0 918 4405 576 4932 2 1 0 2 0 8 4 4 0 1 663 3118 631 1215 
4 1 2 2 1 7 1 1 0 0 1107 1904 2675 4887 2 1 1 0 2 8 0 0 0 1 707 4568 711 847 
2 1 0 2 0 6 1 1 0 1 1032 1904 2675 4254 2 1 3 1 2 8 0 0 1 1 707 2209 684 847 
2 1 0 2 0 6 1 1 0 1 852 3103 1755 2533 2 1 1 0 2 8 0 3 1 1 723 4859 473 559 
2 1 0 2 0 2 2 0 0 1 1489 4016 576 2793 2 1 0 2 0 8 0 0 0 1 658 2209 157 847 
2 1 0 2 0 2 3 0 0 1 1489 4846 744 87 2 1 0 2 0 14 5 4 0 1 707 498 684 4368 
4 1 0 2 0 7 1 1 0 0 760 1270 1931 4655 2 0 3 0 2 7 1 0 1 0 538 4565 2792 1110 
4 1 0 0 1 6 1 0 0 1 1366 1904 2637 4655 2 0 3 0 2 8 1 1 1 0 658 4859 1893 559 
4 1 2 0 1 6 1 3 0 0 1366 1904 2637 4462 2 1 0 2 2 7 4 0 1 1 707 4568 711 847 
2 1 0 2 0 7 1 1 0 0 1032 1904 2675 4655 2 1 0 2 2 8 1 0 1 0 538 4565 2792 511 
4 1 0 2 1 2 3 0 0 1 502 4016 3108 219 2 1 0 1 0 8 4 4 0 1 663 3118 631 4345 
2 1 0 2 0 2 2 0 1 0 1137 2399 3144 235 4 0 0 2 0 0 4 4 0 1 523 4859 473 1215 
4 1 0 0 1 6 1 3 0 1 1489 4016 576 1491 2 1 1 2 2 8 0 3 0 1 707 4112 473 423 
4 1 0 0 0 6 1 3 0 1 852 1904 2675 2081 2 1 2 0 2 8 0 4 1 0 663 3080 631 4368 
4 1 0 2 0 7 1 1 0 1 1059 4235 1136 2476 2 0 1 0 2 8 0 0 1 1 658 2209 711 943 
2 1 0 2 0 7 1 1 0 0 1107 575 1755 3422 2 0 3 0 2 7 1 1 1 0 538 4565 2792 1110 
4 1 0 0 1 6 1 3 0 1 1489 2641 2593 4655 2 1 0 0 2 8 0 0 1 0 570 2209 684 4368 
4 1 0 2 1 2 1 0 0 0 1498 4016 2178 219 2 1 0 2 2 8 4 4 1 1 924 3471 473 559 
4 1 0 1 1 7 1 2 0 0 1366 1904 2637 3722 2 1 3 0 2 8 1 0 1 0 634 3118 711 1110 
2 1 1 2 0 2 1 1 0 1 1228 4889 4743 895 2 1 0 1 2 8 4 0 0 1 658 2573 711 3897 
4 1 3 0 1 6 1 3 0 1 852 4505 1755 2055 2 1 2 0 2 8 0 4 1 1 523 4117 473 1110 
4 1 0 2 2 6 1 1 0 1 864 1938 2675 4655 2 1 3 1 2 8 1 0 1 0 634 3118 711 1110 
2 1 0 2 0 2 1 0 0 0 1159 2399 4877 235 4 0 0 2 0 0 4 4 1 0 658 2573 711 3112 
2 1 0 2 0 2 3 0 0 1 1489 4573 576 120 2 1 0 2 0 9 4 4 0 1 625 3118 631 1110 
4 1 0 2 1 7 1 1 0 0 852 1904 2637 3722 2 1 3 2 2 7 4 0 1 0 538 4565 2792 1110 
4 1 0 2 0 2 2 0 0 1 1489 2958 576 2793 2 1 0 2 0 8 4 4 1 1 735 4661 473 1110 
3 1 0 2 0 2 2 0 1 0 1489 1968 1755 4655 2 1 0 2 0 8 4 0 1 1 542 3148 711 1110 
4 1 0 0 1 7 1 0 0 0 1032 1904 2637 4389 2 1 1 0 2 8 4 4 1 1 735 4661 473 4410 
4 1 0 2 1 7 1 1 0 0 1366 1904 1962 4655 2 1 3 0 2 7 4 1 1 0 663 2573 1642 883 
4 1 1 0 1 6 1 4 0 1 1228 4889 1754 1557 2 1 0 0 2 8 4 4 1 0 586 2209 157 847 
4 1 2 2 0 7 1 1 0 1 1059 4889 2358 3236 2 1 3 1 2 8 4 0 1 1 658 2573 711 3112 
7 1 0 2 1 7 1 1 0 0 852 1270 1931 4655 2 0 3 0 2 8 4 1 1 0 538 4998 2792 541 
2 1 0 2 0 2 3 0 0 1 1489 4846 744 87 2 1 0 2 0 14 5 4 0 1 707 498 684 4368 
4 1 0 2 0 2 3 0 0 1 1489 4573 576 120 2 1 2 2 2 8 0 0 1 1 570 4959 711 1110 
2 1 0 2 0 2 3 0 0 1 1489 4573 576 120 2 1 2 2 2 8 0 0 1 1 570 4959 711 1110 
2 1 0 2 1 2 1 0 0 1 852 1968 1755 2055 2 1 2 0 2 8 0 2 1 0 523 4117 473 4345 
4 1 0 2 1 6 1 3 0 1 852 3103 1755 2533 2 1 1 0 2 8 1 0 1 1 658 2573 711 1080 
4 1 0 2 0 2 1 3 0 1 1059 4235 1136 2476 2 1 1 1 2 8 0 0 0 1 523 4859 473 1215 
4 1 0 2 0 6 1 4 0 1 1059 4235 1136 2476 2 1 1 1 1 8 0 4 0 1 523 4859 473 1215 
4 1 0 2 1 7 1 1 1 0 852 1270 2072 4655 2 1 3 0 2 8 1 0 1 0 538 4565 2792 1110 
4 1 3 2 0 2 3 0 0 1 1489 4573 1755 4655 2 1 0 2 0 8 4 0 1 1 542 3148 711 1110 
2 1 0 2 0 2 2 0 0 1 1489 4016 576 2793 2 1 2 2 0 8 0 4 0 0 634 3118 711 3301 
5 1 0 2 0 7 1 3 0 0 1366 1904 2647 4655 2 1 2 1 2 8 1 0 1 0 658 2209 157 847 
4 1 2 0 1 6 1 3 0 1 1228 2641 2593 4655 2 1 0 0 2 8 0 0 0 0 570 2209 684 4368 
4 1 0 2 0 2 2 0 0 1 1489 2958 576 2793 2 1 0 2 0 8 0 0 0 1 707 4568 711 847 
7 1 0 2 1 7 1 1 0 0 918 4405 576 3614 1 1 0 2 2 8 4 0 1 0 1148 3863 732 550 
4 1 0 0 1 6 1 2 0 1 1489 4016 4815 1491 2 1 0 0 2 8 0 3 1 0 674 4220 461 1402 
2 1 0 2 1 7 1 1 0 0 852 1270 2072 4655 2 1 3 0 2 8 1 0 1 1 634 4883 711 1110 
4 1 0 2 0 7 1 1 0 0 1366 1096 1962 4655 2 0 3 0 2 8 1 0 1 0 557 4565 2792 1110 
5 1 0 2 0 7 1 1 0 0 1032 1904 2675 4655 2 0 0 2 2 8 1 1 1 0 538 4565 2792 1009 
2 1 0 2 0 2 3 0 1 1 1489 4016 576 3059 7 1 1 2 0 9 4 4 0 1 707 312 684 3900 
2 1 0 2 0 2 2 0 0 1 1489 4016 576 2793 2 1 0 2 0 8 0 0 0 1 658 2209 157 4552 
4 1 0 2 0 7 1 4 1 0 852 1904 3302 3434 2 1 0 2 0 8 4 1 1 1 674 4220 461 1402 
2 1 1 2 0 7 1 1 0 0 852 1270 2072 4655 2 0 3 0 2 8 1 0 1 0 538 4565 2792 1110 
2 1 0 2 0 2 2 0 0 0 1489 4405 2760 1557 2 1 2 0 2 8 0 4 0 1 707 2209 684 847 
4 1 0 2 1 7 0 1 0 0 1366 1904 2637 4655 2 1 3 0 2 8 1 0 1 0 538 4565 2792 1110 
2 1 0 0 0 7 1 1 0 0 1366 1904 2647 4655 2 1 3 1 2 8 1 0 1 0 538 4898 2792 1110 
4 1 0 0 1 7 1 0 0 0 1032 1904 2675 4655 2 1 1 0 2 8 1 0 1 1 658 2573 711 1080 
4 1 1 2 0 2 1 0 0 0 1137 1978 3946 120 3 1 0 2 0 0 4 0 0 0 538 4565 2792 1110 
4 1 0 2 0 2 1 0 1 0 1137 4573 3946 120 5 1 0 2 0 0 4 4 0 1 523 4859 473 1110 
4 1 0 2 0 2 1 0 0 0 1366 1904 2637 4462 2 1 0 2 0 8 4 3 1 1 553 3148 473 3897 
2 1 0 2 0 2 2 0 1 0 890 1904 2637 3722 2 1 3 2 2 7 4 0 1 0 538 4565 2792 1110 
3 0 0 2 2 2 3 0 1 1 1489 4016 576 120 7 1 1 2 0 9 4 4 0 1 707 312 684 4368 
4 1 0 2 0 7 1 1 0 0 760 1904 2637 4655 2 1 0 0 2 8 1 2 1 0 538 4568 684 4368 
4 1 2 0 1 6 1 3 0 0 1498 4573 576 4932 1 1 0 2 0 8 4 4 0 1 663 2209 3511 847 
3 1 0 2 0 7 1 1 0 0 1032 1904 2675 3236 2 1 3 1 2 8 4 3 1 0 723 3118 3512 1215 
4 1 0 0 1 7 1 1 0 0 763 1904 3318 4462 2 0 3 0 2 8 5 0 1 0 658 2573 711 883 
4 1 0 0 0 2 3 3 0 1 1489 4016 576 1491 2 1 1 2 0 8 4 3 1 1 654 3118 461 3897 
4 1 0 0 1 6 1 3 0 1 1489 2641 2593 4655 2 1 0 0 2 8 1 1 1 1 663 4859 473 559 
2 1 0 0 0 7 1 1 0 0 1366 1904 2647 4655 2 1 3 1 2 8 1 0 1 0 538 4898 2792 1110 
4 1 0 0 2 6 1 0 0 0 1498 4016 576 219 2 1 0 2 0 8 4 4 0 1 654 2517 461 3897 
4 1 0 2 1 6 1 1 0 1 1032 1904 2675 4655 2 1 3 1 2 8 1 0 1 0 538 4898 2792 1110 
4 1 2 0 1 6 1 3 0 1 1228 4889 4133 1557 2 1 0 2 2 8 4 4 1 0 586 2209 157 847 
7 1 0 2 0 7 1 1 0 0 1107 575 1755 4462 2 0 3 0 2 7 4 1 1 0 538 4565 2792 1110 
4 1 2 0 1 6 2 0 0 0 1323 1904 2675 4655 2 1 1 0 2 8 0 4 0 1 663 3118 631 1215 
4 1 0 0 0 2 1 0 0 0 1032 1904 2675 4655 2 1 3 1 2 8 4 0 1 0 658 2573 711 3112 
2 1 0 2 0 2 3 0 0 0 1498 4573 4907 2412 4 0 0 2 2 0 4 4 1 1 658 4859 473 559 
4 1 0 2 0 2 2 0 0 1 1489 4016 576 3236 2 1 3 1 2 8 4 3 1 1 620 2573 711 3112 
7 1 0 2 0 7 1 1 0 0 760 1270 1931 4655 2 0 3 0 2 8 4 0 1 0 663 2573 4969 883 
2 1 0 2 0 2 1 1 0 0 1032 1904 2675 4655 2 1 0 2 2 8 1 0 1 1 538 4565 2792 511 
4 1 0 2 0 2 2 0 0 1 1489 4573 576 120 2 1 2 2 0 9 4 4 0 1 625 3118 631 1110 
2 1 0 2 0 2 2 0 1 0 1489 4405 576 4932 1 1 0 2 0 9 4 4 0 1 707 312 684 368 
4 1 3 0 2 6 1 2 0 1 1009 4016 576 1507 2 1 2 2 0 8 0 4 0 1 663 4859 473 4368 
2 1 0 2 0 7 1 1 0 1 864 1938 2063 4655 2 0 3 1 2 8 4 0 1 0 663 2573 684 4368 
4 1 0 2 0 2 2 0 0 1 890 1904 2675 3344 2 1 3 2 2 8 4 0 1 1 500 3148 711 2504 
4 1 0 2 1 2 1 0 0 0 1498 4016 2178 219 2 1 0 2 2 8 4 1 1 0 663 2573 1642 883 
4 1 2 0 1 6 1 3 0 1 852 1968 548 1577 2 1 2 0 2 8 0 1 0 1 707 4568 684 4368 
2 1 0 1 0 2 2 0 0 0 1489 4405 576 4932 1 1 0 2 0 0 4 4 1 1 570 3863 473 559 
