0.8092900224492131 0.21014517405551325 0.2142995074177817 
0.6783933032250714 0.35113704974440463 0.2841773842982125 
0.7826049079195562 0.23594690430361742 0.19230368314634894 
0.8097454875631076 0.21137475362254288 0.21036848245388906 
0.6877537958556723 0.3395310473814781 0.2901355999918863 
0.6783933032250714 0.35113704974440463 0.2841773842982125 
0.6865397503986355 0.3404089719225224 0.28755117624036897 
0.707630788684029 0.31471554864661777 0.26395306697991205 
0.6788217909410672 0.3503809472149919 0.2847166368337215 
0.6794194611593691 0.3490538568486451 0.2825697568649349 
0.7237767085313915 0.2983182265775094 0.23787810749438543 
0.7336568562157986 0.2851271710817631 0.2300564390180676 
0.7236581597483482 0.2972558751737403 0.2453751712878588 
0.7164999287577257 0.3066078442751049 0.24713719470944373 
0.7290124353525358 0.2908676463932852 0.2316693655325388 
0.7063967404588324 0.31792303272577527 0.2526101242209573 
0.7349929720275925 0.28408240085212966 0.2305696897194216 
0.6984552964292594 0.3277364926834212 0.26652357373521496 
0.6936090277023192 0.3326870987054428 0.27211173857846727 
0.7232797971518954 0.3011561195218334 0.23696361708595703 
0.7435589413173715 0.27489483516632884 0.221081727202039 
0.6933220818877329 0.3333556898021841 0.2737257253895511 
0.6837642603721468 0.34355739250802686 0.27930349823977596 
0.7059490737664103 0.3185890952487126 0.2530970134245992 
0.7841394668175633 0.23339423411287097 0.19296927073018177 
0.806675613125151 0.21113074110434416 0.2129650020481435 
0.7200429938971686 0.30168581600146915 0.24617775679278775 
0.6942528046352752 0.33255894646489204 0.2709113962525783 
0.6981376864519794 0.3284681898961759 0.27136607519841827 
0.7056457800985989 0.31715908421588546 0.2604758324865766 
0.7966308052479042 0.22128386829077396 0.20200926676909525 
0.7620720260862293 0.2532665280660966 0.22341283281093782 
0.8062891669586136 0.21290147228308742 0.20858443630697976 
0.7347059466100561 0.2843755247876384 0.2365568818112942 
0.7189997610521086 0.3032012027296018 0.254155571550029 
0.7101394702211623 0.31204765323061145 0.26478041749930337 
0.7263925487696574 0.29408969006773933 0.23536651513493323 
0.7549767181986051 0.2636597253649352 0.20743698624340634 
0.7874767949862469 0.22869650303482192 0.20352108178483852 
0.6845089849421602 0.34247689343009147 0.28075030190500916 
0.7265958149864029 0.29377797731110156 0.2346262612128952 
0.6936223066134348 0.33377966372197654 0.2706353626363106 
0.7777367769457671 0.23874840252829121 0.19685885097602773 
0.7046961248257264 0.3204815603911607 0.25396257542189093 
0.6998718250305311 0.325443155705773 0.2743718943154382 
0.795917554875817 0.22274462105431092 0.199489066906248 
0.7256716993739163 0.2951766867264818 0.2596425034483635 
0.7891140984264391 0.22693539598934975 0.20104812462377275 
0.8043969772005926 0.2136141238059106 0.21421504784700363 
0.7302570292598106 0.2899309384081158 0.23218640549143954 
0.7977925655406473 0.2182057009678361 0.2081661633824522 
0.6812049723266629 0.3466565510845804 0.2834201587045351 
0.7944823125128018 0.22103301816653675 0.203890764257453 
0.7987396307840482 0.219548258310022 0.20264792847901114 
0.8089235566753541 0.2122133612948971 0.2096097207232448 
0.6893904888906812 0.3370775754682116 0.2857171610122412 
0.7501950769700549 0.2667911288454098 0.22413465815310807 
0.7094017970089542 0.3143685189016928 0.2513727823833024 
0.7654508304072424 0.2506272816350368 0.21579450241703468 
0.7870413379290662 0.22946495555585844 0.19767791820834746 
0.7463494243462079 0.27107143533297207 0.22495974572886768 
0.8015817687392744 0.21522747524538233 0.2076160668536603 
0.7148383449657023 0.3074250782337523 0.25491673239408963 
0.8005392193926868 0.21760675545137131 0.2047415864967751 
0.7970963608093895 0.22022299992543526 0.20446907025829952 
0.7023529180084668 0.32146965054864174 0.26140334576736235 
0.7775164666711654 0.23815879687491048 0.20147113289693575 
0.7296235920198586 0.2900729949895505 0.23200524117378207 
0.7239258051469366 0.2968637842819233 0.25749072390565075 
0.7083038453421588 0.31402883582702834 0.2660830258466311 
0.7272287445962139 0.29443508627742654 0.2339163187604174 
0.7851490490639742 0.23101397261610268 0.19995104698762567 
0.8028867696720821 0.2140462317956674 0.20990682155999618 
0.6969714374484656 0.32869066744329567 0.26965480187235813 
0.7518478324091175 0.26885508077525155 0.2055322968825406 
0.7392555213354569 0.2791738928150961 0.22532708718062466 
0.6925897726823285 0.33430689920965695 0.27232783812478545 
0.6790762698655193 0.34974419267679235 0.28408673433818676 
0.7252455338263881 0.29574800303648097 0.2349895637571071 
0.7134909336287396 0.3086198446575613 0.26353408841779546 
0.6968296124659563 0.32898341477682436 0.275424923514094 
0.6957679553532846 0.3309031470989847 0.26749664304847054 
0.7993951935049435 0.21877399335558934 0.20444136585833983 
0.7859779736737229 0.23018975109379247 0.20074455046017592 
0.7302154947497308 0.28925302301762845 0.23284737479941386 
0.6947506005252952 0.3322928180900173 0.27618871684139723 
0.7238733132786168 0.2981224432760665 0.23888107416834703 
0.7907667044014297 0.22482401509351058 0.2019074012615002 
0.7175222747959529 0.30530407940039384 0.2522680380435348 
0.7679419604637862 0.24790775758015493 0.2151486490629112 
0.749651239932203 0.26806046426428765 0.22465100243565195 
0.7428208093650384 0.2756480325751869 0.22042381954487422 
0.7659425063645134 0.24951550925743926 0.2170412355519714 
0.8031963714863365 0.21457947705898173 0.2067873748490079 
0.7529968027143344 0.26719844673422966 0.2067210702709874 
0.7737627812607393 0.24429707853246452 0.1973486014737852 
0.6963086314525628 0.32951051456002634 0.2701477049988066 
0.6877908811238056 0.3390332882974678 0.28402945887447195 
0.6892256612265051 0.33771988410823783 0.2850365913537328 
0.7041097784973225 0.3191433900304237 0.2616001129139328 
0.7507031127829974 0.2691265283020763 0.20944025660312815 
0.8038130809878704 0.2154277974564235 0.2067675804437541 
0.7915152888820463 0.2243124113180589 0.20081960331769533 
0.7561634686330931 0.2607960605186098 0.22696116356314722 
0.8094241907923065 0.2103622472762211 0.21233433881421437 
0.7694289789567248 0.2464142279657725 0.21475751324883152 
0.7669111983324818 0.24843326508898878 0.2151383923921345 
0.7489161281531372 0.27078169220437265 0.21254621217394376 
0.7310996705417785 0.2884773635195145 0.23110204977067794 
0.6921056396867256 0.3347974180956552 0.2731483736377682 
0.700953612172877 0.3242100768358549 0.2740696123627375 
0.6844774308071367 0.3428394794041145 0.2804354694579414 
0.6911209956718342 0.33578997802647137 0.278181693535295 
0.7038188114439798 0.3212123119475415 0.2559451854356046 
0.7157947980833632 0.30726649569396114 0.24858269966364843 
0.7511890934090015 0.27023666264745816 0.20688097951837991 
0.688706840169742 0.338655256529209 0.27641805366944117 
0.7983337730131641 0.21896048091877474 0.20430542891234638 
0.7443861138450388 0.27418220001829496 0.2187183095909886 
0.7457691230793471 0.2727930007519376 0.22095537261554277 
0.7898625848538958 0.227264278477051 0.1987251640304153 
0.7031287722800139 0.3232836403266717 0.25539840317092843 
0.7232266563640132 0.2986471021792171 0.24325814907582732 
0.7839704239218107 0.23222062242340602 0.19585704619448352 
0.7630747717913567 0.2549485799509559 0.21132225078043776 
0.8021142620201765 0.2148944655963656 0.20692652601659112 
0.793808729339673 0.22405752759649833 0.19801616202821137 
0.6988122198149394 0.32697180333820763 0.26793831518832 
0.6801969602605866 0.34841099118786134 0.28215677902151803 
0.7708171462671422 0.246883822943485 0.20181206397878015 
0.8048382661807474 0.21432872860117902 0.2087309322820443 
0.7762318378366547 0.239650738498277 0.21985715306307652 
0.7222935492898306 0.2998234452392827 0.24393196005475093 
0.7755599924722706 0.24193503188339438 0.19593929203246618 
0.6973961319329647 0.32895967088344136 0.26838439621779286 
0.709134083872091 0.31317038118261475 0.2599557974956115 
0.7478197770936306 0.2705712894121308 0.21750530968716275 
0.750990014715696 0.26572247075550415 0.21841075068899996 
0.738452840526139 0.2801795537999242 0.22581966188703506 
0.6801617945800976 0.35003949321613403 0.28148956019093097 
0.7795429352458314 0.23719576490691174 0.1948967977707825 
0.6994984365045182 0.32621899203714466 0.26901043463403207 
0.7816554134611748 0.23491081680149917 0.1998622256708421 
0.7578124368128227 0.259445379130273 0.2260311544395801 
0.6918979010133874 0.3350782871614414 0.2779949505813686 
0.7596170714677906 0.25680053014509285 0.226405513025421 
0.7684877270748038 0.24878623541339828 0.21159733771916633 
0.7144523993560123 0.308856631549847 0.2505199711598456 
0.740121227688009 0.27896419091251645 0.2309472079899071 
0.7809551257792166 0.23398932038457865 0.20233732260738913 
0.6984571644272681 0.3282643675446635 0.2658584109216967 
0.7280199740321518 0.2918705396403226 0.23170485201043778 
0.7767040183600139 0.24076779397917636 0.19623951267090145 
0.6805634870471123 0.3478866189444271 0.2828699775033703 
0.6851713455775178 0.3418064186962063 0.2870142154585631 
0.710655891162517 0.31120188999862863 0.2628927261430173 
0.727415832032006 0.2932044247536727 0.23399985151555214 
0.7612561915061756 0.2553460898121629 0.20691546371774439 
0.7629760774891292 0.25567554433061357 0.20159489216997828 
0.7928176665499572 0.22357657144230292 0.20142870152583148 
0.7720889946951353 0.2437842257030407 0.21993479403585225 
0.7001201245498119 0.32632946451681555 0.2656079322728572 
0.7123504325146712 0.3094663449828766 0.2632767615837923 
0.6909053824189147 0.33712303249891595 0.2750217431416434 
0.7447517697123874 0.27461345560718753 0.21537178959122627 
0.7836604397265751 0.23151124355368324 0.2031247097240989 
0.7202741016304426 0.30462962785692527 0.23832804600503898 
0.724676552849242 0.29650964156079274 0.25245682586544016 
0.7005120044387372 0.3253921678461861 0.26661998687283306 
0.7153565720497936 0.3075019799253059 0.2518575668342783 
0.7647855821369502 0.2517594033825683 0.2086370275820444 
0.7190852168826423 0.3056195289879775 0.24015216639885806 
0.7279699598464197 0.2920623768707171 0.2359723126868395 
0.7566780538024824 0.2602534643752955 0.2149379177296884 
0.7662628141324719 0.25088674811238054 0.20708992553176686 
0.6856386922958109 0.34296960561068845 0.2797056659343077 
0.8011873206897271 0.21570533847118312 0.208224890081256 
0.7833000616394656 0.2342493685077247 0.1927750253478343 
0.7114309329566467 0.31113989388531105 0.2605208805921261 
0.7184385150036887 0.30378451769255077 0.24789120360435213 
0.7208048174101065 0.3021314149202644 0.24174093762025328 
0.6899083606917171 0.3365491961700059 0.28644646950041597 
0.7421382545099509 0.27626283003959295 0.2330110692941062 
0.700860605860667 0.3244669430209617 0.28119973003056353 
0.6853855595630163 0.3415975632396311 0.2872493156957969 
0.7017775538118858 0.32276555031096743 0.2625632329985613 
0.6945775397898303 0.33139033399366713 0.28104304987500395 
0.7848405308126276 0.2326775453198462 0.19336987610489953 
0.7472829244575416 0.26991441602185384 0.226705163392799 
0.7307340415486767 0.28868199826767804 0.22973964101385858 
0.6902162359553289 0.3373192647969585 0.27584033219885495 
0.7953517375676621 0.22186852563868475 0.202711488012844 
0.7676756847125894 0.24916091237081028 0.2057701527491932 
0.7823369370564155 0.23532732338005058 0.19352346337281123 
0.7921378064219133 0.2255700952911487 0.19940316125307977 
0.7195379592550479 0.3035377601512841 0.23923685045805954 
0.7228875705181969 0.2980407609318183 0.24471664917291858 
0.762660090913279 0.2552117386835875 0.20904058245564738 
0.709037320665566 0.31375601983002355 0.265175873430358 
0.691965699901305 0.33532360982211207 0.27767483093531165 
0.7912410520530617 0.22476243520893846 0.20057694625680889 
0.7297509377372814 0.28995002563031635 0.23144147940731485 
0.7128579323230475 0.31047877560221493 0.2495351818289896 
0.7733834618468286 0.2427255377535389 0.21403201624512513 
0.7028355740929029 0.3205978496187173 0.26153062836984997 
0.7319948840792081 0.28715163358363205 0.2317960483338305 
0.7484728585575255 0.2683284891554034 0.22558427295625816 
0.6999883325170666 0.3255128478421708 0.2672649449529304 
0.7814823541279665 0.23631521033972125 0.19424185168690655 
0.7999503145886337 0.2169682574073034 0.20838943829329426 
0.7936649102203993 0.22361875692068622 0.19964946238334003 
0.682987761216068 0.3444650134714172 0.2837054652832196 
0.7933382866250586 0.22220025607075478 0.20359054361901752 
0.7168529667387185 0.3078416678553133 0.24210499892578174 
0.7033073072572147 0.3219968781325089 0.25685018518029046 
0.6880862714629867 0.33841935109117516 0.2843002126799381 
0.7358266983540251 0.2828596774073745 0.233641161497934 
0.7316548787952246 0.2877476236179791 0.2297576659317494 
0.7227991847611641 0.2997881367766777 0.24270249709813474 
0.734042755748797 0.28473514405673306 0.23583508762027527 
0.7050034827318281 0.32000495750112956 0.2568898430635692 
0.6821638572630135 0.3453056342421037 0.2829498312829367 
0.7853713511018202 0.23171501551967422 0.1966223498538896 
0.7109798831963221 0.31128849605663644 0.2618678318341535 
0.7150646024235953 0.3071751261196133 0.25909522810430863 
0.7242944374470603 0.2970871955176412 0.23478379035556873 
0.7831036465871362 0.23485487924632353 0.19516560437001618 
0.780749335192453 0.23595939877486893 0.19572176546455522 
0.8059007631078365 0.21361478433566505 0.20804574253730523 
0.8071724011420879 0.21236042500651464 0.20888684565478066 
0.7846948445865753 0.23179710353333915 0.1954666100243031 
0.7756909342585658 0.24057737663456835 0.21068704561766316 
0.6808452492998773 0.3473484935540516 0.2818965266764053 
0.7641858873466612 0.25283170368157204 0.20781950188506526 
0.7365121972034573 0.28565392840273873 0.21904116177279254 
0.707351089137443 0.31541392178949357 0.26491366813299744 
0.7100613602293089 0.31337262005416133 0.25100887304711006 
0.750111738421996 0.26745063468556485 0.22266478871717577 
0.7920024394958978 0.22356218504144765 0.20290859224180147 
0.7069582038833953 0.3162468860554223 0.25936650955061746 
0.7608099555228865 0.2564569567495725 0.20757370088447336 
0.7245979552213083 0.29704030011252425 0.25029580052527234 
0.7141144353752704 0.30919396760971185 0.2461475784175583 
0.70146017100881 0.3230997344837321 0.26180694773156443 
0.7158071835284756 0.30688098549997456 0.24985600116866136 
0.7378727641531733 0.28169311879562553 0.2289446860629738 
0.7707605381675835 0.24478795035387524 0.21622600014727922 
0.6931794514133701 0.33454760934408 0.27225632844100645 
0.6816814143836161 0.3461704421302312 0.28308865484627377 
0.7342723071089488 0.28830818113847945 0.2275966237841348 
0.6823770988566327 0.3454685355507725 0.2827354707091344 
0.7802190361872706 0.23760083990607028 0.19440678519009202 
0.7781376805756526 0.2392525114409355 0.1951824722661979 
0.7211917364641572 0.3014196177905897 0.24228087723776104 
0.7466284040651225 0.2718847424833082 0.22064217151140075 
0.6914025616062068 0.33659593109004704 0.2733627524879858 
0.7452514588318291 0.2720376789235476 0.22227240242655966 
0.7079245367095246 0.3149855474075076 0.2610144303087466 
0.7454392027745226 0.2718419264276615 0.22812229884525337 
0.7583167512249087 0.259358432719363 0.2214098776724186 
0.7783178448317705 0.2379441931921199 0.19784919568518666 
0.7035069148827233 0.3223256334838023 0.25647622224516364 
0.6916141572165226 0.335249492680605 0.27877210602740743 
0.7600755133579614 0.25904401754876505 0.20227113721584822 
0.741170121006096 0.2767160787133046 0.22780156533400397 
0.7381884929124815 0.2803996150003928 0.2338832362038512 
0.7523623417097163 0.2660091872309035 0.20819450470370005 
0.6831819388614917 0.3444223228724531 0.2860108312475995 
0.7922249895036243 0.22461160561180282 0.19939244072704443 
0.7119746762103745 0.3100601453070757 0.2595538865875463 
0.7470063868843817 0.270465562932514 0.22082125386921447 
0.6921915933966558 0.3346137170950716 0.27954386522935815 
0.7846803094922873 0.23288558674202842 0.1931378023726421 
0.7314623675860752 0.2881073178499651 0.23324560196879962 
0.6948187592875403 0.33160685894057074 0.2711909943117443 
0.7769009977339651 0.23904648571277498 0.21480693940817486 
0.7087365930160818 0.31531635103058264 0.2509239557809144 
0.7376938259579453 0.28312845328087555 0.2202955253734089 
0.7276180277002788 0.29302034896245976 0.23199912362777342 
0.7713806517581152 0.24414323820241746 0.21264155955463637 
0.7554814484785504 0.26240970865816626 0.2093498197777256 
0.7443642199834959 0.27351467328258183 0.22298634711940735 
0.7475802090148933 0.2724240191032111 0.21189833317739926 
0.7701253926792795 0.2451527352728997 0.21778501141487283 
0.7198947007995066 0.3028581063693102 0.23992610061677067 
0.7586626407168651 0.25842827588049877 0.22017293716465214 
0.7674952897732011 0.25193686894473655 0.20405320243646852 
0.6969447682196069 0.32954137796068994 0.26855230823010035 
0.7492617095899456 0.2678406600997987 0.22586816975507018 
0.697759937669074 0.3283530685170253 0.2805143923772221 
0.6831775683945573 0.3462825905778165 0.27847655889979506 
0.7227594506107676 0.2999679169643047 0.24303819806269145 
0.7863321913184893 0.22975297614176182 0.1982739591864504 
0.7107476348483202 0.3117458713479798 0.2589399050013683 
0.7588626908713679 0.2579024825817785 0.20573091001742505 
0.7361187428453346 0.2826073307893976 0.23584093427215702 
0.6827765300478958 0.3449074405434177 0.2828624187771448 
0.6835082807571389 0.34439844356349936 0.2800290409119518 
0.7044035168232601 0.3219199771462339 0.25508326410952786 
0.7218440056239397 0.30074430222944537 0.24034540425050643 
0.7439070156417751 0.273612582216775 0.22952182722388437 
0.7172668048446136 0.30610383165078725 0.2433251454962595 
0.7636172769589187 0.25388988316739536 0.20484318754596942 
0.7633828812024408 0.2537090876328273 0.2063443044298231 
0.7602404804929191 0.2588604400828205 0.20279712319595844 
0.7748487855602317 0.24106144380715577 0.20757214606809793 
0.7167206032353852 0.3076812213930621 0.24445336804995554 
0.7399118341349386 0.2796870068866819 0.22082792067259893 
0.8023239149732133 0.2163448848451871 0.20654572895131051 
0.6833259452359368 0.3441104130357695 0.28423930571067013 
0.7905033455757001 0.2255187119176958 0.20040645077011932 
0.7217149324569064 0.30056033171466146 0.24122733378467742 
0.7865189595803908 0.23127772730712703 0.19408920785224915 
0.6875080801429629 0.3420591046529162 0.2770784590019385 
0.7181221906506259 0.3069864889227768 0.24168256596607296 
0.7228656987415167 0.3001777575161012 0.24056467332501152 
0.725036574318239 0.2960558685664252 0.26208308279957027 
0.7278731762594874 0.29273780111926817 0.23351878925638936 
0.7724226803788814 0.24534640304311106 0.20611022118157463 
0.7161243329135897 0.306430025471467 0.2555833980089166 
0.69532209578545 0.33136837837046595 0.26797969425283674 
0.722456928099152 0.29937341054808264 0.2455736009946774 
0.7542610931891538 0.2620070652612503 0.22172473773057177 
0.6907538751256441 0.3362455250656594 0.2776947299429331 
0.7278859869912084 0.2923076003508518 0.23333452234438457 
0.7538356788553474 0.2639505700483632 0.21090854404649273 
0.702474654146229 0.3231694165776514 0.2557462718260506 
0.7645256922055996 0.25220856726591334 0.2115108482594561 
0.7125988232416267 0.3107021030067556 0.24993704018498308 
0.7204295664568419 0.3022520733146612 0.24290342798731723 
0.7175523208776133 0.307444225265728 0.2412887411436162 
0.8050424105218388 0.21553952234440288 0.20657580843621925 
0.6896075373891994 0.33773079576084 0.2768286723885558 
0.7352525223288818 0.28339747420535555 0.2283642093331124 
0.7388115820030022 0.2813195939582005 0.2219847262387472 
0.7604634268246926 0.25757015324012533 0.21010618156161787 
0.7639411430220996 0.2525810139605139 0.22443854592995427 
0.7059045331482598 0.3168842584406565 0.2612320934543224 
0.7558911768069476 0.26213158752068166 0.2096625722044756 
0.7491506866317114 0.2685257826466547 0.21812139236820438 
0.7716937238438962 0.2443234180203817 0.21199510232977226 
0.7350903951577993 0.2836578033980175 0.23594137950070648 
0.7476639471205053 0.2696481908253946 0.2273563585484334 
0.7012912306394805 0.3237536333296833 0.2817399258543357 
0.7183783148908653 0.3045397636183895 0.25516336958897345 
0.742004354735743 0.27729040511136405 0.2170122601582254 
0.7712726735086861 0.24461710985456908 0.219181567529239 
0.7096065793311217 0.31259631227988904 0.25852340694171627 
0.7143086963327419 0.30900528921447434 0.24895407535039182 
0.7162528339634904 0.306583330937232 0.2476362925229848 
0.7611275076659749 0.25716379797325895 0.20175081117864424 
0.7258976731562414 0.2953031768521873 0.23493230796800202 
0.685792791738761 0.3413837152576418 0.2870142154585631 
0.7597548681214401 0.2573818208864961 0.21573467620949682 
0.776834960146309 0.23941013873035044 0.21098726625609832 
0.7285890448698844 0.2912951809966873 0.23152494161166637 
0.7336707412157866 0.28552209918683047 0.22931214739205086 
0.7304107571574335 0.28926985845627795 0.23208811713834732 
0.6813716340648663 0.3464279124084799 0.2820236252629279 
0.8081146119137727 0.21201542478143953 0.21034808361842672 
0.7751754651735051 0.24040032533710487 0.21886200862805927 
0.7499269459860736 0.26962005942671174 0.21095041021899041 
0.7051880826307315 0.3196778799525858 0.2525657306298378 
0.7472473339252774 0.2713066825364001 0.2132183586833558 
0.7195527044891632 0.30262132861613666 0.24455033872292875 
0.7728377497316394 0.2431561801161637 0.21229532296820763 
0.7374247663295115 0.2808508276167603 0.2341423577837577 
0.7543747032549254 0.2646746225120181 0.20914236892281235 
0.7904095310800886 0.22772620969285884 0.19638588367958398 
0.6817831327742485 0.3456807559366185 0.28256463897377293 
0.7090172354485363 0.3139777814065904 0.2578255400963776 
0.6868933513838738 0.34063043463040277 0.27882611802407653 
0.7950711367237235 0.2220053868227475 0.20371317549689538 
0.7233395836437285 0.29725448001493526 0.25650342102209844 
0.721055385662694 0.30189326306844944 0.2393863557555873 
0.7752326159727778 0.2413806849809743 0.19911687629700703 
0.6961806529613765 0.32981963158568595 0.2689285121130348 
0.7389737471516655 0.2805384151453886 0.21880112913979 
0.7153394369814352 0.3079469217973355 0.251504840917935 
0.8072796567059036 0.21029979415710265 0.21412017094771774 
0.7604042366053654 0.2559973936118203 0.22648838898998624 
0.7215175562788325 0.3013583096033112 0.23953301077461087 
0.7537113684742057 0.26637269614052306 0.20691124948047723 
0.7409765699834057 0.27865579570434584 0.223583668387483 
0.7396092699215603 0.2789993587980032 0.2251169514227105 
0.7644750592645913 0.2530282905910387 0.2056243508581298 
0.7585951738787678 0.2616515866604283 0.2028878237744911 
0.7667088502478808 0.2491691706049749 0.21531204426558392 
0.7673385500172456 0.2508143960427831 0.20443176556470444 
0.7504703691480734 0.26759174427100596 0.21669158132820843 
0.7356366492581372 0.286195573899069 0.221922544389778 
0.7097726463707452 0.3149509476927379 0.25004602250762586 
0.7793278968537938 0.23897984413507078 0.19382055651495478 
0.7456867180678948 0.27382903830983796 0.21642215622262384 
0.7803499978305761 0.23581490286097317 0.1974317472848669 
0.7187806132656562 0.3023626408742841 0.2582113769241644 
0.7899945398284819 0.2265618152757629 0.19990455085082492 
0.7049585583809697 0.3181767797104119 0.26124651534775534 
0.7179235664980443 0.30589249004327257 0.24470234078543152 
0.7069761901053506 0.31694374789648316 0.2528889953089327 
0.7544227310969185 0.26287836720801094 0.20989100184383247 
0.7327900450349136 0.28896288236365575 0.22857939598041366 
0.7418928949192196 0.27643569567232285 0.22806022207698362 
0.7740492213218566 0.24167151745910176 0.2101523698948733 
0.7007256175530653 0.32475449422389147 0.2735296297460661 
0.7687803370482726 0.2472260835454505 0.2127501279740064 
0.7146665659321193 0.30939962362634643 0.244079124786172 
0.754408841455658 0.26417929515975025 0.2092619263097567 
0.696299140776357 0.3303701183165233 0.2677966797999999 
0.7740674170799302 0.24256952548559563 0.19928153341828225 
0.7557542111065416 0.26485149243515493 0.20426555490478326 
0.7170300807739218 0.3081897945009603 0.24098812081339738 
0.7221653131841366 0.29911543709766586 0.24576913614517315 
0.7134117220079661 0.3097053697571571 0.24828413452578402 
0.7887588101746906 0.22789326990697356 0.20022022235948211 
0.7248854435600951 0.2961165527635182 0.2349121580565644 
0.7321277048242023 0.28700577763703206 0.22921678348082108 
0.7936649102203994 0.2230903776224803 0.1993274300638863 
0.69008118943375 0.3368122254730169 0.27893406312105495 
0.6988735863267639 0.32664935579645205 0.266964746400287 
0.7582552143889871 0.25992645537173475 0.2075212089352363 
0.7788167515151425 0.23702836362130686 0.21351591259618508 
0.7794157103200824 0.23694309088581567 0.21586044695370343 
0.788051168960168 0.22839531693537496 0.1977001175734856 
0.6910024706135409 0.3363213907618393 0.2758221397085767 
0.7998514122908534 0.21747798539251928 0.20745011023648408 
0.7798454489585098 0.23591058111078012 0.2121046171502745 
0.6905354658973161 0.33780787753537145 0.27349594543876976 
0.7521128760250819 0.26527346886523684 0.218916463113776 
0.773228978413105 0.24177842717688458 0.21911464117688972 
0.69511479750893 0.3318694401245784 0.2689247394086943 
0.8001175154961224 0.21719369591884652 0.20656336367788686 
0.6894221623528209 0.3380984598233391 0.28218792310950946 
0.7403995472232001 0.2780066549108783 0.22562730781905993 
0.7694042652563899 0.24986657148383729 0.19947875221267686 
0.7557758310869445 0.2608467798760217 0.21954465358929054 
0.7809223766324456 0.23450419642210052 0.2004122447134633 
0.7044171810547364 0.31841678821855257 0.2606395343279383 
0.6975343977435944 0.3291466605818958 0.2679344472490349 
0.7568728646318393 0.26038319538140053 0.21071844576370757 
0.6957085679529891 0.33062158279170784 0.27506239600972016 
0.7812357518534704 0.23702860486362143 0.19465020735595218 
0.7213265286061294 0.3012736437672391 0.24068864001500268 
0.7136872501714986 0.3094279926530388 0.2490422132809612 
0.7591547144397681 0.260256545783064 0.20269655615644788 
0.7481564510559156 0.269704786925972 0.22377370265457508 
0.7942977399271606 0.22231670655050695 0.20203887512941465 
0.6907666457105401 0.3358548713721379 0.27665375376616663 
0.7079948027120033 0.3149106088614093 0.2608629185404876 
0.7147225802673414 0.3089579341706268 0.24742930632627624 
0.7884388244156021 0.22966103982493136 0.19629411935789554 
0.778987407405288 0.2399540210341261 0.19403654593132802 
0.718421921792592 0.3030326185895531 0.25876858826740945 
0.772105672073091 0.2431473111431678 0.21953984647602165 
0.7699028714771674 0.24566248109892785 0.21795678837505195 
0.7343409811818993 0.28474789527858435 0.2344156049897428 
0.6974845556120061 0.3284837191322755 0.2692306500519027 
0.7754743102135395 0.24114061454767144 0.1986215037109943 
0.7535321338932786 0.26322912821432176 0.22144796057300375 
0.7371576640794322 0.2824162794827694 0.22455008097828266 
0.7571629259652447 0.2597268618527505 0.2231748337709213 
0.6864038364745033 0.34229904744823514 0.27715011306717807 
0.7685189049626281 0.24770498748849712 0.2156250031023137 
0.7405079158715743 0.2795132759924055 0.21828511613452206 
0.7860466805153911 0.23010198731816323 0.19645338734829676 
0.6886527909299951 0.33839560719779205 0.277259685383637 
0.7037629548972548 0.3197803580949651 0.2607302664518587 
0.779425423549835 0.23661391373529417 0.20067028252221542 
0.6817769198293393 0.34810241941771114 0.2793618656790636 
0.7560982979409527 0.2612210418333729 0.21304535955304238 
0.7324234306034423 0.2867947538678586 0.22947576042912354 
0.7131187020981178 0.3088929074028578 0.25985410722598146 
0.8055794663370354 0.21260227798934328 0.21001159889763044 
0.7194177145988947 0.303723850059044 0.2398004263677237 
0.755397223814919 0.2630156910100042 0.20783399329881724 
0.7172778959048487 0.304199856493771 0.2584683676289743 
0.7388415018823673 0.2809607192611121 0.2204331228953308 
0.7071479764816309 0.3156264086211813 0.2622191309075377 
0.7423726699106568 0.2767261870197465 0.2224589003740367 
0.7534314813314308 0.2659201243751108 0.2074763767763278 
0.7330474841977017 0.28573861822657987 0.22927404409972163 
0.7353687667652615 0.28327655272864827 0.23351576317498457 
0.7632873918735184 0.2540129169553159 0.2021567456586839 
0.6866621544057697 0.3402817660688576 0.2831338845653183 
0.7864612215073985 0.22911417051114968 0.2080092513692814 
0.7822411137271039 0.23299426762229347 0.20300398822221588 
0.7685950796070027 0.24735664348265785 0.21678501706725062 
0.6808111180519728 0.3473800062848801 0.28189689816332386 
0.7398007373377065 0.2784266487150411 0.23427801836247286 
0.721824075041863 0.29947123846004176 0.25836878264879826 
0.6955126961665861 0.33128189185474044 0.2701792498200888 
0.7761875446595329 0.2399729566309523 0.20130278181979877 
0.699281704037227 0.32665210509586284 0.2667833192232474 
0.794239415876841 0.2219134755529435 0.20521094658659023 
0.7011493846984085 0.32405162976958624 0.28499364205197064 
0.763247243935065 0.2545619493473982 0.2071244013016672 
0.7700738101555533 0.2454136179287043 0.21939420748651228 
0.7697369888285024 0.24586604732547734 0.21724631764519842 
0.7492199774423325 0.2698067605817065 0.21444097741159107 
0.8081149896190327 0.21201503941262856 0.21034259237754693 
