5 1 3 0 0 6 2 1 0 0 1073 1558 4631 4586 3 0 1 0 1 15 3 0 1 1 1490 3685 2174 2389 
0 0 3 1 0 2 5 4 1 1 938 4573 2186 1446 7 0 0 2 0 8 5 4 1 0 545 2737 321 3906 
5 0 3 0 0 8 1 2 1 1 600 4876 646 591 3 0 0 0 0 14 3 0 1 0 1063 3014 499 4086 
5 1 3 0 0 8 1 1 1 0 1413 1558 4631 4586 3 0 1 0 1 9 3 0 1 1 1490 3685 2174 2389 
0 0 3 2 0 2 5 4 0 1 1357 4573 2096 755 6 1 0 1 0 14 5 2 1 0 1127 2737 278 1326 
0 0 3 1 0 2 5 4 1 1 938 4573 2186 1446 7 0 0 2 0 8 5 4 1 0 545 2737 321 3906 
0 1 3 1 0 2 5 4 0 1 511 4909 3690 1424 6 1 0 1 0 14 5 2 1 0 545 2737 358 2023 
6 0 3 1 0 2 5 4 0 1 770 4573 2186 1446 6 0 0 1 0 1 5 2 1 0 1067 3014 358 981 
0 0 3 1 0 2 5 4 0 1 938 4573 2057 586 7 0 0 2 0 4 5 4 1 0 545 2852 232 3940 
0 0 3 1 0 2 5 4 0 1 941 4985 2186 1446 7 0 0 1 0 14 5 4 1 0 1039 2892 95 4086 
7 0 3 1 0 2 0 4 0 1 985 4573 2186 1446 6 0 0 0 0 13 5 3 1 0 1039 2892 358 3906 
6 1 3 1 0 2 0 4 0 1 985 4573 2186 1446 6 1 0 0 0 14 5 2 1 0 968 2737 321 3906 
6 0 3 1 0 2 4 4 0 1 928 4896 3732 1653 6 1 0 0 0 4 5 2 1 0 1067 3014 358 3710 
5 0 3 1 1 2 5 4 1 1 939 4573 2186 1446 6 1 0 0 0 14 5 2 1 0 1039 2892 358 3953 
6 0 3 1 0 2 0 2 0 1 831 4573 3723 1446 6 1 0 1 0 0 5 4 1 0 1127 2737 95 3945 
0 0 3 1 0 2 0 4 0 1 1068 4641 2186 1446 7 0 0 1 0 1 5 2 1 0 964 2737 321 4086 
6 0 3 1 0 2 0 4 0 1 985 4573 1828 1446 6 0 1 0 0 0 5 2 1 0 1127 2737 358 4086 
0 0 3 1 0 2 4 2 0 1 1068 4909 3690 1424 6 0 0 0 0 13 5 4 1 0 545 2737 321 3906 
1 0 3 1 0 2 5 4 0 1 770 4573 2186 1446 6 0 0 1 0 1 5 2 1 0 1067 2892 95 4086 
0 0 3 1 0 8 1 4 0 1 1140 4781 2558 1349 6 0 0 1 0 8 4 4 1 0 860 4013 358 4086 
6 0 3 1 0 2 1 4 0 1 1073 4832 2619 591 6 0 0 0 0 1 5 0 1 0 1039 2892 358 3710 
1 0 3 1 0 2 5 4 0 1 868 4641 2186 1382 7 0 0 1 0 13 5 2 1 0 529 2852 232 3940 
0 0 3 1 0 2 5 4 1 1 770 4928 2186 1009 6 0 0 0 0 14 5 2 1 0 1039 3014 358 4038 
0 0 3 1 0 2 0 3 0 1 868 4573 2186 1446 6 1 0 1 0 1 5 4 1 0 1127 2737 358 4086 
5 0 3 0 0 8 1 3 1 1 770 4616 3228 1382 3 1 0 0 0 15 3 0 1 0 1067 4506 358 3710 
5 1 3 0 0 6 2 1 0 0 1073 1558 4631 4586 3 1 1 0 1 4 3 0 1 1 1490 3685 374 2389 
6 0 3 1 0 2 4 4 1 1 747 4641 2186 1446 6 0 0 1 0 8 5 2 1 0 964 2852 232 3940 
1 0 3 1 0 2 5 4 0 1 941 4985 2186 1446 7 0 0 0 0 13 5 4 1 0 1084 3208 95 4086 
7 1 3 1 0 2 5 1 0 0 542 4573 2186 1382 7 1 0 1 0 1 5 4 1 0 1127 2737 95 4086 
6 0 3 1 0 2 5 4 0 1 770 4573 2186 1446 6 0 0 1 0 13 5 2 1 0 825 4479 157 4086 
5 1 3 0 0 8 1 3 0 0 1413 4616 3228 1382 3 0 1 0 1 15 3 0 0 1 904 4663 358 1326 
6 0 3 0 0 2 2 3 0 1 1047 4573 2186 591 6 0 0 0 0 14 0 0 1 0 1137 3014 499 485 
5 1 3 0 0 8 1 1 0 0 1073 1558 4631 4586 3 1 1 0 1 15 3 0 1 1 1490 3685 358 2023 
6 0 3 1 0 2 0 3 1 0 938 4573 2186 1446 6 1 0 1 0 14 5 2 1 0 545 2737 358 2023 
5 1 3 1 0 2 5 4 0 1 511 4909 3690 1424 6 1 0 1 0 14 5 2 1 0 545 2737 358 2023 
6 0 3 1 0 2 5 4 0 1 1179 4781 2558 1349 6 0 0 1 0 7 5 0 1 0 545 2737 95 2451 
6 0 3 1 0 2 3 4 0 1 1073 4928 2186 1009 6 0 0 1 0 14 5 3 1 0 1039 2892 95 4086 
5 0 3 0 0 3 1 3 1 1 1159 4641 3405 591 6 0 0 0 0 6 5 2 1 0 752 2821 157 4086 
5 0 3 0 0 8 2 0 0 0 1009 4525 3755 562 4 0 0 0 0 4 3 2 0 0 722 2852 232 2328 
0 0 3 1 0 2 5 4 0 1 941 4985 2619 591 6 1 0 0 0 14 5 2 1 0 705 2852 232 3940 
6 0 3 1 0 2 3 4 1 1 1073 4928 2186 1009 6 0 0 1 0 14 5 2 1 0 825 2852 232 3940 
7 0 3 1 0 2 5 4 0 1 938 4573 2186 586 7 0 0 2 0 4 5 4 1 0 1006 3014 95 3945 
5 0 3 1 0 8 2 2 1 1 600 4832 2619 591 6 0 0 0 0 0 3 0 1 1 1157 2964 321 3906 
0 0 3 1 0 2 3 4 1 1 1073 4573 3723 1446 6 0 0 0 0 14 5 4 1 0 1039 2892 358 4086 
1 0 3 1 0 2 5 4 0 1 1073 4832 2619 591 6 1 0 0 0 14 5 2 1 0 705 2852 232 981 
5 1 3 0 0 8 1 1 1 1 770 4858 4631 4586 3 0 1 0 1 15 3 0 1 0 1490 4922 358 4086 
6 0 3 1 0 2 5 2 0 0 933 4781 3732 1664 6 0 0 0 0 8 2 1 1 0 968 2737 321 3203 
5 1 3 0 0 6 2 0 1 0 1413 4858 4631 1382 3 1 0 0 0 15 3 0 1 0 954 4013 358 4086 
5 1 3 0 0 6 2 1 0 0 1073 1558 4631 4586 3 1 3 0 1 4 3 0 1 1 1490 3685 374 2389 
6 0 3 1 0 2 0 4 0 1 586 4985 1547 1446 6 0 0 1 0 14 5 2 1 0 626 2737 358 4086 
5 1 3 0 0 6 2 1 1 0 564 4832 3274 355 5 1 1 0 1 1 3 0 1 0 1490 3560 278 1943 
0 0 3 1 0 2 5 4 0 1 868 4641 2186 1382 7 0 0 1 0 13 5 2 1 0 529 2852 232 3940 
5 1 3 0 0 8 2 0 0 0 1009 4525 3755 562 4 0 0 0 0 15 3 0 1 0 1490 3560 278 485 
5 1 3 0 0 8 1 3 0 0 1413 4858 4631 4586 3 0 1 0 1 15 3 0 1 0 1490 4922 358 4086 
5 1 3 0 0 8 1 1 1 0 600 1558 4631 4586 3 0 1 0 1 15 3 0 1 1 1490 3685 2174 2389 
0 0 3 1 0 2 5 2 0 0 1140 4781 2558 1446 6 1 0 0 0 8 5 2 1 0 545 2737 321 218 
6 0 3 0 0 2 2 3 1 1 938 4573 3405 953 6 0 0 0 0 0 5 0 1 0 930 2852 232 981 
0 0 3 1 0 2 0 4 1 1 985 4781 3732 1296 6 1 0 0 0 14 5 2 1 0 545 2892 358 3953 
6 0 3 1 0 2 2 2 0 1 1073 4985 3732 2156 2 1 0 0 0 15 3 2 1 0 545 2737 358 4086 
5 1 3 0 0 12 2 1 1 0 600 4832 3228 1382 3 1 0 0 0 15 3 0 1 1 1006 2737 321 4086 
6 0 3 0 0 2 2 3 0 1 770 4641 2186 1136 6 0 0 0 0 1 5 4 1 0 1127 2737 358 2023 
5 0 3 0 0 8 2 1 0 0 1413 4525 3755 4586 3 1 1 0 1 15 3 0 1 0 1490 4013 321 2023 
6 1 3 1 0 2 5 2 1 1 1069 4909 3276 1821 6 0 0 0 0 5 4 1 1 0 825 3208 95 4086 
5 1 3 0 0 8 1 0 1 0 1413 4858 3979 4586 3 0 1 0 1 15 3 0 1 0 1006 4918 358 2023 
5 0 3 0 0 8 2 1 0 0 1413 4525 3755 4586 3 1 1 0 1 15 3 0 1 0 1490 2863 95 3906 
6 0 3 1 0 2 5 4 0 1 941 4985 2186 1446 7 0 0 1 0 14 5 4 1 0 1039 3194 95 4086 
5 0 1 0 0 2 2 4 0 1 1067 4525 2186 1446 6 0 0 0 0 15 3 0 1 0 954 2737 321 4086 
6 0 3 1 0 2 0 4 0 1 586 4985 2186 1446 6 0 0 1 0 14 5 3 1 0 1039 2892 95 4086 
6 0 3 1 0 2 5 4 0 1 985 4832 1890 591 6 0 0 0 0 14 2 0 1 1 545 2737 321 3906 
6 0 3 1 0 2 5 4 0 1 552 4573 2096 755 6 1 0 1 0 14 5 2 1 0 545 2737 358 2023 
6 0 3 1 0 2 3 4 1 1 1073 4928 2186 1446 4 1 0 1 0 0 5 4 1 1 1127 2737 321 3906 
5 0 3 0 0 8 2 1 0 0 824 4641 3597 591 6 0 0 0 2 15 3 0 1 0 545 2852 321 3906 
5 1 3 0 0 6 2 1 1 0 1413 4858 1708 3728 3 1 1 0 1 15 3 0 1 1 1490 3685 374 1624 
7 0 3 1 0 2 5 4 0 1 747 4641 2186 1446 6 0 0 1 0 8 5 2 1 0 964 2852 232 3940 
5 0 3 0 0 8 1 3 1 1 770 4616 2186 1446 7 1 0 1 0 14 5 4 1 0 1039 2892 95 4086 
6 0 3 1 0 2 0 2 0 1 1047 4573 2558 1349 6 0 0 0 0 5 4 1 1 0 825 3208 95 4086 
1 0 3 1 0 2 5 3 0 1 770 4781 2558 1446 6 0 0 1 0 15 5 4 1 0 1039 2892 399 4086 
0 0 3 1 0 2 5 4 0 1 770 4573 3609 953 6 0 0 2 0 8 5 4 1 0 545 2737 358 4086 
6 0 3 1 0 2 3 4 1 1 651 4616 2186 1009 6 0 0 1 0 10 5 4 1 0 1039 2892 358 4086 
6 0 3 1 0 2 5 2 0 1 1068 4909 1936 1424 6 1 1 0 0 1 5 2 1 0 1067 3014 358 981 
1 0 3 1 0 2 5 4 0 1 770 4573 2186 1446 6 0 0 1 0 1 5 2 1 0 1067 3014 358 981 
0 0 3 1 0 2 4 2 0 1 985 4832 1890 1446 6 0 0 1 0 13 5 4 1 0 1039 2737 358 4086 
5 0 3 0 0 8 1 0 1 0 1413 4858 3979 4586 3 0 1 0 1 15 3 0 1 0 1006 4918 358 2023 
5 0 3 0 0 8 2 1 0 0 1413 4525 3597 591 6 0 0 0 2 15 3 0 1 0 545 2852 321 3906 
6 0 3 1 0 1 0 4 0 1 1073 4832 2619 591 6 1 0 1 0 1 5 2 1 0 825 3208 95 4086 
1 0 3 2 0 2 5 4 0 1 1073 4616 3281 1446 6 0 0 1 0 11 5 3 1 0 1006 3014 95 3945 
7 0 3 1 0 2 0 4 0 1 985 4573 2186 1446 6 1 0 1 0 14 5 0 1 0 825 2852 232 3940 
5 1 3 0 0 8 2 0 0 1 1009 4525 3755 562 4 0 0 0 0 15 3 0 1 0 551 4013 278 1326 
5 0 3 1 0 2 5 4 0 1 1068 4641 2186 1446 7 0 0 1 0 1 5 1 1 0 968 2737 321 129 
6 0 3 1 1 2 2 2 0 0 985 4832 3405 591 6 0 0 0 0 15 3 0 1 0 1490 4918 95 3906 
6 0 3 1 0 8 2 2 0 0 526 4832 3463 591 6 0 0 0 0 8 5 2 1 0 545 2737 321 218 
6 0 3 1 0 2 1 4 0 1 1073 4832 2619 591 6 0 0 0 0 1 5 0 1 0 1042 2892 358 4086 
6 0 3 1 0 2 2 2 0 0 1073 4985 3732 2156 6 1 0 0 0 15 3 2 1 0 1467 2737 321 3906 
5 1 3 0 0 8 1 3 0 0 1413 4858 4631 4586 3 0 1 0 1 15 3 0 1 0 1490 3685 374 1624 
5 0 3 0 0 8 1 4 0 1 1159 4641 3405 591 6 0 0 1 0 14 5 4 1 1 1157 2964 321 3906 
5 0 3 1 0 8 1 3 1 1 1369 4641 3405 591 6 0 0 0 0 14 3 4 1 0 1039 3014 358 4038 
1 0 3 1 0 2 5 4 0 1 770 4573 2186 1446 6 0 0 0 0 6 5 2 1 0 752 2821 157 4086 
0 0 3 1 0 2 5 2 1 1 1055 4616 3281 591 6 0 0 0 0 0 5 2 1 0 545 2737 358 2023 
0 0 2 1 0 2 5 2 0 1 1073 4928 2186 1009 6 0 0 0 0 15 5 2 1 0 545 2737 321 218 
6 0 3 1 0 2 5 4 0 1 1179 4781 2558 1349 6 0 0 1 0 13 5 3 1 0 1039 2892 358 3906 
5 0 3 0 0 4 1 4 0 1 1069 4909 3276 1446 6 0 0 1 0 13 5 4 1 0 1039 2892 358 3953 
5 1 3 0 0 8 1 1 0 0 1073 1558 4631 4586 3 1 1 0 1 15 3 0 1 1 904 4663 358 1326 
5 0 3 0 0 8 2 1 0 1 600 4832 3228 1382 3 1 0 0 0 4 3 0 1 1 1490 3685 374 2389 
6 0 3 1 0 2 3 4 0 1 785 4641 2186 1216 6 0 0 0 0 15 3 0 1 0 1137 3014 499 485 
5 0 3 0 0 8 2 1 0 0 1413 1558 4631 4586 3 0 1 0 1 15 3 0 1 1 1490 3685 2174 2389 
5 0 3 2 0 2 2 2 0 1 1068 4641 2186 1311 6 0 0 0 0 14 0 0 1 0 1137 3014 499 1299 
6 0 3 1 0 2 2 2 0 0 1073 4985 3732 2156 6 1 0 0 0 15 3 0 1 0 954 2737 321 4086 
5 0 3 1 0 2 1 1 1 1 600 4832 2619 591 6 0 2 1 0 1 5 2 1 0 1101 3014 358 4086 
6 0 3 1 0 2 0 4 1 1 553 4573 2186 1382 6 0 0 1 0 14 5 2 1 0 1127 4922 358 3906 
1 0 3 1 0 2 5 4 0 1 868 4641 3276 1832 6 1 0 1 0 1 5 4 1 0 1127 2737 95 4086 
7 1 3 1 0 2 5 4 0 1 1073 4616 3281 591 6 0 0 1 0 2 5 2 1 0 545 2737 358 2023 
0 0 3 1 0 2 5 4 1 1 573 4573 3281 1653 6 1 0 0 0 6 5 2 1 0 890 2471 321 4086 
0 0 3 0 0 2 5 2 1 1 770 4832 4368 591 6 0 0 0 0 14 5 0 1 0 1027 3014 499 4086 
0 0 3 1 0 2 3 4 1 1 1073 4573 3723 1446 6 1 0 1 0 1 5 2 1 0 825 3208 95 4086 
5 0 3 0 0 2 5 4 0 1 1088 4616 3281 1446 6 1 0 1 0 14 5 4 1 0 825 3208 95 4086 
5 0 3 0 0 8 1 2 1 1 938 4573 2186 1446 7 0 0 2 0 8 5 4 1 0 947 2821 157 4086 
0 0 3 1 0 2 5 3 1 1 1073 4616 3281 591 6 0 0 0 0 1 4 4 1 0 1127 2737 374 4086 
5 0 3 0 0 8 2 1 0 0 1413 4525 3755 4586 3 1 1 0 1 15 3 0 1 0 1490 4918 95 3906 
6 0 3 1 0 8 2 2 1 1 938 4573 3405 953 6 1 0 0 0 6 5 2 1 0 1101 2471 321 4086 
6 0 3 1 0 6 2 3 1 1 1047 4641 2186 1446 5 0 0 0 0 14 5 2 1 0 1039 2892 358 3953 
5 1 3 0 0 8 2 1 1 1 600 4832 3228 671 3 1 1 0 1 15 3 0 1 0 545 3174 321 4086 
0 0 3 1 0 2 3 4 1 1 1073 4616 1110 591 6 0 0 1 0 1 5 3 1 0 1039 2892 95 4086 
5 0 3 1 0 2 5 4 0 1 1179 4781 2558 1349 6 0 0 0 0 5 4 1 1 0 825 3208 95 4086 
5 0 3 0 0 8 2 1 0 1 600 4832 3228 1382 3 1 0 0 0 15 3 0 1 0 1039 3014 358 4086 
5 1 3 0 0 6 2 1 1 0 564 4909 1936 1424 6 1 1 0 0 13 5 2 1 0 825 3208 157 4086 
5 1 3 0 0 8 2 1 0 0 1413 4525 3755 4762 3 1 1 0 1 15 3 0 1 1 1037 4013 278 1326 
5 1 3 0 0 8 1 1 1 1 770 4616 3228 1382 3 0 1 0 1 15 3 0 1 1 904 4663 358 1326 
7 1 3 1 0 2 5 4 0 1 985 4781 3732 1296 6 0 0 0 0 13 5 4 1 0 1127 2737 358 4086 
0 0 3 1 0 2 5 4 1 1 938 4832 2772 586 6 0 0 1 0 1 5 4 1 1 825 2852 232 3940 
5 0 3 0 0 8 1 2 1 1 600 4876 3690 1451 6 0 0 0 0 14 0 0 1 0 1053 2852 358 4086 
5 1 3 0 1 8 2 3 0 0 620 4525 4631 4586 3 0 1 0 1 15 3 0 1 1 1490 3816 2174 2389 
6 0 0 0 0 2 2 3 0 1 1047 4573 2186 1446 6 1 0 0 0 4 3 0 0 1 1490 3685 374 2389 
5 0 3 1 0 2 5 4 0 1 552 4573 2096 755 6 1 0 0 0 1 4 3 1 0 1127 2737 321 3906 
5 0 3 0 0 8 1 4 0 1 1159 4641 3405 591 6 0 0 0 0 5 3 4 1 0 1127 2569 358 4086 
1 0 3 1 0 2 5 4 0 1 770 4573 2186 1446 6 0 0 1 0 1 4 4 1 0 1127 2737 321 3906 
6 1 3 1 0 2 5 4 0 1 587 4781 3732 1664 6 0 0 0 0 15 5 2 1 0 1101 2471 321 4086 
6 0 3 1 0 8 2 2 1 1 985 4832 3463 591 6 0 0 0 0 14 5 0 1 0 1143 4918 95 3906 
6 0 3 0 0 2 2 3 0 1 933 4781 3732 1664 6 0 0 0 0 6 4 2 1 0 964 2737 321 4086 
6 0 3 1 0 2 2 2 0 1 1054 4781 3732 1664 6 0 0 1 0 15 5 4 1 0 1484 3208 321 3906 
0 0 3 1 0 2 5 4 1 1 967 4616 744 1009 6 0 0 1 0 15 5 4 1 0 1039 858 358 4038 
5 0 3 0 0 8 1 4 0 1 1159 4641 3596 591 6 0 0 0 0 4 3 0 1 0 1127 2737 374 4086 
1 0 3 1 0 2 5 4 0 1 1073 4985 2619 591 6 0 0 1 0 8 4 2 1 0 722 2852 232 3940 
5 1 3 0 0 6 2 1 0 0 770 4616 3228 1382 3 1 0 0 0 2 3 4 1 0 1039 2892 358 4086 
6 0 3 2 0 2 2 3 0 1 985 4832 1890 591 6 0 0 0 0 14 2 4 0 0 1127 3478 232 3940 
0 1 3 1 0 2 5 4 0 1 1073 4616 3281 591 6 0 0 0 0 13 4 4 1 0 1127 3478 232 3940 
6 0 3 0 0 2 2 4 0 0 747 4525 3405 1446 7 1 0 0 0 12 0 4 1 0 551 4922 358 949 
6 0 3 1 0 8 1 4 1 1 1190 4616 3281 591 6 0 0 0 0 14 3 1 1 0 1127 2737 95 485 
5 0 3 1 0 2 5 3 0 1 868 4573 2186 1446 6 1 0 1 0 1 5 4 1 0 1439 2737 358 4086 
6 1 3 1 0 2 0 4 0 1 985 4573 2186 2156 6 0 1 0 0 14 5 0 1 1 968 2737 232 3940 
5 1 3 0 0 2 2 2 0 0 1073 4985 3732 2156 6 1 0 0 0 15 3 0 1 0 954 2737 321 4086 
0 0 3 1 1 2 4 2 0 1 1068 4909 3690 1424 6 0 0 0 0 13 5 4 1 0 1039 2892 358 3953 
6 0 3 1 0 2 0 4 0 1 1140 4781 2558 1349 6 0 0 1 0 4 5 4 1 0 1006 3014 95 3945 
5 1 3 0 0 8 1 4 0 1 1159 4641 3405 591 6 0 0 0 0 5 3 4 1 0 1127 2569 358 4086 
0 1 3 1 0 2 5 4 0 1 941 4985 2186 1446 7 0 0 1 0 14 5 4 1 0 1039 2892 95 4086 
0 0 3 1 0 2 5 4 0 1 985 4781 3732 1296 6 1 0 1 0 14 5 2 1 0 545 2737 358 2023 
6 0 3 1 0 2 5 4 0 1 888 4616 3281 591 6 1 0 0 0 6 5 2 1 0 721 2737 358 2023 
6 0 3 1 0 2 0 4 0 1 985 4573 1828 1446 6 1 0 2 0 15 5 4 1 0 545 3208 321 3906 
5 0 3 0 0 2 2 2 0 0 985 4641 2951 1664 6 1 0 0 0 8 4 2 1 0 722 2852 232 3940 
5 0 3 0 0 8 1 0 1 1 876 4573 3405 953 6 0 0 0 0 6 4 2 1 0 626 2737 358 4086 
5 0 3 0 0 8 2 0 0 0 1009 4525 3755 562 4 0 0 0 1 4 3 0 1 0 1490 3560 278 4086 
6 1 0 1 0 2 2 1 1 1 1252 4525 2186 1446 6 1 0 0 0 15 3 0 1 0 551 4013 278 1326 
7 0 3 1 0 2 5 4 0 1 770 4573 1565 1446 5 1 0 0 0 14 5 2 1 0 825 2852 232 3940 
6 1 3 1 0 2 5 4 0 1 587 4781 3732 1664 6 0 0 0 0 15 5 2 1 0 1101 3043 321 2389 
1 0 3 1 0 2 5 4 0 1 941 4543 2186 1446 7 0 0 2 0 8 5 4 1 0 545 2737 321 3906 
5 0 3 1 0 2 0 3 1 1 868 4573 2186 1730 6 1 0 1 0 14 4 3 1 0 1039 2892 95 3906 
5 0 3 0 0 6 2 3 1 1 1047 4641 3732 1872 6 0 0 0 0 15 3 0 1 0 545 2737 358 1418 
0 0 3 1 0 8 1 4 0 1 1140 4781 2558 1273 5 0 0 0 0 14 5 4 1 0 1039 2892 358 3962 
6 0 3 1 0 2 5 4 0 1 1068 4641 2186 1446 7 0 0 1 0 1 3 2 1 0 964 2737 321 4086 
0 0 3 1 0 2 4 4 0 1 938 4573 2186 1446 6 0 0 1 0 14 5 0 1 0 871 4746 95 4086 
5 0 3 1 0 2 5 4 0 1 770 4781 2558 1446 6 0 0 1 0 15 5 4 1 0 1039 2892 358 772 
5 0 3 1 0 2 0 4 0 1 985 4573 3690 1424 6 0 0 0 0 15 3 0 1 0 545 2737 321 3906 
0 0 3 1 0 8 1 4 1 1 1140 4781 2558 1349 6 0 0 1 0 14 5 2 1 0 1127 4922 358 3906 
6 0 3 1 0 2 3 4 0 1 928 4896 3732 1653 6 1 0 1 0 4 5 2 1 0 1067 3014 358 3710 
5 1 3 1 0 2 2 2 0 1 1068 4909 3690 1424 6 0 0 0 0 6 5 2 1 0 551 4922 358 2023 
5 0 3 0 0 8 2 3 0 1 1047 4573 2186 1400 6 1 0 1 0 8 4 0 1 0 968 2737 321 129 
0 0 3 1 0 2 5 4 0 1 985 4832 2056 1116 7 0 0 2 0 4 4 4 1 0 860 4013 358 4086 
5 1 3 0 0 13 2 0 1 0 1413 4858 3979 4586 3 0 1 0 1 15 3 0 1 0 1006 4918 358 2023 
5 1 3 0 0 8 1 3 1 1 770 4616 3228 1382 3 1 0 0 0 15 3 0 1 0 954 2737 321 4086 
6 1 3 1 0 2 5 2 0 1 1068 4909 1936 1424 6 1 1 0 0 13 5 2 1 0 825 3208 157 4086 
5 1 3 1 0 2 5 4 0 1 553 4573 2186 1446 6 1 0 0 0 14 5 2 1 0 1039 2892 358 3953 
1 0 3 1 0 2 0 4 1 1 939 4573 2186 1446 6 1 0 1 0 14 5 0 1 0 825 2852 232 3940 
0 0 3 1 0 2 5 0 0 0 1140 4781 2558 1446 6 1 0 0 0 8 5 2 1 0 545 2737 321 218 
6 0 3 1 0 2 3 4 0 1 785 4641 2186 1216 6 0 0 0 0 8 0 1 1 0 545 2737 321 3906 
0 0 3 1 0 2 5 4 1 1 1068 4641 2186 1311 6 0 0 0 0 7 0 0 1 0 1137 3014 358 2023 
0 0 3 1 0 2 5 4 0 1 552 4573 2096 755 6 1 0 1 0 14 5 2 1 0 545 2737 358 2023 
6 0 3 1 0 2 5 4 0 1 985 4832 1890 1116 7 0 0 2 0 4 5 4 1 0 1157 2964 321 3906 
0 0 3 1 0 2 5 4 0 0 876 4573 3405 953 6 0 0 0 0 6 4 2 1 0 1101 3014 499 485 
5 1 3 0 0 8 1 3 1 1 1159 4641 3405 1382 3 1 0 0 0 15 3 0 1 0 954 4013 358 4086 
6 0 3 0 0 2 2 4 0 1 938 4573 2186 569 6 1 0 1 0 14 5 0 1 0 825 2852 499 485 
6 0 3 1 0 2 0 4 0 1 1073 4928 2186 1009 6 0 0 0 0 14 5 4 1 0 1039 2892 358 4086 
0 0 3 1 0 2 5 2 1 1 1069 4909 3276 1821 6 0 0 0 0 5 4 4 1 1 1127 4922 358 4086 
5 1 3 0 0 8 2 1 0 0 918 4832 3228 1382 3 0 0 0 0 14 3 0 1 0 1258 3685 1793 2389 
5 1 3 0 0 8 2 2 0 1 938 4573 3405 953 6 0 0 0 0 6 4 2 1 0 1101 3014 499 485 
5 1 3 0 0 8 1 3 1 1 770 4616 3228 1382 3 1 0 0 0 15 3 2 1 0 959 4922 358 3906 
5 1 3 0 0 8 2 1 0 0 918 4832 3228 1382 3 0 0 0 0 14 3 0 1 0 1258 3685 1793 4086 
7 0 3 1 0 2 0 4 1 1 1051 4573 2186 1382 6 0 0 1 0 14 5 4 1 0 1039 2892 95 4086 
6 0 3 1 0 2 4 4 0 1 928 4896 3732 1653 6 1 0 0 0 4 5 2 1 0 1067 2737 321 3906 
6 0 3 1 0 8 1 4 0 1 1159 4641 3405 591 6 0 0 0 0 5 3 4 1 0 1127 2569 358 4086 
6 0 2 1 0 2 5 4 0 1 938 4573 2619 591 6 0 0 1 0 1 5 2 1 0 1101 3014 358 1012 
0 0 3 1 0 2 5 4 0 1 985 4832 1890 591 6 0 1 0 0 5 4 4 1 0 1127 4922 358 4086 
5 1 3 0 0 8 2 0 0 0 1009 4525 3755 562 4 0 0 0 0 4 3 0 1 0 1490 3560 278 3906 
6 0 3 1 0 2 0 2 0 1 1140 4616 3281 591 6 0 0 1 0 1 5 3 1 0 1039 2892 95 4086 
5 0 3 1 0 2 5 4 0 1 600 4573 2186 1382 6 0 0 1 0 14 5 4 1 0 1140 2892 95 4086 
6 0 3 1 0 6 2 3 1 1 1047 4641 3732 1872 3 1 0 0 0 15 3 0 1 0 954 3014 499 485 
6 0 3 1 0 2 5 4 0 1 985 4832 2558 1349 6 0 0 1 0 4 5 4 1 0 1006 3014 95 3945 
6 0 3 1 0 2 0 4 0 1 985 4573 2186 1446 6 1 0 1 0 1 5 0 1 0 545 2737 321 3906 
6 0 3 0 0 2 2 3 0 1 1047 4573 2186 591 6 0 0 0 0 6 5 2 1 0 721 2737 358 2023 
7 1 3 1 0 2 5 4 1 1 938 4573 2186 1446 6 0 0 0 0 6 5 2 1 0 752 2852 232 3940 
5 1 3 1 0 8 1 3 1 1 1159 4641 3405 1382 3 1 0 0 0 15 3 0 1 0 954 4013 358 4086 
5 1 3 0 0 13 2 0 1 0 1413 4858 3979 4586 3 0 1 0 1 15 3 0 1 0 999 2852 374 1624 
5 1 3 0 1 8 2 3 0 0 620 4525 3130 562 3 0 1 0 1 15 3 0 1 0 825 4886 95 4086 
0 0 3 1 0 2 5 4 0 1 1357 4573 2096 755 6 1 0 1 0 14 5 2 1 0 1127 2737 321 3906 
5 0 3 0 0 8 2 0 0 0 1009 4525 3755 562 4 0 0 0 0 4 3 0 1 0 1490 3560 278 485 
0 0 3 1 0 8 2 2 1 1 553 4573 2186 1382 7 1 0 1 0 1 5 4 1 0 1127 2737 95 4086 
0 0 3 1 0 2 3 0 0 1 1073 4641 2951 1664 6 0 0 1 0 14 5 4 1 0 1101 2471 321 4086 
0 0 3 1 0 2 5 4 0 1 552 4573 2096 755 6 1 0 0 0 1 5 2 1 0 1067 3014 358 981 
6 0 3 1 0 2 0 2 0 1 1088 4616 3281 591 6 0 0 1 0 0 5 0 1 0 1137 3014 499 485 
6 0 3 1 0 2 0 2 0 1 824 4641 2186 1424 6 1 0 0 0 13 5 4 1 0 1127 2737 358 4086 
7 0 3 1 0 2 0 4 1 1 1051 4616 2619 591 6 1 0 1 0 1 5 4 1 0 1101 3014 358 1012 
6 0 3 1 0 2 0 2 0 1 831 4573 3723 1446 6 1 0 1 0 2 5 2 1 0 545 2737 358 2023 
0 0 3 1 0 2 3 4 1 1 1073 4573 3723 1446 6 1 0 1 0 1 5 2 1 0 1186 2852 232 3940 
0 0 3 1 0 2 5 4 0 1 552 4573 2096 755 6 1 0 1 0 14 5 2 1 0 1127 2737 321 3906 
5 0 3 0 0 8 1 3 1 1 770 4616 3228 1382 3 0 0 0 0 5 3 0 1 0 545 2737 358 2023 
6 1 3 1 0 2 5 4 0 0 1139 4781 3852 1664 6 1 0 0 0 14 5 2 1 0 1039 2892 358 3953 
6 0 3 0 0 2 5 4 1 1 1356 4832 4368 591 6 0 0 0 0 14 5 0 1 0 1027 3014 499 4086 
6 0 3 1 0 2 3 4 1 1 941 4985 2186 1446 7 1 0 1 0 14 5 4 1 0 1039 2892 95 4086 
5 0 3 0 0 8 1 3 1 1 817 4832 2945 1382 3 0 1 0 0 3 3 2 1 0 904 3014 321 4086 
5 0 3 0 0 8 1 4 0 1 1159 4641 3405 591 6 0 0 0 0 4 3 0 1 0 545 4746 95 4086 
5 1 3 0 0 8 1 1 1 0 1073 1558 4631 4586 3 1 1 0 1 15 3 0 1 1 1490 3685 358 2023 
5 1 3 0 0 8 1 1 1 0 1401 1558 4631 4586 3 0 1 0 1 15 3 0 1 1 1490 3685 499 485 
5 1 3 0 0 8 2 1 1 1 600 4832 3228 1382 3 0 0 0 0 15 3 0 1 0 1039 2892 321 3906 
6 0 3 0 0 8 2 0 0 1 1009 4525 3755 562 4 0 0 0 0 15 3 0 1 0 551 3208 499 4086 
0 0 3 1 0 2 5 4 1 1 938 4573 2186 1559 7 0 0 1 0 1 5 2 1 0 964 2737 321 4086 
5 0 3 0 0 2 0 4 0 1 1003 4641 2186 1009 6 0 0 0 0 5 3 4 1 0 1127 2569 358 4086 
5 0 3 1 0 2 0 2 1 1 985 4832 859 1446 7 0 0 2 0 8 5 4 1 0 947 2821 157 4086 
6 0 3 1 0 2 5 4 0 1 1179 4781 2558 1349 6 0 0 1 0 4 5 3 1 0 1039 2892 358 949 
0 0 3 1 0 2 0 4 0 1 511 4909 3690 1424 6 0 0 0 0 1 5 2 1 0 825 3208 95 4086 
6 0 3 0 0 2 2 3 0 1 1047 4573 2186 1446 6 1 0 0 1 14 5 0 1 0 1063 3014 499 4086 
5 1 3 0 0 8 2 0 0 0 1009 4525 3755 562 4 0 0 0 0 15 3 0 1 0 1172 2852 217 86 
6 0 3 1 1 2 5 4 1 1 939 4573 2186 1446 6 1 0 0 0 14 5 2 1 0 1039 2892 358 3953 
5 0 1 0 0 2 2 4 0 1 520 4525 2186 1446 6 0 0 0 0 8 4 2 1 0 722 2852 232 3940 
5 1 3 1 0 2 5 4 0 1 511 4909 3690 1424 6 1 0 1 0 14 4 2 1 0 545 2737 358 2023 
0 0 3 1 0 2 2 2 0 1 1140 4781 2558 1446 6 1 0 1 0 0 5 4 1 0 1039 2892 95 4086 
6 0 3 1 0 2 5 4 0 1 770 4573 2042 880 7 0 0 2 0 8 5 4 1 0 1039 2892 321 4086 
5 1 3 1 0 2 5 4 0 1 511 4909 3690 1424 6 1 0 1 0 14 5 2 1 0 1127 2737 358 4086 
6 0 3 0 0 2 0 3 0 1 928 4896 2360 1382 4 0 0 0 0 15 5 4 1 0 1484 2909 321 3906 
6 0 3 1 0 6 2 3 1 1 1047 4641 3732 1872 6 0 0 0 0 12 3 0 1 0 545 2737 358 1418 
1 0 3 1 0 2 5 3 0 1 770 4781 2558 1446 6 0 0 1 0 14 5 4 1 0 1039 858 358 4038 
0 0 3 1 0 2 5 2 0 1 868 4641 2186 1382 7 0 0 1 0 13 5 2 1 0 529 2852 232 3940 
7 0 3 1 0 8 1 4 0 1 1140 4781 2558 1349 6 0 0 1 0 14 5 2 1 0 1127 4922 358 3906 
0 1 3 1 0 2 5 4 0 1 938 4573 2186 1446 7 0 0 1 0 1 5 2 1 0 964 2737 321 4086 
5 1 3 1 0 8 1 3 1 1 1159 4641 3405 1382 3 1 0 0 0 15 3 0 1 0 765 3014 232 3940 
5 0 3 0 0 8 1 4 1 1 1190 4616 3281 591 6 0 0 0 0 14 3 1 1 0 1039 3014 358 4038 
1 0 3 1 0 2 0 4 0 1 985 4573 2186 1446 6 1 0 1 0 14 5 0 1 0 825 2852 232 3940 
5 0 3 1 0 2 0 2 1 1 938 4573 3405 953 6 0 0 0 0 6 5 2 1 0 551 4922 358 671 
1 0 3 1 0 2 5 3 0 1 770 4781 2558 1446 7 0 0 2 0 4 5 4 1 0 1006 3014 95 3945 
6 0 3 0 0 2 2 3 0 1 1047 4573 2186 591 6 0 0 0 0 6 5 2 1 0 1127 2737 358 4086 
6 1 3 1 0 2 5 4 0 0 1068 4909 2951 1664 6 1 0 0 0 14 5 4 1 0 1039 2892 321 3906 
6 0 3 0 0 2 2 2 0 1 1073 4616 3281 591 6 0 0 1 0 2 5 2 1 0 545 2737 358 2023 
6 0 3 1 0 12 2 4 1 1 1073 4928 2186 1009 6 0 0 0 1 6 4 2 1 0 1475 4918 278 1943 
5 0 3 1 0 8 2 2 1 1 600 4832 2619 327 6 0 0 0 0 0 3 0 1 0 1157 2964 321 3906 
0 0 3 1 0 2 3 0 1 1 1073 4573 3512 1446 6 1 0 1 0 1 5 4 1 1 825 2852 232 3940 
0 0 3 0 0 2 5 4 1 1 1055 4616 3281 591 6 0 0 0 0 1 5 0 1 0 1039 4266 358 3710 
5 0 3 0 0 8 1 3 1 1 1073 4832 2619 591 6 0 0 1 0 8 4 2 1 0 722 2852 232 3940 
6 0 3 1 0 2 2 4 1 1 1073 4928 2186 1009 6 0 0 1 0 14 5 2 1 0 825 2852 232 186 
6 0 3 1 0 2 0 4 0 1 985 4573 1828 1446 6 0 1 0 0 0 5 2 1 0 904 3014 358 1624 
5 0 3 1 0 2 1 4 0 1 1073 4832 2619 591 6 0 0 0 0 6 5 0 1 0 1039 2892 358 4086 
0 0 3 1 0 2 5 4 0 1 1068 4641 2186 1446 6 0 0 1 0 14 5 4 1 0 1101 3014 358 1012 
5 1 3 0 0 8 1 1 0 1 600 4832 3228 1382 3 1 0 0 0 4 3 0 1 1 1490 3685 374 2389 
6 0 3 0 0 2 5 4 0 1 985 4832 4368 591 6 0 0 0 0 4 5 2 1 0 1067 2737 321 3906 
6 0 3 0 0 2 2 3 1 1 938 4573 3405 953 6 0 0 0 0 0 5 0 1 0 1084 3208 95 4086 
0 0 3 1 0 2 5 4 0 0 587 4781 3732 1664 6 0 2 0 0 8 4 2 1 0 722 2852 232 3940 
5 0 3 0 0 8 1 3 1 1 770 4616 3228 1382 3 1 0 0 0 15 3 0 1 0 954 3685 499 4086 
6 0 3 1 0 2 0 3 1 0 938 4573 2186 1446 6 1 0 1 0 14 5 2 1 0 545 2892 358 3953 
1 0 3 1 0 2 5 4 0 1 1073 4832 2619 591 6 1 0 0 0 13 5 4 1 0 1127 2737 358 4086 
6 0 3 0 0 2 2 3 0 0 984 4525 2709 562 3 1 0 0 1 15 3 0 1 0 545 4746 95 4086 
0 0 3 1 0 2 0 2 0 1 824 4641 2186 1424 6 1 0 0 0 13 5 4 1 0 1127 2737 358 4086 
5 0 3 1 0 2 0 1 1 1 868 4573 2186 1730 6 0 0 2 0 8 5 4 1 0 776 2821 157 4086 
6 0 3 1 0 2 0 4 1 1 1073 4928 2186 1009 6 0 0 1 0 14 5 4 0 0 825 2852 232 3940 
6 1 3 0 0 6 2 3 0 1 1159 4641 3405 591 6 0 0 0 0 5 3 2 1 0 1133 4400 358 4086 
5 0 3 1 0 2 2 4 0 0 564 4832 2360 1028 7 1 0 0 0 14 4 4 1 0 545 3174 321 3906 
6 0 3 0 0 2 2 2 0 0 985 4641 3690 1424 6 0 0 0 0 13 5 4 1 0 1084 3208 95 4086 
5 0 3 1 0 2 1 1 1 1 1073 4985 3463 591 6 0 0 2 0 14 5 2 1 0 968 2827 321 4086 
6 0 3 1 0 2 2 2 0 0 1073 4985 3732 2156 6 1 0 0 0 15 3 0 1 0 954 2737 321 2851 
7 0 3 1 0 2 0 4 0 1 985 4573 2186 1446 6 1 0 1 0 3 5 4 1 0 999 2852 232 3940 
6 0 3 1 0 12 2 4 1 1 1073 4928 2186 1009 6 0 0 1 0 14 1 2 1 0 843 3336 358 4086 
5 1 2 1 0 8 1 3 1 1 1159 4641 3405 1382 3 1 0 0 0 6 4 2 1 0 1101 3014 499 485 
0 0 3 1 0 2 4 2 0 1 985 4832 1890 1446 6 0 0 1 0 0 5 3 1 0 545 2737 321 4086 
6 0 3 0 0 2 2 3 1 1 938 4573 3405 953 6 0 0 0 0 6 5 2 1 0 551 4922 358 2023 
0 0 3 1 0 2 5 2 1 0 1140 4781 2558 1446 6 1 0 0 0 8 0 1 1 0 545 2737 321 3906 
0 0 3 1 0 8 5 2 1 1 553 4573 2186 1382 7 1 0 1 0 1 5 4 1 0 1127 2737 95 4086 
5 0 3 1 1 2 5 4 1 1 939 4909 3276 1821 6 0 0 0 0 5 4 1 1 0 825 3208 95 4086 
5 0 3 0 0 8 2 3 1 1 1047 4641 3732 1872 3 1 0 0 0 15 3 0 1 0 954 3014 499 485 
6 1 3 1 0 2 5 2 1 1 1069 4909 3276 1821 6 0 0 0 0 14 5 0 1 0 545 2737 321 3906 
5 0 3 1 0 2 2 2 0 1 1068 4909 3690 1424 6 0 0 0 0 0 4 0 1 0 1077 3014 321 4086 
6 1 3 1 0 2 0 2 0 1 979 4781 3732 1664 6 0 0 1 0 1 5 2 1 0 1364 3014 358 981 
0 0 3 1 0 2 5 4 0 1 520 4525 2186 1446 6 1 0 1 0 1 5 1 1 0 1006 2737 321 3906 
0 0 3 1 0 2 5 4 1 1 938 4832 2772 586 6 0 0 0 0 14 5 4 1 0 1039 4370 232 4007 
0 0 3 1 0 2 3 4 1 1 1073 4573 3723 1446 4 1 0 1 0 0 5 4 1 1 1127 2737 321 3906 
1 0 3 1 0 2 0 2 1 1 938 4573 3405 953 6 1 0 0 0 6 5 2 1 0 1101 2471 321 4086 
6 0 3 1 0 2 2 1 0 1 1118 4641 2186 1446 6 1 0 1 0 14 5 2 1 0 551 4013 278 1326 
1 0 3 1 0 2 0 4 0 1 985 4573 2186 1446 6 1 0 1 0 1 5 4 1 0 1127 2737 358 4086 
5 0 3 1 0 8 2 2 0 1 1088 4573 3405 953 6 0 0 0 0 6 4 2 1 0 1475 3508 278 4086 
5 0 3 1 0 8 2 2 0 1 1088 4573 3405 953 6 0 0 0 0 6 4 2 1 0 1101 3271 358 1012 
5 1 3 0 0 8 1 3 1 1 770 4616 3228 1382 6 0 0 0 0 14 5 0 1 0 1027 3014 499 4086 
5 0 3 0 0 8 2 3 0 1 1047 4573 2186 591 6 0 0 0 0 14 0 0 1 0 1137 3014 499 485 
1 0 3 1 0 2 0 2 1 1 1164 4573 3405 953 6 0 0 2 0 8 5 4 1 0 545 2737 321 3906 
5 1 3 1 0 2 0 4 0 1 985 4573 2186 1446 6 0 0 1 0 1 5 3 1 0 545 2737 321 4086 
5 0 3 0 0 8 2 1 0 0 1413 1558 2364 4586 3 0 1 0 1 15 3 0 1 1 1490 3685 321 3906 
0 1 3 1 0 2 5 4 0 1 511 4909 3690 1424 6 1 0 1 0 14 5 2 1 0 545 2737 358 4086 
5 1 3 0 0 8 2 1 1 0 721 4525 2709 562 3 1 0 0 0 15 3 0 1 0 954 3014 499 485 
1 0 3 1 0 2 0 4 0 1 939 4573 2186 1446 6 1 0 0 0 14 5 2 1 0 1039 2892 358 3953 
5 0 3 0 0 8 1 3 1 1 817 4832 2945 1382 3 0 1 0 0 3 3 0 1 0 860 4013 358 4086 
0 0 3 1 0 8 5 2 1 1 553 4573 2186 1382 3 1 0 1 0 1 5 4 1 0 954 4013 358 4086 
0 0 3 1 0 8 1 2 0 1 1073 4985 3463 591 6 0 0 2 0 14 5 2 1 0 968 2827 321 4086 
2 1 3 1 0 2 0 4 0 1 985 4573 2186 1446 6 0 0 1 0 14 5 3 1 0 1039 2892 453 4086 
6 0 0 1 0 2 5 4 0 1 888 4616 3281 591 6 1 0 0 0 14 0 0 1 0 1137 3014 499 485 
6 0 3 1 0 2 0 2 0 1 1047 4573 2558 1349 6 0 0 2 0 8 5 4 1 0 545 2737 321 3906 
6 0 3 0 0 8 1 3 1 1 770 4616 3228 1382 3 1 0 0 0 15 3 2 1 0 1067 4506 358 3710 
6 0 3 1 0 2 5 2 1 1 1069 4909 3276 1821 6 0 1 0 0 5 4 1 1 0 825 3208 95 4086 
0 0 3 1 0 2 4 4 0 1 938 4573 2186 1446 6 1 0 1 0 0 5 4 1 0 1127 2737 358 4086 
5 0 3 0 0 2 5 4 0 1 1073 4616 3281 591 6 1 0 0 0 14 5 0 1 0 825 2852 321 3906 
6 0 3 0 0 2 2 3 0 1 933 4781 3732 1664 6 0 0 0 0 6 4 2 1 0 1101 3014 499 485 
0 0 3 1 0 2 5 4 0 1 1073 4616 3281 591 6 0 0 0 0 13 4 4 1 0 1127 3478 232 3940 
6 0 3 1 0 2 3 4 0 1 1073 4928 2186 1009 6 0 0 0 0 14 5 4 1 0 1039 3014 358 4038 
5 0 3 0 0 2 2 2 0 0 985 4641 2951 1664 6 1 0 0 0 14 5 4 1 0 1039 2892 321 3906 
0 0 3 1 0 2 3 2 1 1 1073 4573 3723 1446 6 1 0 1 0 1 5 4 1 0 964 2737 321 4086 
6 0 3 1 0 2 1 1 1 1 600 4832 2619 591 6 0 0 0 0 0 3 0 1 0 1157 2964 321 3906 
0 0 3 1 0 2 0 3 0 1 868 4573 2186 1446 6 0 0 0 0 14 5 0 1 0 1053 2852 232 4086 
0 0 3 1 0 2 2 2 0 1 1068 4909 3690 1424 4 0 0 0 0 13 5 2 1 0 825 3208 157 4086 
0 1 3 1 0 8 1 4 0 1 1140 4781 2558 1349 6 0 0 1 0 4 5 4 1 0 1006 3014 95 3945 
5 1 3 0 0 8 1 1 1 0 1073 1558 4631 801 3 0 1 0 1 15 3 0 1 1 1490 3685 2174 2389 
0 0 3 1 0 2 5 2 1 1 1073 4616 3281 591 6 0 0 0 0 1 4 4 1 0 545 4746 95 4086 
6 0 3 1 0 2 0 2 0 1 1088 4616 3281 591 6 0 0 0 0 0 5 0 1 0 1084 3208 95 4086 
5 0 3 2 0 2 0 4 0 1 770 4573 2186 1446 6 1 0 1 0 3 5 4 1 0 999 2852 232 3940 
5 0 3 1 0 7 2 2 0 1 1073 4985 3732 2156 6 0 1 0 0 14 5 0 1 1 968 2737 232 3940 
6 0 3 1 0 2 2 0 0 1 1251 4525 3755 562 4 0 0 0 0 8 2 1 1 0 968 2737 321 3203 
6 0 3 1 0 2 5 4 0 1 985 4832 1890 1446 6 0 0 1 0 1 5 2 1 0 825 4886 95 4086 
5 1 3 0 0 3 2 3 1 1 938 4573 3405 953 6 0 0 0 0 0 5 3 1 0 1084 3208 95 4086 
6 0 3 1 0 2 2 4 0 1 1179 4781 2558 1349 4 0 0 0 0 5 4 1 1 0 825 3208 95 4086 
5 0 3 1 0 2 2 4 0 0 564 4616 3281 591 3 1 0 0 0 14 0 0 1 0 1137 3014 499 485 
6 0 3 1 0 2 0 3 0 1 1118 4641 2186 1446 6 1 0 1 0 14 5 2 1 0 551 4013 278 1326 
6 0 3 0 0 2 0 3 0 1 928 4896 2360 1382 6 0 0 0 0 8 4 0 1 0 968 2737 321 129 
0 0 3 1 0 2 5 4 0 1 1068 4641 2186 1311 6 0 0 0 0 14 0 0 1 0 1137 3014 499 485 
5 1 3 1 0 2 5 4 0 1 511 4909 3690 1424 6 0 0 2 0 14 5 2 1 0 545 2737 358 2023 
5 0 3 1 0 2 0 2 0 1 938 4573 3405 953 6 0 0 0 0 6 5 4 1 0 860 4013 358 4086 
6 1 0 1 0 2 2 1 1 1 680 4525 2186 1446 6 1 0 0 0 15 3 0 1 0 551 4013 278 1326 
6 0 3 1 0 2 5 4 0 1 1088 4616 3281 591 6 0 0 0 0 0 5 0 1 0 1084 3208 95 4086 
5 0 3 1 0 2 5 4 0 1 1068 4641 2186 1446 7 0 0 1 0 1 5 1 1 0 964 2737 321 4086 
5 1 3 1 0 2 5 4 0 1 985 4832 1890 591 6 0 0 0 0 14 5 4 1 0 1039 2892 232 4007 
5 0 3 0 0 8 2 2 1 1 938 4573 3405 953 6 0 0 0 0 6 4 4 1 0 1101 3014 499 4086 
6 0 3 1 0 2 3 4 1 1 651 4573 2186 1446 7 0 0 1 0 14 5 3 1 0 1039 2892 95 4086 
0 0 3 1 0 2 5 4 0 1 985 4781 3732 1296 6 1 0 1 0 14 5 2 1 1 545 2737 358 2023 
5 1 3 1 0 2 0 4 0 1 985 4573 2186 1446 6 0 0 0 0 14 2 0 1 1 545 2737 321 3906 
6 1 3 0 0 8 2 0 0 1 1009 4525 3755 562 4 0 0 0 0 15 3 0 1 0 551 3208 499 4086 
6 0 3 1 0 2 0 2 0 1 1088 4616 3281 584 6 1 0 1 0 14 5 4 1 0 825 3208 95 4086 
6 0 3 1 0 2 0 2 0 1 985 4832 3463 591 6 0 0 0 0 14 5 3 1 0 1143 4918 95 3906 
6 0 3 1 0 2 0 3 0 1 586 4985 2186 1446 6 0 0 1 0 14 5 3 1 0 1039 2892 95 4086 
0 0 3 1 0 2 5 4 1 1 967 4616 2186 1009 6 0 0 1 0 0 5 2 1 0 904 3014 358 4086 
5 1 3 0 0 8 2 1 1 1 600 1558 4631 4586 3 0 1 0 1 15 3 0 1 1 1490 3685 2174 485 
6 0 3 1 0 2 2 2 0 1 1073 4985 3732 2156 2 1 0 0 0 14 3 0 1 1 1490 3685 358 2023 
5 0 3 0 0 2 2 2 1 1 811 4781 1325 1446 6 1 0 1 0 0 5 4 1 0 999 2852 232 3940 
0 0 3 1 0 2 0 4 1 1 571 4573 3234 1986 6 0 0 1 0 14 5 4 1 0 1053 2852 95 4086 
5 1 3 1 0 2 2 4 0 1 1073 4641 2951 1664 6 0 0 1 0 14 5 4 1 0 1101 2471 321 4086 
5 0 3 1 0 2 5 4 0 1 770 4573 2186 1446 6 0 0 1 0 1 4 2 1 0 1039 2892 358 4086 
5 1 3 1 0 2 2 4 0 0 564 4616 3281 591 3 1 0 0 0 14 0 0 1 0 1137 3014 499 485 
6 0 3 1 0 2 0 4 0 1 511 4909 3690 267 6 0 0 0 0 14 5 2 1 0 954 3143 358 2373 
5 0 3 0 0 8 2 2 0 1 1073 4985 3463 591 6 0 0 2 0 14 5 2 1 0 968 2827 321 4086 
5 0 3 0 0 8 1 3 1 1 817 4832 2945 1382 3 1 1 0 1 15 3 0 1 0 1490 4918 95 3906 
0 0 3 1 0 2 5 4 0 1 1073 4985 2619 591 6 0 0 1 0 8 5 2 1 0 722 2852 232 3940 
6 0 3 0 0 2 5 2 1 1 1069 4909 3276 1821 6 0 0 0 0 14 5 4 1 0 1039 2892 358 4086 
0 0 3 1 0 2 5 4 0 1 1178 4525 2655 1446 6 1 0 1 0 8 4 4 1 0 860 4013 358 4086 
5 0 3 0 0 12 2 1 0 0 600 4832 3228 1382 3 0 0 0 0 14 3 0 1 0 1258 3685 1793 2389 
6 0 3 1 0 2 5 4 0 1 985 4832 1890 591 6 0 0 0 0 14 2 0 1 0 1039 2892 399 4086 
7 0 3 1 0 2 0 2 0 1 1047 4573 2186 1446 7 0 0 1 0 14 5 3 1 0 1039 2892 95 4086 
5 0 3 1 0 2 1 1 1 1 600 4832 2619 591 6 0 0 0 0 0 3 0 1 0 1112 4013 321 3906 
7 0 3 1 0 2 5 4 1 1 938 4573 2186 1446 6 0 0 1 0 6 5 2 1 0 752 2821 157 4086 
5 0 3 1 0 2 0 4 1 1 1051 4573 2186 1382 6 0 0 1 0 14 5 2 1 0 968 2737 321 3906 
5 0 3 1 0 2 5 4 0 1 600 4573 3889 492 6 0 0 1 0 14 5 4 1 0 1140 2892 95 4086 
5 1 3 0 0 6 2 1 0 0 1463 1558 4631 4586 3 1 1 0 1 4 3 0 1 0 1490 3560 278 485 
6 0 3 0 0 2 2 3 0 0 747 4525 3405 1446 7 1 0 0 0 12 0 4 1 0 551 4922 358 949 
7 0 3 1 0 2 0 3 1 1 868 4573 2186 1446 6 1 0 1 0 14 5 3 1 0 1039 2892 95 4086 
5 0 3 0 0 8 1 4 1 1 1190 4616 2186 1382 7 0 0 1 0 13 5 2 1 0 529 2852 232 3940 
6 0 3 1 1 2 2 2 0 0 985 4832 1016 591 6 0 0 0 0 0 5 4 1 0 1127 2737 95 3945 
6 1 3 1 0 2 2 2 0 1 1073 4985 3732 1446 6 1 0 1 0 1 5 4 1 0 860 4622 358 4086 
5 1 3 0 0 6 2 1 0 1 1159 4641 3405 591 6 0 0 0 0 8 4 4 1 0 860 4013 358 4086 
5 0 3 0 0 8 1 2 1 1 938 4573 2186 1446 7 0 0 2 0 5 4 2 1 0 904 3014 321 4086 
6 0 3 1 1 2 2 2 0 0 985 4832 3405 591 6 0 0 0 0 15 3 0 1 0 1490 2933 321 3906 
5 0 3 0 0 8 1 2 1 0 520 4525 2186 1446 6 0 0 0 0 14 4 2 1 0 722 2852 232 2328 
5 1 3 1 0 2 2 4 0 1 941 4985 3276 1832 6 1 0 1 0 1 5 4 1 0 1127 2737 358 2023 
5 0 3 1 0 2 3 4 1 1 1073 4573 1170 1446 6 1 0 1 0 0 5 4 1 0 1127 4922 358 4086 
0 1 3 1 0 2 0 2 1 1 985 4832 2744 591 7 0 0 0 0 13 5 4 1 0 752 4922 321 3906 
5 1 3 0 0 8 1 3 1 1 770 4616 3228 1382 3 1 0 0 0 2 3 4 1 0 1039 2892 358 4086 
6 0 3 1 0 8 1 4 1 1 938 4573 2186 1446 6 1 0 0 0 14 5 0 1 0 1063 3014 499 4086 
5 0 3 0 0 8 2 1 0 1 600 4832 3228 1382 5 1 0 0 0 4 3 2 1 0 825 2852 232 3940 
6 0 3 1 0 2 5 4 0 1 543 4781 3690 1424 6 0 0 0 0 15 4 0 1 0 968 2737 321 129 
5 1 3 0 1 8 2 0 0 1 1009 4525 3755 562 4 0 0 0 0 4 3 0 1 0 1490 3560 232 3940 
6 0 3 1 0 2 5 4 1 1 553 4573 3732 591 6 1 0 1 0 1 5 2 1 0 825 3208 95 4086 
0 0 3 1 0 2 2 4 0 1 770 4573 2186 1446 3 0 0 1 0 13 5 4 1 0 1067 4506 358 3710 
0 0 3 1 0 2 0 4 0 1 1073 4832 2619 591 6 1 0 1 0 1 5 2 1 0 825 3208 95 4086 
5 1 3 1 0 2 2 2 0 1 1068 4909 3690 1424 6 0 0 0 0 0 5 0 1 0 1084 3208 95 4086 
6 0 3 1 0 2 0 2 1 1 985 4832 2744 591 7 0 0 0 0 13 5 4 1 0 752 4922 1144 3906 
6 0 3 2 0 2 2 3 0 1 985 4832 1890 1446 6 0 0 1 0 1 5 2 1 0 825 4886 95 4086 
6 0 3 0 0 8 2 3 0 0 600 4832 3228 1382 6 1 0 0 0 15 3 0 1 0 1143 4922 95 4086 
7 1 3 1 0 2 5 4 1 1 988 4781 3732 1296 6 0 0 1 0 14 5 2 1 0 545 2737 358 2023 
6 0 3 1 0 6 2 3 1 1 1047 4641 3732 1872 6 0 0 0 0 4 3 0 1 0 545 4746 95 4086 
0 0 3 1 0 2 1 4 1 1 1073 4573 3723 1009 6 1 0 1 0 14 5 2 1 0 825 2852 232 3940 
5 1 3 1 0 2 2 4 0 1 941 4985 3276 1832 1 1 0 1 0 1 4 4 1 0 1127 2737 321 3906 
0 0 3 1 0 2 4 2 0 1 831 4573 3723 1446 6 1 0 1 0 0 5 4 1 0 1127 2737 321 4086 
5 0 3 1 0 2 1 1 1 1 600 4832 2619 591 6 0 0 0 0 0 3 0 1 0 1157 2964 321 3906 
5 1 3 1 0 8 1 3 1 1 1159 4641 3405 1382 3 1 0 0 0 15 5 4 1 0 1127 2737 358 4086 
0 0 3 1 0 8 1 4 0 1 1140 4781 2558 1349 6 0 0 1 0 1 5 4 1 1 825 2852 232 3940 
6 0 3 1 0 2 4 4 0 1 938 4573 2186 1446 6 1 0 1 0 14 5 0 1 0 825 2852 232 3940 
5 0 3 1 0 2 5 4 0 1 770 4781 2186 1446 7 0 0 1 0 1 5 2 1 0 964 2737 321 4086 
5 0 3 0 0 8 1 2 1 0 600 4876 3690 1451 6 0 0 0 0 14 3 0 1 1 1490 3685 358 2023 
6 0 3 1 0 2 3 4 1 1 1073 4573 3723 1446 6 1 0 1 0 3 5 4 1 0 999 2852 232 3940 
6 0 3 1 0 2 0 4 1 1 939 4573 2186 1446 6 1 0 0 0 14 5 2 1 0 1039 2892 358 3953 
5 1 3 0 0 8 2 3 0 0 620 4525 3130 562 3 0 1 0 1 15 3 0 1 0 825 4886 95 4086 
0 0 3 0 0 2 5 2 1 1 1055 4616 3281 591 6 0 0 0 0 0 5 0 1 0 545 2737 321 3906 
7 0 3 1 0 2 5 4 1 1 938 4573 2186 1446 6 0 0 0 0 6 5 2 1 0 752 2821 157 4086 
5 1 3 0 0 8 2 2 0 1 985 4573 2186 1446 6 1 0 1 0 14 5 0 1 0 825 2852 232 4007 
6 0 3 0 0 6 2 0 0 0 1413 4858 4631 1382 3 1 0 0 0 15 3 0 1 0 954 4013 358 4086 
6 0 3 1 0 8 2 0 0 1 1009 4525 3755 562 4 0 0 0 1 15 3 0 1 0 551 4013 278 1326 
5 1 3 0 0 8 2 1 1 0 984 4525 2709 562 3 1 0 0 0 15 3 0 1 0 545 4746 95 4086 
0 0 3 1 0 2 5 4 1 1 938 4573 2186 1446 7 0 0 0 0 5 4 1 1 0 1143 4918 95 3906 
5 1 3 0 0 6 2 3 0 0 620 4525 2709 562 3 0 1 0 0 15 3 0 1 1 1490 3685 2174 62 
6 0 3 0 0 8 2 3 0 0 600 4832 3228 1382 3 1 0 0 0 15 3 0 1 0 1143 4922 358 2023 
1 0 3 1 0 2 5 4 1 1 938 4573 2186 1446 7 0 0 2 0 8 5 4 1 0 947 2821 157 4086 
6 0 3 0 0 2 2 3 0 1 933 4781 3732 1664 0 0 0 0 0 6 4 2 1 0 1101 3014 499 4086 
6 0 3 1 0 2 2 2 0 0 1073 4985 3732 2156 6 1 0 0 0 15 3 0 1 1 954 3685 374 1624 
7 0 3 1 0 2 5 4 1 1 948 4573 2186 1382 7 1 0 1 0 1 5 4 1 0 1143 4230 95 4086 
5 1 2 0 0 8 2 1 0 1 1413 4525 3755 4586 3 1 1 0 1 11 3 0 1 0 1127 2737 95 485 
0 1 3 1 0 2 5 0 0 0 1140 4781 2558 1446 1 1 0 0 0 8 5 2 1 0 1039 2892 95 4086 
6 1 3 1 0 2 0 2 0 1 1047 4573 2558 1349 6 0 0 0 0 5 4 1 1 0 825 3208 95 4086 
5 0 3 1 0 8 1 3 1 1 1079 4641 3405 591 6 0 0 2 0 14 3 4 1 0 694 2569 95 4086 
6 0 3 1 0 2 0 2 0 1 985 4832 3463 591 6 0 0 0 0 14 3 0 1 0 1127 2569 358 4086 
5 1 3 0 0 6 2 3 0 1 1159 4641 3405 591 6 0 0 0 0 5 3 2 1 0 1133 4400 358 4086 
6 0 3 1 0 2 5 4 0 1 770 4573 2186 1446 6 0 0 1 0 1 5 2 1 0 1067 3014 358 4086 
2 0 3 1 0 2 5 4 0 1 941 4985 2186 1446 7 0 0 0 0 13 5 4 1 0 1084 3208 95 4086 
5 1 3 1 0 2 2 2 0 1 1068 4909 3690 1424 6 0 0 0 0 6 5 0 1 0 1490 4922 358 4086 
0 0 3 0 0 2 5 2 1 1 1055 4616 3281 591 6 0 0 0 0 0 4 0 1 0 544 2471 321 4086 
5 1 3 0 0 8 1 3 1 1 541 4616 3228 1382 3 1 0 0 0 2 3 4 1 0 871 4746 95 4086 
1 0 3 1 0 2 0 4 1 1 939 4573 2186 1446 6 1 0 0 0 14 5 2 1 0 1039 2892 358 3953 
5 0 3 1 0 2 5 4 0 1 1068 4641 2186 1446 7 0 0 1 0 1 5 2 1 0 964 2737 321 4086 
5 0 3 0 0 8 1 4 0 1 1159 4641 3405 591 6 0 0 1 0 8 4 4 1 0 860 4013 358 4086 
6 0 3 1 0 2 2 2 0 1 1073 4985 3732 2156 6 0 1 0 0 14 5 0 1 1 968 2737 232 3940 
5 1 3 0 0 8 2 1 1 1 600 4832 3228 671 3 1 1 0 1 15 3 0 1 0 1318 2737 321 129 
0 0 3 1 0 2 5 4 0 1 1179 4781 2558 1349 6 0 0 0 0 5 4 1 1 0 825 3208 95 4086 
6 1 3 1 0 2 5 4 0 0 1068 4909 3690 1424 6 0 0 0 0 13 5 4 1 0 1084 3208 95 4086 
0 0 3 1 0 2 2 4 0 0 564 4832 2360 1028 7 0 0 1 0 14 5 4 1 0 1039 2892 358 3906 
5 1 3 0 0 8 2 1 1 1 600 4832 3228 1382 3 0 0 0 0 6 3 0 1 0 954 4013 1635 4086 
5 0 3 0 0 8 1 2 0 1 600 4876 646 591 3 1 0 0 0 5 3 4 1 0 1127 2569 358 4086 
6 1 3 1 0 2 5 2 0 1 1069 4909 3276 1821 6 0 0 0 0 5 4 1 1 0 968 2737 321 129 
6 0 3 0 0 2 2 4 0 1 938 4573 2186 569 6 1 0 1 0 14 3 0 1 1 1490 3685 374 2389 
6 0 3 1 0 2 2 2 0 1 1073 4985 3732 2156 2 1 0 0 0 15 3 2 1 0 904 4663 358 1326 
6 0 3 1 0 2 0 4 1 1 553 4573 2186 1382 6 0 0 1 0 14 5 2 1 0 1127 4922 358 949 
7 1 3 1 0 2 5 4 1 1 988 4781 3732 1296 6 0 0 1 0 14 5 2 1 0 1039 2892 358 3953 
5 0 3 0 0 3 1 3 1 1 1159 4641 3405 591 6 0 0 0 0 15 3 2 1 0 959 2737 358 4038 
6 0 3 1 0 2 0 2 0 1 1140 4781 2558 1872 6 0 0 0 0 15 3 2 1 0 545 2737 321 3906 
6 0 3 1 0 2 2 2 1 1 553 4573 2186 1382 7 1 0 1 0 1 5 4 1 1 1127 2737 95 4086 
6 0 3 0 0 2 2 3 0 0 747 4525 3405 1446 7 1 0 0 0 12 0 4 1 0 551 4922 358 3906 
0 0 3 1 0 11 5 2 1 1 1069 4909 3276 1821 6 0 0 0 0 14 5 4 1 0 1039 2892 358 4086 
6 0 3 1 0 2 2 2 0 1 1073 4985 3732 2156 2 1 0 0 0 15 3 2 1 1 968 3596 232 3940 
5 1 3 1 0 2 0 4 1 1 1051 4573 2186 1382 7 1 0 0 0 0 5 4 1 0 545 2737 321 4086 
5 0 3 0 0 8 2 1 0 1 1128 4858 4631 1382 3 1 0 0 0 10 3 0 1 0 954 4013 358 4086 
0 0 3 1 0 2 5 4 0 1 552 4573 2096 755 6 1 0 0 0 1 4 4 1 0 1127 2737 321 3906 
6 0 3 1 0 2 5 4 1 1 938 4573 2186 1446 7 0 0 1 0 1 5 2 1 0 964 2737 321 4086 
5 1 3 0 0 6 2 1 0 1 1159 4641 3405 591 6 0 0 0 0 5 3 4 1 0 1127 4922 358 4086 
0 0 3 1 0 8 5 4 0 1 770 4573 2042 880 7 0 0 2 0 8 5 4 1 0 1039 2892 321 4086 
5 0 3 0 0 2 2 0 0 1 770 4641 2186 1136 6 0 0 0 0 1 5 4 1 0 1127 2737 358 2023 
6 0 3 1 0 2 0 2 0 1 985 4832 3463 591 6 0 0 0 0 14 5 3 1 0 999 2852 95 4086 
6 1 3 0 0 2 5 4 0 1 985 4832 4368 591 6 0 0 0 0 4 5 2 1 0 1067 2737 321 3906 
5 0 3 0 0 8 2 1 0 0 1073 1558 4631 4586 3 1 1 0 1 15 3 0 1 1 1490 3685 358 2023 
7 0 3 1 0 2 0 4 0 1 985 4573 2186 775 7 1 0 1 0 1 5 4 1 0 1127 2737 95 4086 
5 0 2 1 0 2 2 4 0 1 564 4832 2360 1028 7 1 0 0 0 14 4 4 1 0 1063 3014 499 4086 
6 0 3 1 0 2 5 2 0 1 1069 4909 3276 1821 6 0 0 0 0 5 4 1 1 0 968 2737 321 129 
5 0 3 1 0 2 3 4 1 1 1073 4928 2186 1009 6 0 0 0 0 6 5 2 1 0 1039 3014 358 4038 
6 0 3 1 0 2 5 4 0 1 1281 4573 2186 1446 6 0 0 1 0 13 5 2 1 0 825 4479 157 4086 
6 0 3 1 1 2 1 2 0 0 985 4832 3405 591 6 1 0 0 0 6 5 2 1 0 1101 2471 321 4086 
5 0 3 0 0 4 1 4 0 1 1069 4909 3276 1821 6 0 0 0 0 14 5 4 1 0 1039 2892 358 4086 
6 0 3 1 0 2 0 2 0 1 985 4832 3463 591 6 0 0 0 0 14 5 2 1 0 968 2827 321 4086 
6 0 3 1 0 2 0 4 1 1 939 4573 2186 1446 6 1 0 0 0 14 5 2 1 0 545 2737 358 2023 
5 0 3 0 0 8 2 2 0 1 938 4573 3405 953 6 0 0 0 0 6 4 2 1 0 1101 3208 95 4086 
0 0 3 1 0 2 5 0 0 0 1140 4781 2558 1446 6 1 0 0 0 13 5 2 1 0 529 2852 232 3940 
5 0 3 1 0 2 2 2 0 1 1068 4909 3690 1424 6 1 1 0 1 4 3 0 1 1 1490 3685 374 2389 
5 0 3 0 0 2 2 2 0 0 1073 4985 3732 2156 6 1 1 0 0 15 3 0 1 0 954 2737 321 4086 
6 0 3 1 0 6 2 1 0 1 1159 4641 3405 591 6 0 0 0 0 5 3 4 1 0 1127 4922 358 778 
0 0 3 1 0 2 5 4 1 1 938 4573 2186 1559 7 0 0 1 0 1 5 2 1 0 964 2737 95 3945 
6 1 3 1 0 2 0 4 0 1 511 4909 3690 267 6 0 0 0 0 14 5 2 1 0 954 4013 358 2373 
6 0 3 1 0 2 5 4 0 1 985 4832 1890 591 6 0 0 0 0 14 2 4 1 0 1127 3478 232 3940 
2 0 3 1 0 2 5 4 0 1 1178 4525 2655 1446 6 1 0 1 0 8 5 4 1 0 1157 2964 321 3906 
5 0 3 0 0 2 1 2 0 0 600 4876 3690 1451 6 0 0 0 0 15 3 2 1 0 545 2737 358 4086 
0 0 3 1 0 2 4 4 0 1 938 4573 2186 1446 6 0 0 1 0 14 5 0 1 0 1039 2892 358 4086 
5 1 3 0 0 8 2 0 0 0 1009 4525 3755 4203 4 0 0 0 0 15 3 0 1 0 1172 2852 217 949 
0 0 3 1 0 2 5 4 0 1 511 4909 3690 1424 6 1 0 1 0 14 1 2 1 0 545 2737 358 2023 
5 0 3 1 0 2 1 1 1 1 600 4832 3281 591 6 0 0 0 0 1 2 4 1 0 1127 2737 232 3940 
6 0 3 1 0 2 2 0 0 1 1009 4525 3755 562 4 0 0 0 0 15 3 2 1 0 545 2737 358 2023 
6 0 3 1 0 2 2 2 1 0 1073 4985 3732 2156 6 1 0 0 0 15 3 0 1 0 954 2737 321 2851 
5 0 3 0 0 2 2 4 0 1 520 4525 2186 1446 6 0 0 2 0 4 5 4 1 0 545 2852 232 3940 
5 1 3 0 0 8 2 1 1 1 600 1558 4631 4586 3 0 1 0 1 15 3 0 1 1 1490 3685 2174 2389 
